00083526 09/02/2020 1200 5       
00083526 10/02/2020 1200 14      
00083526 11/02/2020 1200 2       
00083526 12/02/2020 1200 30      
00083526 13/02/2020 1200 2       
00083526 14/02/2020 1200 1       
00083526 15/02/2020 1200 4       
00083526 16/02/2020 1200 1       
00083526 17/02/2020 1200 0.3     
00083526 18/02/2020 1200 75      
00083526 19/02/2020 1200 0.3     
00083526 20/02/2020 1200 14      
00083526 21/02/2020 1200 0.3     
00083526 22/02/2020 1200 5       
00083526 23/02/2020 1200 5       
00083526 24/02/2020 1200 12      
00083526 25/02/2020 1200 10      
00083526 26/02/2020 1200 6       
00083526 27/02/2020 1200 32      
00083526 28/02/2020 1200 5       
00083526 29/02/2020 1200 70      
00083526 01/03/2020 1200 15      
00083526 02/03/2020 1200 31.9    
00083526 03/03/2020 1200 2       
00083526 04/03/2020 1200 0       
00083526 05/03/2020 1200 6       
00083526 06/03/2020 1200 37      
00083526 07/03/2020 0000 -       
00083526 08/03/2020 1200 0       
00083526 09/03/2020 1200 0       
00083526 10/03/2020 1200 0       
00083526 11/03/2020 1200 0       
00083526 12/03/2020 1200 0       
00083526 13/03/2020 1200 8       
00083526 14/03/2020 1200 2       
00083526 15/03/2020 1200 0       
00083526 16/03/2020 1200 0       
00083526 17/03/2020 1200 0       
00083526 18/03/2020 1200 0       
00083526 19/03/2020 1200 0       
00083526 20/03/2020 1200 4       
00083526 21/03/2020 1200 0       
00083526 22/03/2020 1200 60      
00083526 23/03/2020 1200 0       
00083526 24/03/2020 1200 0       
00083526 25/03/2020 1200 0       
00083526 26/03/2020 1200 0.0