00083378 09/02/2020 1200 4       
00083378 10/02/2020 1200 1       
00083378 11/02/2020 1200 0       
00083378 12/02/2020 1200 0       
00083378 13/02/2020 1200 6       
00083378 14/02/2020 1200 16      
00083378 15/02/2020 1200 0       
00083378 16/02/2020 1200 0       
00083378 17/02/2020 1200 7       
00083378 18/02/2020 1200 0       
00083378 19/02/2020 1200 0       
00083378 20/02/2020 1200 0       
00083378 21/02/2020 1200 4       
00083378 22/02/2020 1200 2       
00083378 23/02/2020 1200 16      
00083378 24/02/2020 1200 2       
00083378 25/02/2020 1200 6       
00083378 26/02/2020 1200 0       
00083378 27/02/2020 1200 0       
00083378 28/02/2020 1200 0       
00083378 29/02/2020 1200 10      
00083378 01/03/2020 1200 2       
00083378 02/03/2020 1200 1       
00083378 03/03/2020 1200 62      
00083378 04/03/2020 1200 0       
00083378 05/03/2020 1200 0       
00083378 06/03/2020 1200 18      
00083378 07/03/2020 1200 5       
00083378 08/03/2020 1200 1       
00083378 09/03/2020 1200 1       
00083378 10/03/2020 1200 0       
00083378 11/03/2020 1200 0       
00083378 12/03/2020 1200 0       
00083378 13/03/2020 1200 0       
00083378 14/03/2020 1200 0       
00083378 15/03/2020 1200 0       
00083378 16/03/2020 1200 0       
00083378 17/03/2020 1200 0       
00083378 18/03/2020 1200 0       
00083378 19/03/2020 1200 0       
00083378 20/03/2020 1200 26      
00083378 21/03/2020 1200 1       
00083378 22/03/2020 1200 0       
00083378 23/03/2020 1200 5       
00083378 24/03/2020 1200 20      
00083378 25/03/2020 1200 10      
00083378 26/03/2020 1200 11.053865670070978