00083423 09/02/2020 1200 5       
00083423 10/02/2020 1200 1       
00083423 11/02/2020 1200 2       
00083423 12/02/2020 1200 0       
00083423 13/02/2020 1200 16      
00083423 14/02/2020 1200 2       
00083423 15/02/2020 1200 20      
00083423 16/02/2020 1200 12      
00083423 17/02/2020 1200 9       
00083423 18/02/2020 1200 7       
00083423 19/02/2020 1200 0       
00083423 20/02/2020 1200 2       
00083423 21/02/2020 1200 3       
00083423 22/02/2020 1200 2       
00083423 23/02/2020 1200 68      
00083423 24/02/2020 1200 24      
00083423 25/02/2020 1200 1       
00083423 26/02/2020 1200 6       
00083423 27/02/2020 1200 5       
00083423 28/02/2020 1200 30      
00083423 29/02/2020 1200 4       
00083423 01/03/2020 1200 5       
00083423 02/03/2020 1200 6       
00083423 03/03/2020 1200 23      
00083423 04/03/2020 1200 20      
00083423 05/03/2020 1200 9       
00083423 06/03/2020 1200 24      
00083423 07/03/2020 0000 -       
00083423 08/03/2020 1200 0       
00083423 09/03/2020 1200 2       
00083423 10/03/2020 1200 0       
00083423 11/03/2020 1200 0       
00083423 12/03/2020 1200 0       
00083423 13/03/2020 1200 0       
00083423 14/03/2020 1200 10      
00083423 15/03/2020 1200 0.5     
00083423 16/03/2020 1200 0       
00083423 17/03/2020 1200 0       
00083423 18/03/2020 1200 0       
00083423 19/03/2020 1200 0.7     
00083423 20/03/2020 1200 7       
00083423 21/03/2020 1200 0       
00083423 22/03/2020 1200 0       
00083423 23/03/2020 1200 0       
00083423 24/03/2020 1200 16      
00083423 25/03/2020 1200 0.2     
00083423 26/03/2020 1200 3.391671875023377