00083522 09/02/2020 1200 1       
00083522 10/02/2020 1200 4       
00083522 11/02/2020 1200 3       
00083522 12/02/2020 1200 5       
00083522 13/02/2020 1200 1       
00083522 14/02/2020 1200 0       
00083522 15/02/2020 1200 0       
00083522 16/02/2020 1200 0       
00083522 17/02/2020 1200 0       
00083522 18/02/2020 1200 0       
00083522 19/02/2020 1200 0.3     
00083522 20/02/2020 1200 0       
00083522 21/02/2020 1200 4       
00083522 22/02/2020 1200 86      
00083522 23/02/2020 1200 5       
00083522 24/02/2020 1200 130     
00083522 25/02/2020 1200 14      
00083522 26/02/2020 1200 5       
00083522 27/02/2020 1200 51      
00083522 28/02/2020 1200 39      
00083522 29/02/2020 1200 21      
00083522 01/03/2020 1200 5       
00083522 02/03/2020 1200 35      
00083522 03/03/2020 1200 3       
00083522 04/03/2020 1200 0.4     
00083522 05/03/2020 1200 0       
00083522 06/03/2020 1200 7       
00083522 07/03/2020 0000 -       
00083522 08/03/2020 1200 0       
00083522 09/03/2020 1200 0.5     
00083522 10/03/2020 1200 0       
00083522 11/03/2020 1200 4       
00083522 12/03/2020 1200 0       
00083522 13/03/2020 1200 0       
00083522 14/03/2020 1200 0       
00083522 15/03/2020 1200 0       
00083522 16/03/2020 1200 0       
00083522 17/03/2020 1200 0       
00083522 18/03/2020 1200 0       
00083522 19/03/2020 0000 -       
00083522 20/03/2020 1200 0.6     
00083522 21/03/2020 1200 4       
00083522 22/03/2020 1200 4       
00083522 23/03/2020 0000 -       
00083522 24/03/2020 0000 -       
00083522 25/03/2020 1200 0       
00083522 26/03/2020 1200 0.0