01547002 09/02/2020 1000 7       
01547002 10/02/2020 1000 2       
01547002 11/02/2020 1000 0.4     
01547002 12/02/2020 1000 4.4     
01547002 13/02/2020 1000 2.8     
01547002 14/02/2020 1000 0.4     
01547002 15/02/2020 1000 1       
01547002 16/02/2020 1000 1       
01547002 17/02/2020 1000 0.2     
01547002 18/02/2020 1000 0       
01547002 19/02/2020 1000 0       
01547002 20/02/2020 1000 0       
01547002 21/02/2020 1000 13.2    
01547002 22/02/2020 1000 0.2     
01547002 23/02/2020 1000 22.8    
01547002 24/02/2020 1000 0.4     
01547002 25/02/2020 1000 9.4     
01547002 26/02/2020 1000 23.4    
01547002 27/02/2020 1000 1.8     
01547002 28/02/2020 1000 0.8     
01547002 29/02/2020 1000 0.4     
01547002 01/03/2020 1000 16      
01547002 02/03/2020 1000 0       
01547002 03/03/2020 1000 28.2    
01547002 04/03/2020 1000 0       
01547002 05/03/2020 1000 0       
01547002 06/03/2020 1000 21.6    
01547002 07/03/2020 1000 4.6     
01547002 08/03/2020 1000 26.2    
01547002 09/03/2020 1000 11.4    
01547002 10/03/2020 1000 0       
01547002 11/03/2020 1000 0       
01547002 12/03/2020 1000 0.2     
01547002 13/03/2020 1000 3.8     
01547002 14/03/2020 1000 0       
01547002 15/03/2020 1000 1.4     
01547002 16/03/2020 1000 0       
01547002 17/03/2020 1000 0       
01547002 18/03/2020 1000 0.2     
01547002 19/03/2020 1000 0       
01547002 20/03/2020 1000 0.8     
01547002 21/03/2020 1000 0       
01547002 22/03/2020 1000 0       
01547002 23/03/2020 1000 22.6    
01547002 24/03/2020 1000 33.8    
01547002 25/03/2020 1000 23      
01547002 26/03/2020 1000 26.96624375005524