01648028 09/02/2020 1000 1.2     
01648028 10/02/2020 1000 0       
01648028 11/02/2020 1000 0       
01648028 12/02/2020 1000 0       
01648028 13/02/2020 1000 4.2     
01648028 14/02/2020 1000 0       
01648028 15/02/2020 1000 8.5     
01648028 16/02/2020 1000 3.5     
01648028 17/02/2020 1000 1       
01648028 18/02/2020 1000 4       
01648028 19/02/2020 1000 0       
01648028 20/02/2020 1000 9       
01648028 21/02/2020 1000 5       
01648028 22/02/2020 1000 8       
01648028 23/02/2020 1000 2.5     
01648028 24/02/2020 1000 4       
01648028 25/02/2020 1000 12      
01648028 26/02/2020 1000 7       
01648028 27/02/2020 1000 27      
01648028 28/02/2020 1000 2.25    
01648028 29/02/2020 1000 16.75   
01648028 01/03/2020 1000 4.25    
01648028 02/03/2020 1000 0.25    
01648028 03/03/2020 1000 15      
01648028 04/03/2020 1000 0.25    
01648028 05/03/2020 1000 0       
01648028 06/03/2020 1000 19.75   
01648028 07/03/2020 1000 8.75    
01648028 08/03/2020 1000 3.5     
01648028 09/03/2020 1000 0       
01648028 10/03/2020 1000 0       
01648028 11/03/2020 1000 0       
01648028 12/03/2020 1000 0       
01648028 13/03/2020 1000 0       
01648028 14/03/2020 1000 0       
01648028 15/03/2020 1000 0       
01648028 16/03/2020 1000 0       
01648028 17/03/2020 1000 0       
01648028 18/03/2020 1000 0       
01648028 19/03/2020 1000 0       
01648028 20/03/2020 1000 20      
01648028 21/03/2020 1000 0       
01648028 22/03/2020 1000 0       
01648028 23/03/2020 1000 1.5     
01648028 24/03/2020 1000 14      
01648028 25/03/2020 1000 15      
01648028 26/03/2020 1000 21.03682395321546