01647025 09/02/2020 1000 1.4     
01647025 10/02/2020 1000 2.2     
01647025 11/02/2020 1000 3.8     
01647025 12/02/2020 1000 3       
01647025 13/02/2020 1000 43.4    
01647025 14/02/2020 1000 0.2     
01647025 15/02/2020 1000 28.4    
01647025 16/02/2020 1000 26.4    
01647025 17/02/2020 1000 83.2    
01647025 18/02/2020 1000 56.2    
01647025 19/02/2020 1000 0       
01647025 20/02/2020 1000 0       
01647025 21/02/2020 1000 0       
01647025 22/02/2020 1000 0.6     
01647025 23/02/2020 1000 7.2     
01647025 24/02/2020 1000 2.8     
01647025 25/02/2020 1000 3.8     
01647025 26/02/2020 1000 0       
01647025 27/02/2020 1000 9.6     
01647025 28/02/2020 1000 0.2     
01647025 29/02/2020 1000 5.8     
01647025 01/03/2020 1000 9.6     
01647025 02/03/2020 1000 9.4     
01647025 03/03/2020 1000 21.4    
01647025 04/03/2020 1000 8.8     
01647025 05/03/2020 1000 0       
01647025 06/03/2020 1000 10      
01647025 07/03/2020 1000 13.8    
01647025 08/03/2020 1000 53.8    
01647025 09/03/2020 1000 8.6     
01647025 10/03/2020 1000 0.2     
01647025 11/03/2020 1000 0       
01647025 12/03/2020 1000 0.2     
01647025 13/03/2020 1000 0       
01647025 14/03/2020 1000 0       
01647025 15/03/2020 1000 0       
01647025 16/03/2020 1000 0       
01647025 17/03/2020 1000 0       
01647025 18/03/2020 1000 0       
01647025 19/03/2020 1000 0       
01647025 20/03/2020 1000 28.4    
01647025 21/03/2020 1000 0.6     
01647025 22/03/2020 1000 18.4    
01647025 23/03/2020 1000 10      
01647025 24/03/2020 1000 51.6    
01647025 25/03/2020 1000 3       
01647025 26/03/2020 1000 11.53467499999476