01749013 09/02/2020 1000 5.4     
01749013 10/02/2020 1000 1       
01749013 11/02/2020 1000 2.2     
01749013 12/02/2020 1000 0       
01749013 13/02/2020 1000 4.8     
01749013 14/02/2020 1000 1.6     
01749013 15/02/2020 1000 2       
01749013 16/02/2020 1000 0       
01749013 17/02/2020 1000 13.2    
01749013 18/02/2020 1000 36      
01749013 19/02/2020 1000 6.2     
01749013 20/02/2020 1000 0.2     
01749013 21/02/2020 1000 1.6     
01749013 22/02/2020 1000 1.6     
01749013 23/02/2020 1000 13.4    
01749013 24/02/2020 1000 15      
01749013 25/02/2020 1000 6.2     
01749013 26/02/2020 1000 0.6     
01749013 27/02/2020 1000 35      
01749013 28/02/2020 1000 20.2    
01749013 29/02/2020 1000 3.6     
01749013 01/03/2020 1000 18.2    
01749013 02/03/2020 1000 9.2     
01749013 03/03/2020 1000 30.6    
01749013 04/03/2020 1000 0.2     
01749013 05/03/2020 1000 0.4     
01749013 06/03/2020 1000 17.8    
01749013 07/03/2020 1000 0       
01749013 08/03/2020 1000 0       
01749013 09/03/2020 1000 0       
01749013 10/03/2020 1000 0       
01749013 11/03/2020 1000 0       
01749013 12/03/2020 1000 0       
01749013 13/03/2020 1000 0       
01749013 14/03/2020 1000 4.2     
01749013 15/03/2020 1000 0       
01749013 16/03/2020 1000 0       
01749013 17/03/2020 1000 0       
01749013 18/03/2020 1000 0       
01749013 19/03/2020 1000 1.2     
01749013 20/03/2020 1000 6.8     
01749013 21/03/2020 1000 0.8     
01749013 22/03/2020 1000 10.2    
01749013 23/03/2020 1000 6       
01749013 24/03/2020 1000 11.6    
01749013 25/03/2020 1000 0       
01749013 26/03/2020 1000 5.504897863332992