01848053 09/02/2020 1000 15      
01848053 10/02/2020 1000 5       
01848053 11/02/2020 1000 5       
01848053 12/02/2020 1000 20      
01848053 13/02/2020 1000 20      
01848053 14/02/2020 1000 20      
01848053 15/02/2020 1000 0       
01848053 16/02/2020 1000 2       
01848053 17/02/2020 1000 2       
01848053 18/02/2020 1000 20      
01848053 19/02/2020 1000 10      
01848053 20/02/2020 1000 0       
01848053 21/02/2020 1000 0       
01848053 22/02/2020 1000 5.6     
01848053 23/02/2020 1000 8.8     
01848053 24/02/2020 1000 13.8    
01848053 25/02/2020 1000 6.4     
01848053 26/02/2020 1000 8       
01848053 27/02/2020 1000 10.6    
01848053 28/02/2020 1000 24.6    
01848053 29/02/2020 1000 24      
01848053 01/03/2020 1000 2       
01848053 02/03/2020 1000 21.2    
01848053 03/03/2020 1000 0.2     
01848053 04/03/2020 1000 0.2     
01848053 05/03/2020 1000 0       
01848053 06/03/2020 1000 0       
01848053 07/03/2020 1000 2.6     
01848053 08/03/2020 1000 0.2     
01848053 09/03/2020 1000 0.2     
01848053 10/03/2020 1000 0       
01848053 11/03/2020 1000 0       
01848053 12/03/2020 1000 0       
01848053 13/03/2020 1000 14.6    
01848053 14/03/2020 1000 0.4     
01848053 15/03/2020 1000 0.2     
01848053 16/03/2020 1000 0       
01848053 17/03/2020 1000 0.2     
01848053 18/03/2020 1000 0       
01848053 19/03/2020 1000 0       
01848053 20/03/2020 1000 3.2     
01848053 21/03/2020 1000 1.4     
01848053 22/03/2020 1000 8.4     
01848053 23/03/2020 1000 8.8     
01848053 24/03/2020 1000 0       
01848053 25/03/2020 1000 0.2     
01848053 26/03/2020 1000 0.0