01846026 09/02/2020 1000 11      
01846026 10/02/2020 1000 4       
01846026 11/02/2020 1000 8       
01846026 12/02/2020 1000 6       
01846026 13/02/2020 1000 7       
01846026 14/02/2020 1000 5       
01846026 15/02/2020 1000 52      
01846026 16/02/2020 1000 0       
01846026 17/02/2020 1000 0       
01846026 18/02/2020 1000 0       
01846026 19/02/2020 1000 0       
01846026 20/02/2020 1000 0       
01846026 21/02/2020 1000 0       
01846026 22/02/2020 1000 15      
01846026 23/02/2020 1000 5       
01846026 24/02/2020 1000 19      
01846026 25/02/2020 1000 35      
01846026 26/02/2020 1000 7       
01846026 27/02/2020 1000 10      
01846026 28/02/2020 1000 0       
01846026 29/02/2020 1000 13      
01846026 01/03/2020 1000 1       
01846026 02/03/2020 1000 84      
01846026 03/03/2020 1000 2       
01846026 04/03/2020 1000 0       
01846026 05/03/2020 1000 0       
01846026 06/03/2020 1000 5       
01846026 07/03/2020 1000 4       
01846026 08/03/2020 1000 0       
01846026 09/03/2020 1000 0       
01846026 10/03/2020 1000 7       
01846026 11/03/2020 1000 0       
01846026 12/03/2020 1000 0       
01846026 13/03/2020 1000 0       
01846026 14/03/2020 1000 0       
01846026 15/03/2020 1000 16      
01846026 16/03/2020 1000 0       
01846026 17/03/2020 1000 0       
01846026 18/03/2020 1000 18      
01846026 19/03/2020 1000 11      
01846026 20/03/2020 1000 0       
01846026 21/03/2020 1000 10      
01846026 22/03/2020 1000 43      
01846026 23/03/2020 1000 6       
01846026 24/03/2020 1000 0       
01846026 25/03/2020 1000 0       
01846026 26/03/2020 1000 0.0