99990003 09/02/2020 1200 2.6     
99990003 10/02/2020 1200 3.2     
99990003 11/02/2020 1200 1       
99990003 12/02/2020 1200 0       
99990003 13/02/2020 1200 1.8     
99990003 14/02/2020 1200 0       
99990003 15/02/2020 1200 0       
99990003 16/02/2020 1200 0       
99990003 17/02/2020 1200 0       
99990003 18/02/2020 1200 19      
99990003 19/02/2020 1200 1       
99990003 20/02/2020 1200 0.2     
99990003 21/02/2020 1200 3.6     
99990003 22/02/2020 1200 1.6     
99990003 23/02/2020 1200 3.4     
99990003 24/02/2020 1200 7.4     
99990003 25/02/2020 1200 3.2     
99990003 26/02/2020 1200 0.8     
99990003 27/02/2020 1200 26      
99990003 28/02/2020 1200 1       
99990003 29/02/2020 1200 70.6    
99990003 01/03/2020 1200 4.8     
99990003 02/03/2020 1200 33.4    
99990003 03/03/2020 1200 0.2     
99990003 04/03/2020 1200 0       
99990003 05/03/2020 1200 26.6    
99990003 06/03/2020 1200 2.4     
99990003 07/03/2020 1200 16.4    
99990003 08/03/2020 1200 0.2     
99990003 09/03/2020 1200 0       
99990003 10/03/2020 1200 0       
99990003 11/03/2020 1200 0       
99990003 12/03/2020 1200 0       
99990003 13/03/2020 1200 0       
99990003 14/03/2020 1200 1.2     
99990003 15/03/2020 1200 0       
99990003 16/03/2020 1200 0       
99990003 17/03/2020 1200 0       
99990003 18/03/2020 1200 0       
99990003 19/03/2020 1200 0       
99990003 20/03/2020 1200 3.6     
99990003 21/03/2020 1200 0.2     
99990003 22/03/2020 1200 0       
99990003 23/03/2020 1200 10.2    
99990003 24/03/2020 1200 1       
99990003 25/03/2020 1200 0       
99990003 26/03/2020 1200 0.07270608940613058