99990037 09/02/2020 1200 7.8     
99990037 10/02/2020 1200 3.6     
99990037 11/02/2020 1200 0       
99990037 12/02/2020 1200 1.6     
99990037 13/02/2020 1200 40.2    
99990037 14/02/2020 1200 4.4     
99990037 15/02/2020 1200 28.6    
99990037 16/02/2020 1200 9.8     
99990037 17/02/2020 1200 2.2     
99990037 18/02/2020 1200 14      
99990037 19/02/2020 1200 0       
99990037 20/02/2020 1200 6.4     
99990037 21/02/2020 1200 0.2     
99990037 22/02/2020 1200 19.2    
99990037 23/02/2020 1200 33.6    
99990037 24/02/2020 1200 80.4    
99990037 25/02/2020 1200 24.8    
99990037 26/02/2020 1200 13.4    
99990037 27/02/2020 1200 9.8     
99990037 28/02/2020 1200 51.4    
99990037 29/02/2020 1200 6.6     
99990037 01/03/2020 1200 11.4    
99990037 02/03/2020 1200 5.4     
99990037 03/03/2020 1200 21      
99990037 04/03/2020 1200 0.2     
99990037 05/03/2020 1200 0       
99990037 06/03/2020 1200 22.4    
99990037 07/03/2020 1200 1.2     
99990037 08/03/2020 1200 0       
99990037 09/03/2020 1200 2.2     
99990037 10/03/2020 1200 0.2     
99990037 11/03/2020 1200 12.4    
99990037 12/03/2020 1200 0       
99990037 13/03/2020 1200 0       
99990037 14/03/2020 1200 0       
99990037 15/03/2020 1200 0       
99990037 16/03/2020 1200 1.2     
99990037 17/03/2020 1200 0       
99990037 18/03/2020 1200 0       
99990037 19/03/2020 1200 3       
99990037 20/03/2020 1200 13.4    
99990037 21/03/2020 1200 0.2     
99990037 22/03/2020 1200 0       
99990037 23/03/2020 1200 3.4     
99990037 24/03/2020 1200 53.2    
99990037 25/03/2020 1200 0       
99990037 26/03/2020 1200 4.513893106664701