99990045 09/02/2020 1200 8.2     
99990045 10/02/2020 1200 3       
99990045 11/02/2020 1200 22.4    
99990045 12/02/2020 1200 11      
99990045 13/02/2020 1200 4.8     
99990045 14/02/2020 1200 5.8     
99990045 15/02/2020 1200 1.4     
99990045 16/02/2020 1200 1.8     
99990045 17/02/2020 1200 0       
99990045 18/02/2020 1200 0       
99990045 19/02/2020 1200 0       
99990045 20/02/2020 1200 0       
99990045 21/02/2020 1200 19.6    
99990045 22/02/2020 1200 0.2     
99990045 23/02/2020 1200 0       
99990045 24/02/2020 1200 2.2     
99990045 25/02/2020 1200 28.8    
99990045 26/02/2020 1200 11.8    
99990045 27/02/2020 1200 18      
99990045 28/02/2020 1200 2.4     
99990045 29/02/2020 1200 0       
99990045 01/03/2020 1200 32.8    
99990045 02/03/2020 1200 0.2     
99990045 03/03/2020 1200 22      
99990045 04/03/2020 1200 0.4     
99990045 05/03/2020 1200 0       
99990045 06/03/2020 1200 20.4    
99990045 07/03/2020 1200 11.2    
99990045 08/03/2020 1200 6.6     
99990045 09/03/2020 1200 7.8     
99990045 10/03/2020 1200 0       
99990045 11/03/2020 1200 0       
99990045 12/03/2020 1200 0.4     
99990045 13/03/2020 1200 2       
99990045 14/03/2020 1200 0       
99990045 15/03/2020 1200 3.2     
99990045 16/03/2020 1200 0       
99990045 17/03/2020 1200 0       
99990045 18/03/2020 1200 0       
99990045 19/03/2020 1200 0       
99990045 20/03/2020 1200 0       
99990045 21/03/2020 1200 0.2     
99990045 22/03/2020 1200 0.2     
99990045 23/03/2020 1200 42.4    
99990045 24/03/2020 1200 45.8    
99990045 25/03/2020 1200 42.4    
99990045 26/03/2020 1200 15.797339834269868