99990036 09/02/2020 1200 11.8    
99990036 10/02/2020 1200 4.4     
99990036 11/02/2020 1200 0       
99990036 12/02/2020 1200 1.6     
99990036 13/02/2020 1200 19.2    
99990036 14/02/2020 1200 0       
99990036 15/02/2020 1200 0       
99990036 16/02/2020 1200 7       
99990036 17/02/2020 1200 16      
99990036 18/02/2020 1200 0       
99990036 19/02/2020 1200 0       
99990036 20/02/2020 1200 0       
99990036 21/02/2020 1200 0.2     
99990036 22/02/2020 1200 4.6     
99990036 23/02/2020 1200 1       
99990036 24/02/2020 1200 34.6    
99990036 25/02/2020 1200 1.4     
99990036 26/02/2020 1200 19.2    
99990036 27/02/2020 1200 2.2     
99990036 28/02/2020 1200 0.2     
99990036 29/02/2020 1200 0       
99990036 01/03/2020 1200 39.2    
99990036 02/03/2020 1200 4.6     
99990036 03/03/2020 1200 58.6    
99990036 04/03/2020 1200 0.2     
99990036 05/03/2020 1200 4.8     
99990036 06/03/2020 1200 28.2    
99990036 07/03/2020 1200 6.6     
99990036 08/03/2020 1200 15      
99990036 09/03/2020 1200 0.2     
99990036 10/03/2020 1200 0.2     
99990036 11/03/2020 1200 0       
99990036 12/03/2020 1200 0.2     
99990036 13/03/2020 1200 0       
99990036 14/03/2020 1200 0       
99990036 15/03/2020 1200 0       
99990036 16/03/2020 1200 0       
99990036 17/03/2020 1200 0       
99990036 18/03/2020 1200 0.4     
99990036 19/03/2020 1200 0       
99990036 20/03/2020 1200 78.2    
99990036 21/03/2020 1200 2       
99990036 22/03/2020 1200 15      
99990036 23/03/2020 1200 13      
99990036 24/03/2020 1200 34      
99990036 25/03/2020 1200 1.4     
99990036 26/03/2020 1200 2.497734399143945