01348004 07/02/2020 1000 53.4    
01348004 08/02/2020 1000 54.2    
01348004 09/02/2020 1000 18.8    
01348004 10/02/2020 1000 3.6     
01348004 11/02/2020 1000 0       
01348004 12/02/2020 1000 0       
01348004 13/02/2020 1000 9       
01348004 14/02/2020 1000 0.2     
01348004 15/02/2020 1000 0       
01348004 16/02/2020 1000 14.8    
01348004 17/02/2020 1000 0       
01348004 18/02/2020 1000 6       
01348004 19/02/2020 1000 0       
01348004 20/02/2020 1000 2.2     
01348004 21/02/2020 1000 0       
01348004 22/02/2020 1000 0       
01348004 23/02/2020 1000 20.2    
01348004 24/02/2020 1000 0       
01348004 25/02/2020 1000 5       
01348004 26/02/2020 1000 0.4     
01348004 27/02/2020 1000 1.4     
01348004 28/02/2020 1000 0       
01348004 29/02/2020 1000 0.8     
01348004 01/03/2020 1000 22.4    
01348004 02/03/2020 1000 0.2     
01348004 03/03/2020 1000 3.8     
01348004 04/03/2020 1000 88.6    
01348004 05/03/2020 1000 2.8     
01348004 06/03/2020 1000 16.4    
01348004 07/03/2020 1000 55.8    
01348004 08/03/2020 1000 9.4     
01348004 09/03/2020 1000 14.4    
01348004 10/03/2020 1000 0.2     
01348004 11/03/2020 1000 22.2    
01348004 12/03/2020 1000 57.8    
01348004 13/03/2020 1000 18.2    
01348004 14/03/2020 1000 0.8     
01348004 15/03/2020 1000 0.2     
01348004 16/03/2020 1000 0       
01348004 17/03/2020 1000 2.8     
01348004 18/03/2020 1000 0       
01348004 19/03/2020 1000 0.2     
01348004 20/03/2020 1000 0       
01348004 21/03/2020 1000 1.6     
01348004 22/03/2020 1000 35.6    
01348004 23/03/2020 1000 0.2     
01348004 24/03/2020 1000 10.207357046182276