01448009 28/12/2019 1000 0       
01448009 29/12/2019 1000 4.2     
01448009 30/12/2019 1000 9.4     
01448009 31/12/2019 1000 7.4     
01448009 01/01/2020 1000 2       
01448009 02/01/2020 1000 2       
01448009 03/01/2020 1000 30.4    
01448009 04/01/2020 1000 0.2     
01448009 05/01/2020 1000 30.2    
01448009 06/01/2020 1000 42.2    
01448009 07/01/2020 1000 0.6     
01448009 08/01/2020 1000 4.6     
01448009 09/01/2020 1000 1.6     
01448009 10/01/2020 1000 6.2     
01448009 11/01/2020 1000 0       
01448009 12/01/2020 1000 1.6     
01448009 13/01/2020 1000 0       
01448009 14/01/2020 1000 0.2     
01448009 15/01/2020 1000 2.8     
01448009 16/01/2020 1000 0       
01448009 17/01/2020 1000 0       
01448009 18/01/2020 1000 54.4    
01448009 19/01/2020 1000 0       
01448009 20/01/2020 1000 6.4     
01448009 21/01/2020 1000 0       
01448009 22/01/2020 1000 1.8     
01448009 23/01/2020 1000 60.8    
01448009 24/01/2020 1000 46.2    
01448009 25/01/2020 1000 64.8    
01448009 26/01/2020 1000 61.6    
01448009 27/01/2020 1000 1.6     
01448009 28/01/2020 1000 34.6    
01448009 29/01/2020 1000 2.8     
01448009 30/01/2020 1000 0       
01448009 31/01/2020 1000 1.8     
01448009 01/02/2020 1000 0       
01448009 02/02/2020 1000 0       
01448009 03/02/2020 1000 0       
01448009 04/02/2020 1000 36.2    
01448009 05/02/2020 1000 5.2     
01448009 06/02/2020 1000 3.2     
01448009 07/02/2020 1000 88.2    
01448009 08/02/2020 1000 32      
01448009 09/02/2020 1000 26      
01448009 10/02/2020 1000 1       
01448009 11/02/2020 1000 0       
