02353044 01/02/2020 1000 0.3     
02353044 02/02/2020 1000 3.5     
02353044 03/02/2020 1000 26.5    
02353044 04/02/2020 1000 0.3     
02353044 05/02/2020 1000 0       
02353044 06/02/2020 1000 3.5     
02353044 07/02/2020 1000 0       
02353044 08/02/2020 1000 0       
02353044 09/02/2020 1000 0.5     
02353044 10/02/2020 1000 0       
02353044 11/02/2020 1000 0       
02353044 12/02/2020 1000 0       
02353044 13/02/2020 1000 0       
02353044 14/02/2020 1000 0       
02353044 15/02/2020 1000 0       
02353044 16/02/2020 1000 0       
02353044 17/02/2020 1000 0       
02353044 18/02/2020 1000 0       
02353044 19/02/2020 1000 0       
02353044 20/02/2020 1000 0       
02353044 21/02/2020 1000 15.8    
02353044 22/02/2020 1000 0       
02353044 23/02/2020 1000 0       
02353044 24/02/2020 1000 0       
02353044 25/02/2020 1000 0       
02353044 26/02/2020 1000 37      
02353044 27/02/2020 1000 26.3    
02353044 28/02/2020 1000 0       
02353044 29/02/2020 1000 0       
02353044 01/03/2020 1000 0       
02353044 02/03/2020 1000 0       
02353044 03/03/2020 1000 0.3     
02353044 04/03/2020 1000 0       
02353044 05/03/2020 1000 0       
02353044 06/03/2020 1000 0       
02353044 07/03/2020 1000 0       
02353044 08/03/2020 1000 3.3     
02353044 09/03/2020 1000 0.3     
02353044 10/03/2020 1000 0       
02353044 11/03/2020 1000 0       
02353044 12/03/2020 1000 0.5     
02353044 13/03/2020 1000 0       
02353044 14/03/2020 1000 0       
02353044 15/03/2020 1000 0       
02353044 16/03/2020 1000 0       
02353044 17/03/2020 1000 8.8     
02353044 18/03/2020 1000 0       
02353044 19/03/2020 1000 19      
02353044 20/03/2020 1000 2.3     
02353044 21/03/2020 1000 0.3     
02353044 22/03/2020 1000 0       
02353044 23/03/2020 1000 1.972614515684831102353044 24/03/2020 1000 1.9726145156848311