02453068 01/02/2020 1000 5.8     
02453068 02/02/2020 1000 1.5     
02453068 03/02/2020 1000 55.5    
02453068 04/02/2020 1000 0       
02453068 05/02/2020 1000 0       
02453068 06/02/2020 1000 0       
02453068 07/02/2020 1000 0       
02453068 08/02/2020 1000 0       
02453068 09/02/2020 1000 0       
02453068 10/02/2020 1000 0.3     
02453068 11/02/2020 1000 15.3    
02453068 12/02/2020 1000 0       
02453068 13/02/2020 1000 0       
02453068 14/02/2020 1000 0       
02453068 15/02/2020 1000 0       
02453068 16/02/2020 1000 0       
02453068 17/02/2020 1000 0       
02453068 18/02/2020 1000 0       
02453068 19/02/2020 1000 15      
02453068 20/02/2020 1000 0       
02453068 21/02/2020 1000 1.5     
02453068 22/02/2020 1000 0       
02453068 23/02/2020 1000 0       
02453068 24/02/2020 1000 0       
02453068 25/02/2020 1000 0       
02453068 26/02/2020 1000 12.8    
02453068 27/02/2020 1000 5       
02453068 28/02/2020 1000 0       
02453068 29/02/2020 1000 0       
02453068 01/03/2020 1000 0       
02453068 02/03/2020 1000 0       
02453068 03/03/2020 1000 8.3     
02453068 04/03/2020 1000 2.5     
02453068 05/03/2020 1000 0       
02453068 06/03/2020 1000 0       
02453068 07/03/2020 1000 0       
02453068 08/03/2020 1000 5.5     
02453068 09/03/2020 1000 0       
02453068 10/03/2020 1000 0       
02453068 11/03/2020 1000 0       
02453068 12/03/2020 1000 0.5     
02453068 13/03/2020 1000 0.5     
02453068 14/03/2020 1000 0       
02453068 15/03/2020 1000 0       
02453068 16/03/2020 1000 0       
02453068 17/03/2020 1000 0       
02453068 18/03/2020 1000 0       
02453068 19/03/2020 1000 11      
02453068 20/03/2020 1000 2.3     
02453068 21/03/2020 1000 0       
02453068 22/03/2020 1000 0       
02453068 23/03/2020 1000 5.86301414058407702453068 24/03/2020 1000 5.863014140584077