02554047 01/02/2020 1100 0       
02554047 02/02/2020 1100 0       
02554047 03/02/2020 1100 5.8     
02554047 04/02/2020 1100 0       
02554047 05/02/2020 1100 0       
02554047 06/02/2020 1100 0       
02554047 07/02/2020 1100 0       
02554047 08/02/2020 1100 0       
02554047 09/02/2020 1100 0       
02554047 10/02/2020 1100 0       
02554047 11/02/2020 1100 0       
02554047 12/02/2020 1100 0       
02554047 13/02/2020 1100 0       
02554047 14/02/2020 1100 0       
02554047 15/02/2020 1100 0       
02554047 16/02/2020 1100 0       
02554047 17/02/2020 1100 7.8     
02554047 18/02/2020 1100 4.5     
02554047 19/02/2020 1100 3.5     
02554047 20/02/2020 1100 0       
02554047 21/02/2020 1100 0       
02554047 22/02/2020 1100 0       
02554047 23/02/2020 1100 0       
02554047 24/02/2020 1100 0       
02554047 25/02/2020 1100 0       
02554047 26/02/2020 1100 59.8    
02554047 27/02/2020 1100 0.3     
02554047 28/02/2020 1100 0       
02554047 29/02/2020 1100 0       
02554047 01/03/2020 1100 0       
02554047 02/03/2020 1100 0       
02554047 03/03/2020 1100 2       
02554047 04/03/2020 1100 0       
02554047 05/03/2020 1100 0       
02554047 06/03/2020 1100 0       
02554047 07/03/2020 1100 0       
02554047 08/03/2020 1100 0       
02554047 09/03/2020 1100 0       
02554047 10/03/2020 1100 0       
02554047 11/03/2020 1100 0       
02554047 12/03/2020 1100 0       
02554047 13/03/2020 1100 0       
02554047 14/03/2020 1100 0       
02554047 15/03/2020 1100 0       
02554047 16/03/2020 1100 0       
02554047 17/03/2020 1100 0       
02554047 18/03/2020 1100 0       
02554047 19/03/2020 1100 56      
02554047 20/03/2020 1100 0.3     
02554047 21/03/2020 1100 0       
02554047 22/03/2020 1100 0       
02554047 23/03/2020 1100 3.442656234178285