00083376 06/02/2020 1200 17      
00083376 07/02/2020 1200 40      
00083376 08/02/2020 1200 22      
00083376 09/02/2020 1200 7       
00083376 10/02/2020 1200 4       
00083376 11/02/2020 1200 0.6     
00083376 12/02/2020 1200 0       
00083376 13/02/2020 1200 12      
00083376 14/02/2020 1200 0       
00083376 15/02/2020 1200 20      
00083376 16/02/2020 1200 1       
00083376 17/02/2020 1200 1       
00083376 18/02/2020 1200 0.8     
00083376 19/02/2020 1200 0.7     
00083376 20/02/2020 1200 11      
00083376 21/02/2020 1200 5       
00083376 22/02/2020 0000 -       
00083376 23/02/2020 0000 -       
00083376 24/02/2020 1200 7.8     
00083376 25/02/2020 1200 6       
00083376 26/02/2020 1200 0.8     
00083376 27/02/2020 1200 3       
00083376 28/02/2020 1200 9       
00083376 29/02/2020 0000 -       
00083376 01/03/2020 0000 -       
00083376 02/03/2020 1200 9       
00083376 03/03/2020 1200 20      
00083376 04/03/2020 1200 0       
00083376 05/03/2020 1200 4       
00083376 06/03/2020 1200 13      
00083376 07/03/2020 0000 -       
00083376 08/03/2020 1200 0       
00083376 09/03/2020 1200 7       
00083376 10/03/2020 1200 0.1     
00083376 11/03/2020 1200 6       
00083376 12/03/2020 1200 23      
00083376 13/03/2020 1200 48      
00083376 14/03/2020 1200 19      
00083376 15/03/2020 1200 2       
00083376 16/03/2020 1200 0       
00083376 17/03/2020 1200 0       
00083376 18/03/2020 1200 0.7     
00083376 19/03/2020 0000 -       
00083376 20/03/2020 1200 40      
00083376 21/03/2020 0000 -       
00083376 22/03/2020 1200 2       
00083376 23/03/2020 1200 0.10937343749658765