01448009 06/02/2020 1000 3.2     
01448009 07/02/2020 1000 88.2    
01448009 08/02/2020 1000 32      
01448009 09/02/2020 1000 26      
01448009 10/02/2020 1000 1       
01448009 11/02/2020 1000 0       
01448009 12/02/2020 1000 0       
01448009 13/02/2020 1000 16.4    
01448009 14/02/2020 1000 0       
01448009 15/02/2020 1000 2.8     
01448009 16/02/2020 1000 3.6     
01448009 17/02/2020 1000 8.2     
01448009 18/02/2020 1000 1.2     
01448009 19/02/2020 1000 0       
01448009 20/02/2020 1000 0.4     
01448009 21/02/2020 1000 0.8     
01448009 22/02/2020 1000 0       
01448009 23/02/2020 1000 0       
01448009 24/02/2020 1000 0       
01448009 25/02/2020 1000 18.8    
01448009 26/02/2020 1000 0       
01448009 27/02/2020 1000 3.8     
01448009 28/02/2020 1000 0       
01448009 29/02/2020 1000 1       
01448009 01/03/2020 1000 16.4    
01448009 02/03/2020 1000 0.2     
01448009 03/03/2020 1000 46.6    
01448009 04/03/2020 1000 23.8    
01448009 05/03/2020 1000 10.8    
01448009 06/03/2020 1000 74.8    
01448009 07/03/2020 1000 19.6    
01448009 08/03/2020 1000 9.8     
01448009 09/03/2020 1000 1.8     
01448009 10/03/2020 1000 13.8    
01448009 11/03/2020 1000 1.8     
01448009 12/03/2020 1000 4.2     
01448009 13/03/2020 1000 2.2     
01448009 14/03/2020 1000 16.8    
01448009 15/03/2020 1000 0       
01448009 16/03/2020 1000 0       
01448009 17/03/2020 1000 0       
01448009 18/03/2020 1000 0       
01448009 19/03/2020 1000 0       
01448009 20/03/2020 1000 3.4     
01448009 21/03/2020 1000 6.6     
01448009 22/03/2020 1000 46.8    
01448009 23/03/2020 1000 4.445763100726832