01448012 06/02/2020 1000 12.4    
01448012 07/02/2020 1000 41      
01448012 08/02/2020 1000 60.4    
01448012 09/02/2020 1000 19      
01448012 10/02/2020 1000 0.8     
01448012 11/02/2020 1000 0       
01448012 12/02/2020 1000 0       
01448012 13/02/2020 1000 37.8    
01448012 14/02/2020 1000 0.2     
01448012 15/02/2020 1000 0.2     
01448012 16/02/2020 1000 0       
01448012 17/02/2020 1000 3.2     
01448012 18/02/2020 1000 0       
01448012 19/02/2020 1000 0       
01448012 20/02/2020 1000 6       
01448012 21/02/2020 1000 0.2     
01448012 22/02/2020 1000 0       
01448012 23/02/2020 1000 0.4     
01448012 24/02/2020 1000 0.2     
01448012 25/02/2020 1000 35.8    
01448012 26/02/2020 1000 0.6     
01448012 27/02/2020 1000 0       
01448012 28/02/2020 1000 0       
01448012 29/02/2020 1000 11.2    
01448012 01/03/2020 1000 20.6    
01448012 02/03/2020 1000 6       
01448012 03/03/2020 1000 13      
01448012 04/03/2020 1000 0.4     
01448012 05/03/2020 1000 0       
01448012 06/03/2020 1000 36.4    
01448012 07/03/2020 1000 53.8    
01448012 08/03/2020 1000 0.4     
01448012 09/03/2020 1000 58.2    
01448012 10/03/2020 1000 0.2     
01448012 11/03/2020 1000 8.8     
01448012 12/03/2020 1000 0.2     
01448012 13/03/2020 1000 19.8    
01448012 14/03/2020 1000 0       
01448012 15/03/2020 1000 17.4    
01448012 16/03/2020 1000 4.8     
01448012 17/03/2020 1000 0       
01448012 18/03/2020 1000 3       
01448012 19/03/2020 1000 7       
01448012 20/03/2020 1000 3.8     
01448012 21/03/2020 1000 52.2    
01448012 22/03/2020 1000 17.4    
01448012 23/03/2020 1000 3.086131002979511