02250089 29/12/2019 1000 0       
02250089 30/12/2019 1000 0       
02250089 31/12/2019 1000 0       
02250089 01/01/2020 1000 0       
02250089 02/01/2020 1000 0       
02250089 03/01/2020 1000 16      
02250089 04/01/2020 1000 4.5     
02250089 05/01/2020 1000 36.3    
02250089 06/01/2020 1000 10.5    
02250089 07/01/2020 1000 0       
02250089 08/01/2020 1000 13.5    
02250089 09/01/2020 1000 5.5     
02250089 10/01/2020 1000 0       
02250089 11/01/2020 1000 14      
02250089 12/01/2020 1000 0       
02250089 13/01/2020 1000 13      
02250089 14/01/2020 1000 3       
02250089 15/01/2020 1000 0       
02250089 16/01/2020 1000 0       
02250089 17/01/2020 1000 9.8     
02250089 18/01/2020 1000 0       
02250089 19/01/2020 1000 0       
02250089 20/01/2020 1000 0       
02250089 21/01/2020 1000 0       
02250089 22/01/2020 1000 0       
02250089 23/01/2020 1000 3.3     
02250089 24/01/2020 1000 4       
02250089 25/01/2020 1000 0       
02250089 26/01/2020 1000 0       
02250089 27/01/2020 1000 0       
02250089 28/01/2020 1000 6.3     
02250089 29/01/2020 1000 0       
02250089 30/01/2020 1000 7.8     
02250089 31/01/2020 1000 21.3    
02250089 01/02/2020 1000 8.5     
02250089 02/02/2020 1000 13.5    
02250089 03/02/2020 1000 10      
02250089 04/02/2020 1000 14.3    
02250089 05/02/2020 1000 0       
02250089 06/02/2020 1000 0       
02250089 07/02/2020 1000 14.3    
02250089 08/02/2020 1000 2.3     
02250089 09/02/2020 1000 1.3     
02250089 10/02/2020 1000 32.8    
02250089 11/02/2020 1000 19.8    
02250089 12/02/2020 1000 0       
