02252049 29/12/2019 1000 0       
02252049 30/12/2019 1000 0       
02252049 31/12/2019 1000 0       
02252049 01/01/2020 1000 0       
02252049 02/01/2020 1000 4.3     
02252049 03/01/2020 1000 5       
02252049 04/01/2020 1000 6.5     
02252049 05/01/2020 1000 5.5     
02252049 06/01/2020 1000 3.3     
02252049 07/01/2020 1000 5       
02252049 08/01/2020 1000 20.5    
02252049 09/01/2020 1000 3.5     
02252049 10/01/2020 1000 39.3    
02252049 11/01/2020 1000 1.3     
02252049 12/01/2020 1000 0       
02252049 13/01/2020 1000 35.5    
02252049 14/01/2020 1000 0.5     
02252049 15/01/2020 1000 0       
02252049 16/01/2020 1000 0       
02252049 17/01/2020 1000 10      
02252049 18/01/2020 1000 0       
02252049 19/01/2020 1000 0       
02252049 20/01/2020 1000 0       
02252049 21/01/2020 1000 0       
02252049 22/01/2020 1000 0       
02252049 23/01/2020 1000 15.5    
02252049 24/01/2020 1000 10.3    
02252049 25/01/2020 1000 0       
02252049 26/01/2020 1000 0       
02252049 27/01/2020 1000 0       
02252049 28/01/2020 1000 0       
02252049 29/01/2020 1000 0       
02252049 30/01/2020 1000 0.8     
02252049 31/01/2020 1000 0.8     
02252049 01/02/2020 1000 0       
02252049 02/02/2020 1000 8.5     
02252049 03/02/2020 1000 42.8    
02252049 04/02/2020 1000 54.5    
02252049 05/02/2020 1000 0       
02252049 06/02/2020 1000 0       
02252049 07/02/2020 1000 0.5     
02252049 08/02/2020 1000 0       
02252049 09/02/2020 1000 0       
02252049 10/02/2020 1000 0       
02252049 11/02/2020 1000 0.3     
02252049 12/02/2020 1000 0       
