02450061 29/12/2019 1000 1.3     
02450061 30/12/2019 1000 0       
02450061 31/12/2019 1000 0       
02450061 01/01/2020 1000 0       
02450061 02/01/2020 1000 0.3     
02450061 03/01/2020 1000 0       
02450061 04/01/2020 1000 0       
02450061 05/01/2020 1000 0.3     
02450061 06/01/2020 1000 0       
02450061 07/01/2020 1000 0       
02450061 08/01/2020 1000 46.5    
02450061 09/01/2020 1000 1       
02450061 10/01/2020 1000 9.5     
02450061 11/01/2020 1000 5.5     
02450061 12/01/2020 1000 2.3     
02450061 13/01/2020 1000 6       
02450061 14/01/2020 1000 0       
02450061 15/01/2020 1000 0       
02450061 16/01/2020 1000 0.3     
02450061 17/01/2020 1000 10      
02450061 18/01/2020 1000 0       
02450061 19/01/2020 1000 0       
02450061 20/01/2020 1000 0       
02450061 21/01/2020 1000 0       
02450061 22/01/2020 1000 0       
02450061 23/01/2020 1000 10.5    
02450061 24/01/2020 1000 1.8     
02450061 25/01/2020 1000 0       
02450061 26/01/2020 1000 0       
02450061 27/01/2020 1000 0       
02450061 28/01/2020 1000 0       
02450061 29/01/2020 1000 0       
02450061 30/01/2020 1000 0       
02450061 31/01/2020 1000 30.5    
02450061 01/02/2020 1000 7.5     
02450061 02/02/2020 1000 9.5     
02450061 03/02/2020 1000 27.3    
02450061 04/02/2020 1000 0.3     
02450061 05/02/2020 1000 6       
02450061 06/02/2020 1000 5       
02450061 07/02/2020 1000 0.3     
02450061 08/02/2020 1000 9       
02450061 09/02/2020 1000 0       
02450061 10/02/2020 1000 0       
02450061 11/02/2020 1000 1       
02450061 12/02/2020 1000 0       
