99990871 29/12/2019 1200 0       
99990871 30/12/2019 1200 0.6     
99990871 31/12/2019 1200 0       
99990871 01/01/2020 1200 0       
99990871 02/01/2020 1200 15.4    
99990871 03/01/2020 1200 12      
99990871 04/01/2020 1200 0       
99990871 05/01/2020 1200 27.6    
99990871 06/01/2020 1200 0       
99990871 07/01/2020 1200 2.4     
99990871 08/01/2020 1200 23.4    
99990871 09/01/2020 1200 0.6     
99990871 10/01/2020 1200 12      
99990871 11/01/2020 1200 1       
99990871 12/01/2020 1200 24.6    
99990871 13/01/2020 1200 7.2     
99990871 14/01/2020 1200 0       
99990871 15/01/2020 1200 0       
99990871 16/01/2020 1200 0       
99990871 17/01/2020 1200 27.2    
99990871 18/01/2020 1200 0       
99990871 19/01/2020 1200 0       
99990871 20/01/2020 1200 0       
99990871 21/01/2020 1200 0       
99990871 22/01/2020 1200 0       
99990871 23/01/2020 1200 12.4    
99990871 24/01/2020 1200 5.6     
99990871 25/01/2020 1200 0       
99990871 26/01/2020 1200 0       
99990871 27/01/2020 1200 0       
99990871 28/01/2020 1200 0       
99990871 29/01/2020 1200 0       
99990871 30/01/2020 1200 1.2     
99990871 31/01/2020 1200 1.6     
99990871 01/02/2020 1200 0.2     
99990871 02/02/2020 1200 10.2    
99990871 03/02/2020 1200 30.8    
99990871 04/02/2020 1200 0.8     
99990871 05/02/2020 1200 0.6     
99990871 06/02/2020 1200 0       
99990871 07/02/2020 1200 15.6    
99990871 08/02/2020 1200 1.2     
99990871 09/02/2020 1200 0       
99990871 10/02/2020 1200 6       
99990871 11/02/2020 1200 0       
99990871 12/02/2020 1200 0       
