ONS-Operador Nacional Do Sistema Eletrico
Modelo Computacional SMAP
Versao: 3.0.0 Data: 23/09/2019

Iniciando execucao: 22-03-2020 13:03:51

Parametros
   Amplitude inicial: 0.5
   dm alvo: 0 (nao e necessario multiplicar por 100)
   Limite de iteracoes: 10000
   Particulas: 24
   Pulso inicial: 0.1
   Uso de pesos: on
   Gerar graficos: off
   Semente: 9952

Sub bacia: BBonita
cef: 0.98237669
*dm: 0.031304382
ebin: 254.75728
mape: 0.025872439
somacoef: 1.9565042
supin: 157.04399
Iteracoes: 10000
Iteracao otima: 9389
Tempo: 9.456 s

Qcal
[34](0,0,0,411.80127,514.53702,605.34477,551.72195,489.77822,440.26462,523.21763,707.40683,879.96989,834.18916,685.34449,626.20157,522.49438,447.72606,395.76597,359.57842,334.28759,316.51616,303.93143,297.53332,292.77483,286.66112,282.08846,278.56136,275.74149,273.41804,272.07981,292.54767,307.50198,357.65997,393.83)
Rsolo
[34](0,0,73.088948,75.711263,78.362615,77.129229,74.979548,72.765386,75.103531,79.706083,84.106727,84.683487,81.533919,80.826165,77.128975,72.660584,68.6178,64.945017,61.598979,58.616817,55.92337,54.394623,52.961926,50.815642,48.744754,46.801124,45.018955,43.683387,42.641048,43.204303,43.832523,47.05103,50.098564,47.992279)
Rsub
[34](0,0,177.60439,178.32922,179.23792,180.34112,181.34599,182.18836,182.87068,183.71533,184.90311,186.44387,188.02676,189.34128,190.59314,191.55311,192.1872,192.55056,192.68788,192.63589,192.42858,192.09194,191.6872,191.22185,190.67026,190.04175,189.34677,188.59582,187.80672,186.9904,186.19405,185.41998,184.75385,184.20245)
Rsup
[34](0,0,1.5678532,2.5831387,3.4767075,2.9255641,2.292757,1.7863734,2.604766,4.4315285,6.1373073,5.6581895,4.1495268,3.5402471,2.4869562,1.7267573,1.1989317,0.83244897,0.57799061,0.40131366,0.27864233,0.21958743,0.17787707,0.1235046,0.085752399,0.059540084,0.041340203,0.028897862,0.026837849,0.24286947,0.40357034,0.91540927,1.286053,0.8929395)
Peso chuva 
[34](1.8909311,0.60704597,0.62691733,1.3275595,0.86831923,0.5,0.5,0.55624191,0.71237835,0.82061,0.6396639,0.64049989,0.5,1.8475786,2,0.5,0.50189285,0.5,0.50625347,0.5,0.5,2,2,0.5,0.5,1.0230362,0.5,0.5,0.5,0.71489278,0.64614482,1.2840664,0.82071962,1)
Previsao ETA40_LIMITES
[13] (0,0.044666667,0.039333333,0,0,0,4.586,5.8573333,0.512,0.088666667,1.1128,1.1128,1.1128)
Previsao PMEDIA_ORIG
[13] (0,0,0,0.1,0.1,0,0.7,4.4,6.2,6.9,1.9,1.5,1.8166667)
Previsao PRECMEDIA_ETA40.GEFS
[13] (0,0.02,0.04,0.04,0.07,0.02,1.46,4.8,6.74,5.46,1.865,1.865,1.865)
Previsao PRECZERADA_
[13] (0,0,0,0,0,0,0,0,0,0,0,0,0)


Sub bacia: ESouza
cef: 0.83996499
*dm: 0.20149044
ebin: 92.845416
mape: 0.12242219
somacoef: 1.7175428
supin: 205.93122
Iteracoes: 10000
Iteracao otima: 4789
Tempo: 9.412 s

Qcal
[34](0,0,0,298.77663,275.90632,207.45495,163.59038,137.71135,351.82423,539.89768,545.8953,372.84097,326.70536,243.35284,210.49553,381.01365,273.41076,206.27547,164.8937,139.27373,123.36394,113.62735,107.1506,102.91544,100.04872,98.018243,96.499605,95.295073,94.404833,175.53485,142.77886,123.16104,111.05433,102.69)
Rsolo
[34](0,0,24.04573,20.539054,15.979948,13.548813,12.806824,23.160616,25.381657,23.464882,16.046747,19.2401,16.006372,17.201499,24.638142,16.099951,13.96899,12.813638,12.044602,11.15797,10.678703,9.8576964,9.0992304,8.3996175,7.7642415,7.1405675,6.5728235,6.2668289,13.797933,12.425158,11.999553,11.612493,11.054247,10.165973)
Rsub
[34](0,0,218.24232,222.91031,224.93428,224.41237,222.94294,221.25123,225.18363,230.94421,235.04394,234.47537,235.59145,235.00054,234.98482,240.02331,239.44105,238.00224,236.19645,234.40418,232.62551,230.86033,229.10854,227.37005,225.64475,223.93255,222.23333,220.54701,218.87349,217.53085,215.88021,214.2421,212.61642,211.00307)
Rsup
[34](0,0,9.4062897,8.2709375,5.1049645,3.1115107,1.957992,11.770868,20.285056,20.447069,12.462826,10.366545,6.5375766,5.0482409,12.837277,7.8244081,4.7691939,2.9069637,1.7718142,1.0799329,0.6697591,0.40822274,0.24881455,0.15165417,0.092434249,0.056339306,0.034339192,0.02644446,3.7647282,2.2946275,1.4306225,0.90945822,0.55899224,0.34070958)
Peso chuva 
[34](2,2,2,0.78294339,0.5,0.5,2,1.6174711,1.523343,0.5,0.58433591,1.401802,2,2,1.1803286,0.5,1.9850902,2,2,2,0.5,2,2,2,2,2,2,2,2,0.5,0.5,2,0.5,1)
Previsao ETA40_LIMITES
[13] (0,0.83,0.69,0,0,0,1.39,2.5,0.21,0,0.562,0.562,0.562)
Previsao PMEDIA_ORIG
[13] (0.1,0.5,0.7,0.2,0.1,0.3,0.9,2.9,5.8,11,4.1,3.6,2.5166667)
Previsao PRECMEDIA_ETA40.GEFS
[13] (0.4,0.74,0.74,0.15,0.07,0.2,1.04,3.32,6.29,8.5,2.145,2.145,2.145)
Previsao PRECZERADA_
[13] (0,0,0,0,0,0,0,0,0,0,0,0,0)


Sub bacia: Ibitinga
cef: 0.99403081
*dm: 0.0090704495
ebin: 203.24258
mape: 0.0068294792
somacoef: 1.9872013
supin: 38.708089
Iteracoes: 10000
Iteracao otima: 9527
Tempo: 8.629 s

Qcal
[34](0,0,0,241.95067,249.30331,265.1197,260.04204,264.30154,271.00213,289.11273,299.78123,298.47032,279.39199,264.05476,253.57026,222.85861,214.03992,210.95246,209.19886,207.85176,206.61156,205.4045,204.25226,203.07444,201.85572,200.67355,199.50561,198.3463,197.19419,196.04888,195.93,196.42277,194.26144,193.39983)
Rsolo
[34](0,0,45.867822,48.173225,50.698299,51.625643,52.539008,53.402949,54.81623,55.860846,56.132788,55.08248,53.702525,52.726423,49.454869,46.93022,45.40496,44.235734,43.081116,41.870389,40.952444,40.103673,39.271383,38.393315,37.513534,36.658503,35.723433,34.92962,34.154483,33.639972,33.259734,32.75109,32.30512,31.377886)
Rsub
[34](0,0,256.94988,255.47131,254.72914,254.86828,255.34966,256.17713,257.33984,259.07316,261.23996,263.512,265.32116,266.55097,267.38631,267.00965,265.7994,264.25569,262.72093,261.19509,259.67811,258.16995,256.67054,255.17984,253.6978,252.22436,250.75948,249.30311,247.8552,246.4157,244.98456,243.56173,242.14716,240.74081)
Rsup
[34](0,0,0.37895571,0.4623884,0.6229795,0.57219124,0.61016449,0.66935609,0.83765674,0.9286799,0.89906668,0.69469399,0.53053135,0.41836378,0.11122523,0.027806307,0.0069515768,0.0017378942,0.00043447355,0.00010861839,3.846607e-005,0.00043691774,0.00051703694,0.00012925923,3.2314809e-005,8.0787021e-006,2.0196755e-006,5.0491888e-007,1.2622972e-007,0.0099834938,0.025890252,0.015748638,0.0182675,0.004566875)
Peso chuva 
[34](1.8620023,2,0.5,0.92573945,1.0649072,1.0789173,1.0947675,0.68762858,0.5,0.5,0.51254502,0.52350218,0.53896294,0.79358912,2,0.5,2,1.9768568,2,2,2,2,2,2,2,1.6886469,2,2,0.828927,1.4840758,1.1344585,0.53509863,0.58177816,1)
Previsao ETA40_LIMITES
[13] (0,0,0,0,0,0.41111111,14.098889,5.3366667,0,0.19,2.0036667,2.0036667,2.0036667)
Previsao PMEDIA_ORIG
[13] (0.1,0,0,0,0,0.1,4.6,5.1,3.8,5.1,1.7,2.1,1.8833333)
Previsao PRECMEDIA_ETA40.GEFS
[13] (0.24,0,0,0,0.02,0.26,4.43,7.64,9.29,6.45,2.833,2.833,2.833)
Previsao PRECZERADA_
[13] (0,0,0,0,0,0,0,0,0,0,0,0,0)


Sub bacia: NAvanhanda
cef: 0.90734589
*dm: 0.093858717
ebin: 110.35538
mape: 0.014989163
somacoef: 1.8923567
supin: 8.8160487
Iteracoes: 10000
Iteracao otima: 9900
Tempo: 9.03 s

Qcal
[34](0,0,0,119.17143,117.54737,115.35118,113.65524,113.02197,116.78277,145.3614,162.19274,151.39243,139.94535,131.41133,125.03112,120.24364,116.6335,113.89333,111.79589,110.1731,108.90071,107.88681,107.06346,106.38043,105.80079,105.29716,104.84906,104.7357,105.48034,106.05261,105.9028,104.95206,104.17307,103.4963)
Rsolo
[34](0,0,150.65673,149.54091,147.54299,145.63279,144.47803,144.41529,151.68843,157.9092,157.42306,155.37001,153.2316,151.27032,149.29867,147.29449,145.30057,143.33686,141.40654,139.50884,137.64285,135.80806,134.10684,132.46038,130.73017,129.17387,128.17013,127.56767,127.00091,126.26714,125.03433,123.80956,122.40274,120.80259)
Rsub
[34](0,0,193.42212,192.97302,192.52046,192.0609,191.59489,191.12559,190.65734,190.22029,189.81206,189.40274,188.98528,188.55953,188.1265,187.68635,187.23915,186.78517,186.32473,185.85816,185.38578,184.9079,184.42481,183.93715,183.44525,182.94899,182.44908,181.94737,181.44516,180.94278,180.4418,179.9422,179.44398,178.94715)
Rsup
[34](0,0,0.16442641,0.13891529,0.10277026,0.076029972,0.069177742,0.14431354,0.68231052,1.0008792,0.8037889,0.59464723,0.43992313,0.32545743,0.2407751,0.17812668,0.13177905,0.097490828,0.072124224,0.053357877,0.039474436,0.029203394,0.021604824,0.015983361,0.011824574,0.0087478817,0.011953307,0.031180047,0.047197454,0.049749101,0.037348129,0.028135602,0.020814865,0.015398946)
Peso chuva 
[34](1.9687956,2,1.0148572,0.5,0.5,0.5,0.5,0.5,0.5,0.5,1.1460215,2,2,2,2,0.5,0.5,0.5,0.5,0.5,2,0.61561199,0.5,0.5,0.5,0.5,0.5,0.59569828,1.3049241,2,0.5,0.5,0.5,1)
Previsao ETA40_LIMITES
[13] (0.08125,0.27625,0.05375,0.0875,0.07,6.53375,22.0975,1.225,1.05625,1.80625,3.32875,3.32875,3.32875)
Previsao PMEDIA_ORIG
[13] (0.2,0.2,0,0.1,0.2,0.3,7.3,7.5,6.2,6.2,1.8,1.4,2.6166667)
Previsao PRECMEDIA_ETA40.GEFS
[13] (0.42,0.28,0.02,0.12,0.13,2.15,6.79,9.24,9.04,6.06,3.425,3.425,3.425)
Previsao PRECZERADA_
[13] (0,0,0,0,0,0,0,0,0,0,0,0,0)


Tempo de execucao em: 37 s

Finalizando execucao: 22-03-2020 13:04:28

