01647024 08/02/2020 1000 18      
01647024 09/02/2020 1000 18.8    
01647024 10/02/2020 1000 1.2     
01647024 11/02/2020 1000 2.8     
01647024 12/02/2020 1000 104.6   
01647024 13/02/2020 1000 5.6     
01647024 14/02/2020 1000 13.8    
01647024 15/02/2020 1000 17.2    
01647024 16/02/2020 1000 4.8     
01647024 17/02/2020 1000 0       
01647024 18/02/2020 1000 0.6     
01647024 19/02/2020 1000 0       
01647024 20/02/2020 1000 0       
01647024 21/02/2020 1000 4.2     
01647024 22/02/2020 1000 25.4    
01647024 23/02/2020 1000 23      
01647024 24/02/2020 1000 63.2    
01647024 25/02/2020 1000 1.2     
01647024 26/02/2020 1000 0.2     
01647024 27/02/2020 1000 0.2     
01647024 28/02/2020 1000 3.2     
01647024 29/02/2020 1000 0.4     
01647024 01/03/2020 1000 2.8     
01647024 02/03/2020 1000 21.8    
01647024 03/03/2020 1000 20.2    
01647024 04/03/2020 1000 19.8    
01647024 05/03/2020 1000 0       
01647024 06/03/2020 1000 52.4    
01647024 07/03/2020 1000 13.4    
01647024 08/03/2020 1000 3.8     
01647024 09/03/2020 1000 2.4     
01647024 10/03/2020 1000 0       
01647024 11/03/2020 1000 0       
01647024 12/03/2020 1000 0       
01647024 13/03/2020 1000 0       
01647024 14/03/2020 1000 0       
01647024 15/03/2020 1000 0.2     
01647024 16/03/2020 1000 0       
01647024 17/03/2020 1000 0       
01647024 18/03/2020 1000 0       
01647024 19/03/2020 1000 0       
01647024 20/03/2020 1000 0       
01647024 21/03/2020 1000 0       
01647024 22/03/2020 1000 1.8     
01647024 23/03/2020 1000 11.8    
01647024 24/03/2020 1000 37      
01647024 25/03/2020 1000 5.194625000018544