99990046 08/02/2020 1200 8       
99990046 09/02/2020 1200 20.2    
99990046 10/02/2020 1200 1.8     
99990046 11/02/2020 1200 0       
99990046 12/02/2020 1200 29.4    
99990046 13/02/2020 1200 2.8     
99990046 14/02/2020 1200 3.6     
99990046 15/02/2020 1200 22      
99990046 16/02/2020 1200 0.6     
99990046 17/02/2020 1200 9.8     
99990046 18/02/2020 1200 0.2     
99990046 19/02/2020 1200 0       
99990046 20/02/2020 1200 28.6    
99990046 21/02/2020 1200 19.2    
99990046 22/02/2020 1200 0       
99990046 23/02/2020 1200 15.2    
99990046 24/02/2020 1200 6.2     
99990046 25/02/2020 1200 18.6    
99990046 26/02/2020 1200 3.8     
99990046 27/02/2020 1200 4       
99990046 28/02/2020 1200 3.4     
99990046 29/02/2020 1200 12      
99990046 01/03/2020 1200 12.4    
99990046 02/03/2020 1200 0.4     
99990046 03/03/2020 1200 27.6    
99990046 04/03/2020 1200 2.6     
99990046 05/03/2020 1200 0       
99990046 06/03/2020 1200 68.4    
99990046 07/03/2020 1200 12      
99990046 08/03/2020 1200 5       
99990046 09/03/2020 1200 0       
99990046 10/03/2020 1200 0       
99990046 11/03/2020 1200 0       
99990046 12/03/2020 1200 0       
99990046 13/03/2020 1200 0       
99990046 14/03/2020 1200 0       
99990046 15/03/2020 1200 0       
99990046 16/03/2020 1200 0       
99990046 17/03/2020 1200 0       
99990046 18/03/2020 1200 21.4    
99990046 19/03/2020 1200 0       
99990046 20/03/2020 1200 36.4    
99990046 21/03/2020 1200 0       
99990046 22/03/2020 1200 1.2     
99990046 23/03/2020 1200 0.4     
99990046 24/03/2020 1200 13      
99990046 25/03/2020 1200 8.875567105150905