99990042 08/02/2020 1200 30.8    
99990042 09/02/2020 1200 23.2    
99990042 10/02/2020 1200 5.6     
99990042 11/02/2020 1200 0       
99990042 12/02/2020 1200 3.2     
99990042 13/02/2020 1200 7.6     
99990042 14/02/2020 1200 17.6    
99990042 15/02/2020 1200 4       
99990042 16/02/2020 1200 7.2     
99990042 17/02/2020 1200 15.4    
99990042 18/02/2020 1200 0       
99990042 19/02/2020 1200 0       
99990042 20/02/2020 1200 2.6     
99990042 21/02/2020 1200 2.2     
99990042 22/02/2020 1200 0       
99990042 23/02/2020 1200 7.4     
99990042 24/02/2020 1200 14      
99990042 25/02/2020 1200 55.6    
99990042 26/02/2020 1200 43      
99990042 27/02/2020 1200 15.8    
99990042 28/02/2020 1200 6.4     
99990042 29/02/2020 1200 1       
99990042 01/03/2020 1200 9.6     
99990042 02/03/2020 1200 0       
99990042 03/03/2020 1200 56.4    
99990042 04/03/2020 1200 0       
99990042 05/03/2020 1200 0       
99990042 06/03/2020 1200 41.6    
99990042 07/03/2020 1200 16.8    
99990042 08/03/2020 1200 14.6    
99990042 09/03/2020 1200 29.2    
99990042 10/03/2020 1200 2.8     
99990042 11/03/2020 1200 0       
99990042 12/03/2020 1200 2.6     
99990042 13/03/2020 1200 42.8    
99990042 14/03/2020 1200 0       
99990042 15/03/2020 1200 10.6    
99990042 16/03/2020 1200 1       
99990042 17/03/2020 1200 0       
99990042 18/03/2020 1200 17.2    
99990042 19/03/2020 1200 9.4     
99990042 20/03/2020 1200 73.6    
99990042 21/03/2020 1200 4.4     
99990042 22/03/2020 1200 33.8    
99990042 23/03/2020 1200 4.2     
99990042 24/03/2020 1200 31.6    
99990042 25/03/2020 1200 20.31441569501138