99990546 08/02/2020 1200 12.8    
99990546 09/02/2020 1200 2.2     
99990546 10/02/2020 1200 1.4     
99990546 11/02/2020 1200 0       
99990546 12/02/2020 1200 0.4     
99990546 13/02/2020 1200 6.4     
99990546 14/02/2020 1200 0.2     
99990546 15/02/2020 1200 6.4     
99990546 16/02/2020 1200 11.8    
99990546 17/02/2020 1200 2       
99990546 18/02/2020 1200 0       
99990546 19/02/2020 1200 0       
99990546 20/02/2020 1200 0       
99990546 21/02/2020 1200 1.6     
99990546 22/02/2020 1200 3.2     
99990546 23/02/2020 1200 14.4    
99990546 24/02/2020 1200 62.6    
99990546 25/02/2020 1200 0.4     
99990546 26/02/2020 1200 5.6     
99990546 27/02/2020 1200 12.6    
99990546 28/02/2020 1200 1.8     
99990546 29/02/2020 1200 26.2    
99990546 01/03/2020 1200 16.2    
99990546 02/03/2020 1200 103.8   
99990546 03/03/2020 1200 1.4     
99990546 04/03/2020 1200 8.6     
99990546 05/03/2020 1200 0.4     
99990546 06/03/2020 1200 60.6    
99990546 07/03/2020 1200 0.2     
99990546 08/03/2020 1200 0.2     
99990546 09/03/2020 1200 3       
99990546 10/03/2020 1200 0       
99990546 11/03/2020 1200 0       
99990546 12/03/2020 1200 0       
99990546 13/03/2020 1200 0.4     
99990546 14/03/2020 1200 0       
99990546 15/03/2020 1200 0       
99990546 16/03/2020 1200 0       
99990546 17/03/2020 1200 0       
99990546 18/03/2020 1200 0       
99990546 19/03/2020 1200 5       
99990546 20/03/2020 1200 22      
99990546 21/03/2020 1200 0       
99990546 22/03/2020 1200 10.2    
99990546 23/03/2020 1200 3.8     
99990546 24/03/2020 1200 2.4     
99990546 25/03/2020 1200 0.0