99990002 08/02/2020 1200 32      
99990002 09/02/2020 1200 3.2     
99990002 10/02/2020 1200 1.6     
99990002 11/02/2020 1200 6.6     
99990002 12/02/2020 1200 0       
99990002 13/02/2020 1200 9.4     
99990002 14/02/2020 1200 1       
99990002 15/02/2020 1200 4       
99990002 16/02/2020 1200 38.4    
99990002 17/02/2020 1200 3.8     
99990002 18/02/2020 1200 21.4    
99990002 19/02/2020 1200 0       
99990002 20/02/2020 1200 4.2     
99990002 21/02/2020 1200 13.8    
99990002 22/02/2020 1200 11.6    
99990002 23/02/2020 1200 79.8    
99990002 24/02/2020 1200 7.6     
99990002 25/02/2020 1200 4.4     
99990002 26/02/2020 1200 0       
99990002 27/02/2020 1200 5.2     
99990002 28/02/2020 1200 36.2    
99990002 29/02/2020 1200 15.2    
99990002 01/03/2020 1200 5.4     
99990002 02/03/2020 1200 4.6     
99990002 03/03/2020 1200 14.4    
99990002 04/03/2020 1200 2       
99990002 05/03/2020 1200 12      
99990002 06/03/2020 1200 20      
99990002 07/03/2020 1200 0       
99990002 08/03/2020 1200 0       
99990002 09/03/2020 1200 0       
99990002 10/03/2020 1200 0       
99990002 11/03/2020 1200 0       
99990002 12/03/2020 1200 0       
99990002 13/03/2020 1200 0       
99990002 14/03/2020 1200 0       
99990002 15/03/2020 1200 0       
99990002 16/03/2020 1200 0       
99990002 17/03/2020 1200 0       
99990002 18/03/2020 1200 0       
99990002 19/03/2020 1200 0.6     
99990002 20/03/2020 1200 8.4     
99990002 21/03/2020 1200 0       
99990002 22/03/2020 1200 0       
99990002 23/03/2020 1200 14.4    
99990002 24/03/2020 1200 16.8    
99990002 25/03/2020 1200 0.7703316995275294