02348086 09/02/2020 1000 5       
02348086 10/02/2020 1000 15      
02348086 11/02/2020 1000 2       
02348086 12/02/2020 1000 0       
02348086 13/02/2020 1000 0       
02348086 14/02/2020 1000 0       
02348086 15/02/2020 1000 0       
02348086 16/02/2020 1000 0       
02348086 17/02/2020 1000 0       
02348086 18/02/2020 1000 0       
02348086 19/02/2020 1000 0       
02348086 20/02/2020 1000 40      
02348086 21/02/2020 1000 0       
02348086 22/02/2020 1000 15      
02348086 23/02/2020 1000 0       
02348086 24/02/2020 1000 0       
02348086 25/02/2020 1000 5       
02348086 26/02/2020 1000 10      
02348086 27/02/2020 1000 5       
02348086 28/02/2020 1000 0       
02348086 29/02/2020 1000 0       
02348086 01/03/2020 1000 0       
02348086 02/03/2020 1000 0       
02348086 03/03/2020 1000 0       
02348086 04/03/2020 1000 0       
02348086 05/03/2020 1000 0       
02348086 06/03/2020 1000 0       
02348086 07/03/2020 1000 0       
02348086 08/03/2020 1000 0       
02348086 09/03/2020 1000 0       
02348086 10/03/2020 1000 0       
02348086 11/03/2020 1000 0       
02348086 12/03/2020 1000 0       
02348086 13/03/2020 1000 0       
02348086 14/03/2020 1000 0       
02348086 15/03/2020 1000 0       
02348086 16/03/2020 1000 0       
02348086 17/03/2020 1000 5       
02348086 18/03/2020 1000 0       
02348086 19/03/2020 1000 25      
02348086 20/03/2020 1000 50      
02348086 21/03/2020 1000 10      
02348086 22/03/2020 1000 0       
02348086 23/03/2020 1000 0       
02348086 24/03/2020 1000 0       
02348086 25/03/2020 1000 0       
02348086 26/03/2020 1000 0.0