02349077 09/02/2020 1000 0       
02349077 10/02/2020 1000 39.8    
02349077 11/02/2020 1000 13.5    
02349077 12/02/2020 1000 0       
02349077 13/02/2020 1000 0       
02349077 14/02/2020 1000 0       
02349077 15/02/2020 1000 0       
02349077 16/02/2020 1000 0       
02349077 17/02/2020 1000 0       
02349077 18/02/2020 1000 0       
02349077 19/02/2020 1000 0       
02349077 20/02/2020 1000 59      
02349077 21/02/2020 1000 3       
02349077 22/02/2020 1000 0.3     
02349077 23/02/2020 1000 0.8     
02349077 24/02/2020 1000 2.3     
02349077 25/02/2020 1000 7.8     
02349077 26/02/2020 1000 19.5    
02349077 27/02/2020 1000 13.3    
02349077 28/02/2020 1000 0       
02349077 29/02/2020 1000 0       
02349077 01/03/2020 1000 0       
02349077 02/03/2020 1000 0       
02349077 03/03/2020 1000 0       
02349077 04/03/2020 1000 0       
02349077 05/03/2020 1000 0       
02349077 06/03/2020 1000 0       
02349077 07/03/2020 1000 0       
02349077 08/03/2020 1000 0       
02349077 09/03/2020 1000 0       
02349077 10/03/2020 1000 0       
02349077 11/03/2020 1000 0       
02349077 12/03/2020 1000 0       
02349077 13/03/2020 1000 0       
02349077 14/03/2020 1000 0       
02349077 15/03/2020 1000 0       
02349077 16/03/2020 1000 0       
02349077 17/03/2020 1000 1.8     
02349077 18/03/2020 1000 0.8     
02349077 19/03/2020 1000 0.8     
02349077 20/03/2020 1000 1.3     
02349077 21/03/2020 1000 15.3    
02349077 22/03/2020 1000 0       
02349077 23/03/2020 1000 0       
02349077 24/03/2020 1000 0       
02349077 25/03/2020 1000 0       
02349077 26/03/2020 1000 0.0