02349076 09/02/2020 1000 0       
02349076 10/02/2020 1000 23      
02349076 11/02/2020 1000 0       
02349076 12/02/2020 1000 0       
02349076 13/02/2020 1000 0       
02349076 14/02/2020 1000 0       
02349076 15/02/2020 1000 0       
02349076 16/02/2020 1000 0       
02349076 17/02/2020 1000 0       
02349076 18/02/2020 1000 0       
02349076 19/02/2020 1000 0       
02349076 20/02/2020 1000 14.5    
02349076 21/02/2020 1000 6.5     
02349076 22/02/2020 1000 50      
02349076 23/02/2020 1000 0       
02349076 24/02/2020 1000 0       
02349076 25/02/2020 1000 8       
02349076 26/02/2020 1000 53      
02349076 27/02/2020 1000 16.3    
02349076 28/02/2020 1000 0       
02349076 29/02/2020 1000 0       
02349076 01/03/2020 1000 0       
02349076 02/03/2020 1000 0       
02349076 03/03/2020 1000 0       
02349076 04/03/2020 1000 0       
02349076 05/03/2020 1000 0       
02349076 06/03/2020 1000 0       
02349076 07/03/2020 1000 0       
02349076 08/03/2020 1000 0       
02349076 09/03/2020 1000 0       
02349076 10/03/2020 1000 0       
02349076 11/03/2020 1000 0       
02349076 12/03/2020 1000 0       
02349076 13/03/2020 1000 0       
02349076 14/03/2020 1000 0       
02349076 15/03/2020 1000 0       
02349076 16/03/2020 1000 0       
02349076 17/03/2020 1000 0.5     
02349076 18/03/2020 1000 0       
02349076 19/03/2020 1000 1       
02349076 20/03/2020 1000 14.8    
02349076 21/03/2020 1000 2       
02349076 22/03/2020 1000 0       
02349076 23/03/2020 1000 0       
02349076 24/03/2020 1000 0       
02349076 25/03/2020 1000 0       
02349076 26/03/2020 1000 0.0