02449067 09/02/2020 1000 0       
02449067 10/02/2020 1000 7.8     
02449067 11/02/2020 1000 3.5     
02449067 12/02/2020 1000 0       
02449067 13/02/2020 1000 0       
02449067 14/02/2020 1000 0       
02449067 15/02/2020 1000 0       
02449067 16/02/2020 1000 0       
02449067 17/02/2020 1000 0       
02449067 18/02/2020 1000 0       
02449067 19/02/2020 1000 5.8     
02449067 20/02/2020 1000 20.5    
02449067 21/02/2020 1000 2       
02449067 22/02/2020 1000 16.3    
02449067 23/02/2020 1000 0       
02449067 24/02/2020 1000 0       
02449067 25/02/2020 1000 3.3     
02449067 26/02/2020 1000 6.8     
02449067 27/02/2020 1000 12.8    
02449067 28/02/2020 1000 0       
02449067 29/02/2020 1000 0       
02449067 01/03/2020 1000 0       
02449067 02/03/2020 1000 0       
02449067 03/03/2020 1000 0       
02449067 04/03/2020 1000 0       
02449067 05/03/2020 1000 0       
02449067 06/03/2020 1000 0       
02449067 07/03/2020 1000 0       
02449067 08/03/2020 1000 0       
02449067 09/03/2020 1000 0       
02449067 10/03/2020 1000 0.3     
02449067 11/03/2020 1000 0       
02449067 12/03/2020 1000 0       
02449067 13/03/2020 1000 0       
02449067 14/03/2020 1000 0       
02449067 15/03/2020 1000 0       
02449067 16/03/2020 1000 0       
02449067 17/03/2020 1000 12.5    
02449067 18/03/2020 1000 0       
02449067 19/03/2020 1000 0       
02449067 20/03/2020 1000 16      
02449067 21/03/2020 1000 13      
02449067 22/03/2020 1000 0       
02449067 23/03/2020 1000 0       
02449067 24/03/2020 1000 0       
02449067 25/03/2020 1000 0       
02449067 26/03/2020 1000 0.0