02450061 09/02/2020 1000 0       
02450061 10/02/2020 1000 0       
02450061 11/02/2020 1000 1       
02450061 12/02/2020 1000 0       
02450061 13/02/2020 1000 0       
02450061 14/02/2020 1000 0       
02450061 15/02/2020 1000 0       
02450061 16/02/2020 1000 0       
02450061 17/02/2020 1000 0       
02450061 18/02/2020 1000 0       
02450061 19/02/2020 1000 0       
02450061 20/02/2020 1000 5       
02450061 21/02/2020 1000 0       
02450061 22/02/2020 1000 0       
02450061 23/02/2020 1000 0       
02450061 24/02/2020 1000 0       
02450061 25/02/2020 1000 0       
02450061 26/02/2020 1000 9.8     
02450061 27/02/2020 1000 19.5    
02450061 28/02/2020 1000 0       
02450061 29/02/2020 1000 0       
02450061 01/03/2020 1000 0       
02450061 02/03/2020 1000 2.3     
02450061 03/03/2020 1000 0       
02450061 04/03/2020 1000 13.8    
02450061 05/03/2020 1000 0       
02450061 06/03/2020 1000 0       
02450061 07/03/2020 1000 0       
02450061 08/03/2020 1000 0       
02450061 09/03/2020 1000 0       
02450061 10/03/2020 1000 0       
02450061 11/03/2020 1000 0       
02450061 12/03/2020 1000 0       
02450061 13/03/2020 1000 0       
02450061 14/03/2020 1000 0       
02450061 15/03/2020 1000 0       
02450061 16/03/2020 1000 0       
02450061 17/03/2020 1000 0       
02450061 18/03/2020 1000 0       
02450061 19/03/2020 1000 1.8     
02450061 20/03/2020 1000 20.5    
02450061 21/03/2020 1000 0       
02450061 22/03/2020 1000 1.5     
02450061 23/03/2020 1000 0       
02450061 24/03/2020 1000 0       
02450061 25/03/2020 1000 0       
02450061 26/03/2020 1000 0.0