00083721 29/12/2019 1200 0       
00083721 30/12/2019 1200 0       
00083721 31/12/2019 1200 0       
00083721 01/01/2020 1200 0       
00083721 02/01/2020 1200 0.3     
00083721 03/01/2020 1200 25      
00083721 04/01/2020 1200 0       
00083721 05/01/2020 1200 3       
00083721 06/01/2020 1200 19      
00083721 07/01/2020 1200 0       
00083721 08/01/2020 1200 44      
00083721 09/01/2020 1200 2       
00083721 10/01/2020 1200 4       
00083721 11/01/2020 1200 0       
00083721 12/01/2020 1200 0       
00083721 13/01/2020 1200 87      
00083721 14/01/2020 1200 0       
00083721 15/01/2020 1200 0       
00083721 16/01/2020 1200 0       
00083721 17/01/2020 1200 0       
00083721 18/01/2020 1200 0       
00083721 19/01/2020 1200 0       
00083721 20/01/2020 1200 0       
00083721 21/01/2020 1200 0       
00083721 22/01/2020 1200 0       
00083721 23/01/2020 1200 5       
00083721 24/01/2020 1200 11      
00083721 25/01/2020 1200 0       
00083721 26/01/2020 1200 0       
00083721 27/01/2020 1200 0       
00083721 28/01/2020 1200 0       
00083721 29/01/2020 1200 2       
00083721 30/01/2020 1200 0       
00083721 31/01/2020 1200 1       
00083721 01/02/2020 1200 18      
00083721 02/02/2020 1200 7       
00083721 03/02/2020 1200 21      
00083721 04/02/2020 1200 16      
00083721 05/02/2020 1200 37      
00083721 06/02/2020 1200 0.7     
00083721 07/02/2020 1200 1       
00083721 08/02/2020 1200 9       
00083721 09/02/2020 1200 0       
00083721 10/02/2020 1200 56      
00083721 11/02/2020 1200 20      
00083721 12/02/2020 1200 0.1     
