00083722 29/12/2019 1200 0       
00083722 30/12/2019 1200 0       
00083722 31/12/2019 1200 0       
00083722 01/01/2020 1200 1       
00083722 02/01/2020 1200 0       
00083722 03/01/2020 1200 4       
00083722 04/01/2020 1200 2       
00083722 05/01/2020 1200 0       
00083722 06/01/2020 1200 12      
00083722 07/01/2020 1200 0       
00083722 08/01/2020 1200 0       
00083722 09/01/2020 1200 0       
00083722 10/01/2020 1200 13      
00083722 11/01/2020 1200 8       
00083722 12/01/2020 1200 12      
00083722 13/01/2020 1200 19      
00083722 14/01/2020 1200 0       
00083722 15/01/2020 1200 0       
00083722 16/01/2020 1200 11      
00083722 17/01/2020 1200 8       
00083722 18/01/2020 1200 0       
00083722 19/01/2020 1200 0       
00083722 20/01/2020 1200 0       
00083722 21/01/2020 1200 0       
00083722 22/01/2020 1200 0       
00083722 23/01/2020 1200 1       
00083722 24/01/2020 1200 52      
00083722 25/01/2020 1200 0       
00083722 26/01/2020 1200 0       
00083722 27/01/2020 1200 0       
00083722 28/01/2020 1200 0       
00083722 29/01/2020 1200 0       
00083722 30/01/2020 1200 0       
00083722 31/01/2020 1200 81      
00083722 01/02/2020 1200 7       
00083722 02/02/2020 1200 18      
00083722 03/02/2020 1200 4       
00083722 04/02/2020 1200 13      
00083722 05/02/2020 1200 0       
00083722 06/02/2020 1200 0       
00083722 07/02/2020 1200 2       
00083722 08/02/2020 1200 7       
00083722 09/02/2020 1200 1       
00083722 10/02/2020 1200 43      
00083722 11/02/2020 1200 58      
00083722 12/02/2020 1200 0       
