02149099 29/12/2019 1000 25.4    
02149099 30/12/2019 1000 0.8     
02149099 31/12/2019 1000 0       
02149099 01/01/2020 1000 0       
02149099 02/01/2020 1000 0       
02149099 03/01/2020 1000 64.8    
02149099 04/01/2020 1000 17.2    
02149099 05/01/2020 1000 0       
02149099 06/01/2020 1000 6.2     
02149099 07/01/2020 1000 0       
02149099 08/01/2020 1000 6.8     
02149099 09/01/2020 1000 15.6    
02149099 10/01/2020 1000 15.4    
02149099 11/01/2020 1000 0       
02149099 12/01/2020 1000 0       
02149099 13/01/2020 1000 6.4     
02149099 14/01/2020 1000 0       
02149099 15/01/2020 1000 0       
02149099 16/01/2020 1000 0       
02149099 17/01/2020 1000 0       
02149099 18/01/2020 1000 0       
02149099 19/01/2020 1000 0       
02149099 20/01/2020 1000 0       
02149099 21/01/2020 1000 0       
02149099 22/01/2020 1000 0       
02149099 23/01/2020 1000 20.8    
02149099 24/01/2020 1000 45.8    
02149099 25/01/2020 1000 0       
02149099 26/01/2020 1000 0       
02149099 27/01/2020 1000 0       
02149099 28/01/2020 1000 0       
02149099 29/01/2020 1000 0       
02149099 30/01/2020 1000 0       
02149099 31/01/2020 1000 64.2    
02149099 01/02/2020 1000 1.8     
02149099 02/02/2020 1000 3.2     
02149099 03/02/2020 1000 0       
02149099 04/02/2020 1000 24.4    
02149099 05/02/2020 1000 18      
02149099 06/02/2020 1000 0.4     
02149099 07/02/2020 1000 20.4    
02149099 08/02/2020 1000 1.4     
02149099 09/02/2020 1000 0       
02149099 10/02/2020 1000 20      
02149099 11/02/2020 1000 10.8    
02149099 12/02/2020 1000 0       
