02247201 29/12/2019 1000 0       
02247201 30/12/2019 1000 0       
02247201 31/12/2019 1000 0       
02247201 01/01/2020 1000 0       
02247201 02/01/2020 1000 13.6    
02247201 03/01/2020 1000 20.1    
02247201 04/01/2020 1000 4.2     
02247201 05/01/2020 1000 1.5     
02247201 06/01/2020 1000 20.1    
02247201 07/01/2020 1000 0       
02247201 08/01/2020 1000 14.5    
02247201 09/01/2020 1000 14.7    
02247201 10/01/2020 1000 5.4     
02247201 11/01/2020 1000 0.1     
02247201 12/01/2020 1000 0.4     
02247201 13/01/2020 1000 13.3    
02247201 14/01/2020 1000 0       
02247201 15/01/2020 1000 0       
02247201 16/01/2020 1000 0       
02247201 17/01/2020 1000 1.2     
02247201 18/01/2020 1000 0.6     
02247201 19/01/2020 1000 0       
02247201 20/01/2020 1000 0       
02247201 21/01/2020 1000 0       
02247201 22/01/2020 1000 0       
02247201 23/01/2020 1000 3.2     
02247201 24/01/2020 1000 15      
02247201 25/01/2020 1000 0       
02247201 26/01/2020 1000 0       
02247201 27/01/2020 1000 0       
02247201 28/01/2020 1000 0       
02247201 29/01/2020 1000 0       
02247201 30/01/2020 1000 2.1     
02247201 31/01/2020 1000 5.7     
02247201 01/02/2020 1000 4.7     
02247201 02/02/2020 1000 3.5     
02247201 03/02/2020 1000 1       
02247201 04/02/2020 1000 4       
02247201 05/02/2020 1000 10.4    
02247201 06/02/2020 1000 1.6     
02247201 07/02/2020 1000 13.5    
02247201 08/02/2020 1000 0.1     
02247201 09/02/2020 1000 0       
02247201 10/02/2020 1000 25      
02247201 11/02/2020 1000 31.3    
02247201 12/02/2020 0000 -       
