01647002 07/02/2020 1000 76.4    
01647002 08/02/2020 1000 10.6    
01647002 09/02/2020 1000 7.2     
01647002 10/02/2020 1000 7       
01647002 11/02/2020 1000 0.4     
01647002 12/02/2020 1000 1.4     
01647002 13/02/2020 1000 20      
01647002 14/02/2020 1000 0       
01647002 15/02/2020 1000 0       
01647002 16/02/2020 1000 7.6     
01647002 17/02/2020 1000 14      
01647002 18/02/2020 1000 0       
01647002 19/02/2020 1000 0       
01647002 20/02/2020 1000 0       
01647002 21/02/2020 1000 0.8     
01647002 22/02/2020 1000 5.4     
01647002 23/02/2020 1000 3.8     
01647002 24/02/2020 1000 27      
01647002 25/02/2020 1000 2       
01647002 26/02/2020 1000 25.6    
01647002 27/02/2020 1000 1.8     
01647002 28/02/2020 1000 0       
01647002 29/02/2020 1000 0.4     
01647002 01/03/2020 1000 29.8    
01647002 02/03/2020 1000 2.4     
01647002 03/03/2020 1000 60.4    
01647002 04/03/2020 1000 1.6     
01647002 05/03/2020 1000 4.4     
01647002 06/03/2020 1000 31.2    
01647002 07/03/2020 1000 6.6     
01647002 08/03/2020 1000 15.4    
01647002 09/03/2020 1000 0       
01647002 10/03/2020 1000 0.2     
01647002 11/03/2020 1000 0       
01647002 12/03/2020 1000 0       
01647002 13/03/2020 1000 0       
01647002 14/03/2020 1000 0       
01647002 15/03/2020 1000 0       
01647002 16/03/2020 1000 0       
01647002 17/03/2020 1000 0       
01647002 18/03/2020 1000 1       
01647002 19/03/2020 1000 0       
01647002 20/03/2020 1000 85.8    
01647002 21/03/2020 1000 2       
01647002 22/03/2020 1000 14.2    
01647002 23/03/2020 1000 11.6    
01647002 24/03/2020 1000 14.016181519988756