01647023 07/02/2020 1000 38.8    
01647023 08/02/2020 1000 8.8     
01647023 09/02/2020 1000 1       
01647023 10/02/2020 1000 2.2     
01647023 11/02/2020 1000 0       
01647023 12/02/2020 1000 1.4     
01647023 13/02/2020 1000 6       
01647023 14/02/2020 1000 0       
01647023 15/02/2020 1000 0.8     
01647023 16/02/2020 1000 20      
01647023 17/02/2020 1000 27.2    
01647023 18/02/2020 1000 0.6     
01647023 19/02/2020 1000 0       
01647023 20/02/2020 1000 0       
01647023 21/02/2020 1000 0       
01647023 22/02/2020 1000 7.4     
01647023 23/02/2020 1000 1       
01647023 24/02/2020 1000 0.2     
01647023 25/02/2020 1000 2.2     
01647023 26/02/2020 1000 1.4     
01647023 27/02/2020 1000 13      
01647023 28/02/2020 1000 0.8     
01647023 29/02/2020 1000 0.8     
01647023 01/03/2020 1000 7.2     
01647023 02/03/2020 1000 40.6    
01647023 03/03/2020 1000 19.8    
01647023 04/03/2020 1000 13.8    
01647023 05/03/2020 1000 0.2     
01647023 06/03/2020 1000 47.6    
01647023 07/03/2020 1000 2.2     
01647023 08/03/2020 1000 32.8    
01647023 09/03/2020 1000 5.6     
01647023 10/03/2020 1000 0       
01647023 11/03/2020 1000 0       
01647023 12/03/2020 1000 0       
01647023 13/03/2020 1000 0.2     
01647023 14/03/2020 1000 0       
01647023 15/03/2020 1000 0       
01647023 16/03/2020 1000 0       
01647023 17/03/2020 1000 0       
01647023 18/03/2020 1000 0       
01647023 19/03/2020 1000 0       
01647023 20/03/2020 1000 48.2    
01647023 21/03/2020 1000 0.2     
01647023 22/03/2020 1000 11.6    
01647023 23/03/2020 1000 12      
01647023 24/03/2020 1000 1.9900398438474314