01648014 07/02/2020 1000 54.75   
01648014 08/02/2020 1000 9.75    
01648014 09/02/2020 1000 13.75   
01648014 10/02/2020 1000 2.75    
01648014 11/02/2020 1000 0.5     
01648014 12/02/2020 1000 0       
01648014 13/02/2020 1000 58.25   
01648014 14/02/2020 1000 0.25    
01648014 15/02/2020 1000 9       
01648014 16/02/2020 1000 30.5    
01648014 17/02/2020 1000 1.25    
01648014 18/02/2020 1000 20      
01648014 19/02/2020 1000 0       
01648014 20/02/2020 1000 51.25   
01648014 21/02/2020 1000 0       
01648014 22/02/2020 1000 0       
01648014 23/02/2020 1000 25.8    
01648014 24/02/2020 1000 16      
01648014 25/02/2020 1000 20      
01648014 26/02/2020 1000 17.2    
01648014 27/02/2020 1000 8.5     
01648014 28/02/2020 1000 4       
01648014 29/02/2020 1000 11.8    
01648014 01/03/2020 1000 6       
01648014 02/03/2020 1000 1       
01648014 03/03/2020 1000 3.8     
01648014 04/03/2020 1000 0.5     
01648014 05/03/2020 1000 3.2     
01648014 06/03/2020 1000 12.5    
01648014 07/03/2020 1000 2.5     
01648014 08/03/2020 1000 0.75    
01648014 09/03/2020 1000 0       
01648014 10/03/2020 1000 0       
01648014 11/03/2020 1000 0.25    
01648014 12/03/2020 1000 0       
01648014 13/03/2020 1000 0       
01648014 14/03/2020 1000 0       
01648014 15/03/2020 1000 0       
01648014 16/03/2020 1000 0       
01648014 17/03/2020 1000 0       
01648014 18/03/2020 1000 0       
01648014 19/03/2020 1000 0       
01648014 20/03/2020 1000 42.25   
01648014 21/03/2020 1000 0.25    
01648014 22/03/2020 1000 0       
01648014 23/03/2020 1000 6.75    
01648014 24/03/2020 1000 35.28533874992698