01748018 07/02/2020 1000 32      
01748018 08/02/2020 1000 13.6    
01748018 09/02/2020 1000 2.4     
01748018 10/02/2020 1000 5.8     
01748018 11/02/2020 1000 0.2     
01748018 12/02/2020 1000 0.6     
01748018 13/02/2020 1000 0.4     
01748018 14/02/2020 1000 0       
01748018 15/02/2020 1000 10.2    
01748018 16/02/2020 1000 0       
01748018 17/02/2020 1000 1.2     
01748018 18/02/2020 1000 3       
01748018 19/02/2020 1000 3.2     
01748018 20/02/2020 1000 2.8     
01748018 21/02/2020 1000 12.4    
01748018 22/02/2020 1000 6       
01748018 23/02/2020 1000 45.2    
01748018 24/02/2020 1000 4.8     
01748018 25/02/2020 1000 3.8     
01748018 26/02/2020 1000 12      
01748018 27/02/2020 1000 36      
01748018 28/02/2020 1000 0.8     
01748018 29/02/2020 1000 27.8    
01748018 01/03/2020 1000 5.8     
01748018 02/03/2020 1000 24.2    
01748018 03/03/2020 1000 9.2     
01748018 04/03/2020 1000 0       
01748018 05/03/2020 1000 0       
01748018 06/03/2020 1000 14.4    
01748018 07/03/2020 1000 2       
01748018 08/03/2020 1000 0       
01748018 09/03/2020 1000 0       
01748018 10/03/2020 1000 0       
01748018 11/03/2020 1000 0       
01748018 12/03/2020 1000 0.2     
01748018 13/03/2020 1000 0       
01748018 14/03/2020 1000 0       
01748018 15/03/2020 1000 0       
01748018 16/03/2020 1000 0       
01748018 17/03/2020 1000 0       
01748018 18/03/2020 1000 0       
01748018 19/03/2020 1000 0       
01748018 20/03/2020 1000 0       
01748018 21/03/2020 1000 2.8     
01748018 22/03/2020 1000 2.2     
01748018 23/03/2020 1000 2       
01748018 24/03/2020 1000 7.673036496930246