01748017 07/02/2020 1000 52.8    
01748017 08/02/2020 1000 60.6    
01748017 09/02/2020 1000 2.6     
01748017 10/02/2020 1000 2.8     
01748017 11/02/2020 1000 2.4     
01748017 12/02/2020 1000 2.4     
01748017 13/02/2020 1000 4       
01748017 14/02/2020 1000 0       
01748017 15/02/2020 1000 9.6     
01748017 16/02/2020 1000 0.2     
01748017 17/02/2020 1000 0       
01748017 18/02/2020 1000 14.2    
01748017 19/02/2020 1000 0.2     
01748017 20/02/2020 1000 0.2     
01748017 21/02/2020 1000 4       
01748017 22/02/2020 1000 8.2     
01748017 23/02/2020 1000 0.6     
01748017 24/02/2020 1000 0.2     
01748017 25/02/2020 1000 1       
01748017 26/02/2020 1000 20.2    
01748017 27/02/2020 1000 8       
01748017 28/02/2020 1000 10.6    
01748017 29/02/2020 1000 28.6    
01748017 01/03/2020 1000 9.2     
01748017 02/03/2020 1000 29.6    
01748017 03/03/2020 1000 9.4     
01748017 04/03/2020 1000 0       
01748017 05/03/2020 1000 8.8     
01748017 06/03/2020 1000 8.8     
01748017 07/03/2020 1000 15.4    
01748017 08/03/2020 1000 0       
01748017 09/03/2020 1000 8       
01748017 10/03/2020 1000 0.2     
01748017 11/03/2020 1000 0       
01748017 12/03/2020 1000 0       
01748017 13/03/2020 1000 0       
01748017 14/03/2020 1000 0       
01748017 15/03/2020 1000 0       
01748017 16/03/2020 1000 0       
01748017 17/03/2020 1000 0       
01748017 18/03/2020 1000 0       
01748017 19/03/2020 1000 0       
01748017 20/03/2020 1000 0       
01748017 21/03/2020 1000 0.4     
01748017 22/03/2020 1000 0.4     
01748017 23/03/2020 1000 1.4     
01748017 24/03/2020 1000 3.220692872055013