01750016 07/02/2020 1000 50.2    
01750016 08/02/2020 1000 39.6    
01750016 09/02/2020 1000 9.2     
01750016 10/02/2020 1000 2.6     
01750016 11/02/2020 1000 0       
01750016 12/02/2020 1000 12.8    
01750016 13/02/2020 1000 0.2     
01750016 14/02/2020 1000 4.6     
01750016 15/02/2020 1000 0.6     
01750016 16/02/2020 1000 0       
01750016 17/02/2020 1000 0       
01750016 18/02/2020 1000 0.2     
01750016 19/02/2020 1000 15.6    
01750016 20/02/2020 1000 0.4     
01750016 21/02/2020 1000 0       
01750016 22/02/2020 1000 0       
01750016 23/02/2020 1000 0       
01750016 24/02/2020 1000 20.4    
01750016 25/02/2020 1000 1       
01750016 26/02/2020 1000 0       
01750016 27/02/2020 1000 7.4     
01750016 28/02/2020 1000 48.8    
01750016 29/02/2020 1000 9.6     
01750016 01/03/2020 1000 3.2     
01750016 02/03/2020 1000 1.2     
01750016 03/03/2020 1000 0.4     
01750016 04/03/2020 1000 0.8     
01750016 05/03/2020 1000 0.2     
01750016 06/03/2020 1000 1.6     
01750016 07/03/2020 1000 18      
01750016 08/03/2020 1000 2.2     
01750016 09/03/2020 1000 0       
01750016 10/03/2020 1000 0       
01750016 11/03/2020 1000 0       
01750016 12/03/2020 1000 0       
01750016 13/03/2020 1000 0       
01750016 14/03/2020 1000 0       
01750016 15/03/2020 1000 20.8    
01750016 16/03/2020 1000 3.4     
01750016 17/03/2020 1000 0.2     
01750016 18/03/2020 1000 0       
01750016 19/03/2020 1000 0       
01750016 20/03/2020 1000 2.4     
01750016 21/03/2020 1000 0       
01750016 22/03/2020 1000 0       
01750016 23/03/2020 1000 4.4     
01750016 24/03/2020 1000 17.36227187512986