01946017 07/02/2020 1000 7       
01946017 08/02/2020 1000 5       
01946017 09/02/2020 1000 3       
01946017 10/02/2020 1000 0       
01946017 11/02/2020 1000 10      
01946017 12/02/2020 1000 6       
01946017 13/02/2020 1000 59      
01946017 14/02/2020 1000 42      
01946017 15/02/2020 1000 0       
01946017 16/02/2020 1000 0       
01946017 17/02/2020 1000 30      
01946017 18/02/2020 1000 47      
01946017 19/02/2020 1000 16      
01946017 20/02/2020 1000 2       
01946017 21/02/2020 1000 21      
01946017 22/02/2020 1000 0       
01946017 23/02/2020 1000 0       
01946017 24/02/2020 1000 13      
01946017 25/02/2020 1000 4       
01946017 26/02/2020 1000 21      
01946017 27/02/2020 1000 16      
01946017 28/02/2020 1000 21      
01946017 29/02/2020 1000 20      
01946017 01/03/2020 1000 57      
01946017 02/03/2020 1000 16      
01946017 03/03/2020 1000 0       
01946017 04/03/2020 1000 20      
01946017 05/03/2020 1000 0       
01946017 06/03/2020 1000 0       
01946017 07/03/2020 1000 13      
01946017 08/03/2020 1000 0       
01946017 09/03/2020 1000 0       
01946017 10/03/2020 1000 1       
01946017 11/03/2020 1000 0       
01946017 12/03/2020 1000 0       
01946017 13/03/2020 1000 0       
01946017 14/03/2020 1000 0       
01946017 15/03/2020 1000 0       
01946017 16/03/2020 1000 8       
01946017 17/03/2020 1000 0       
01946017 18/03/2020 1000 11      
01946017 19/03/2020 1000 4       
01946017 20/03/2020 1000 0       
01946017 21/03/2020 1000 2       
01946017 22/03/2020 1000 21      
01946017 23/03/2020 1000 0       
01946017 24/03/2020 1000 0.0