01949009 07/02/2020 1000 48.8    
01949009 08/02/2020 1000 0.2     
01949009 09/02/2020 1000 5.2     
01949009 10/02/2020 1000 6.2     
01949009 11/02/2020 1000 3.2     
01949009 12/02/2020 1000 14      
01949009 13/02/2020 1000 12.8    
01949009 14/02/2020 1000 0.4     
01949009 15/02/2020 1000 3       
01949009 16/02/2020 1000 0       
01949009 17/02/2020 1000 0       
01949009 18/02/2020 1000 29.4    
01949009 19/02/2020 1000 7.2     
01949009 20/02/2020 1000 0       
01949009 21/02/2020 1000 15.4    
01949009 22/02/2020 1000 39.8    
01949009 23/02/2020 1000 28      
01949009 24/02/2020 1000 2       
01949009 25/02/2020 1000 9.6     
01949009 26/02/2020 1000 4       
01949009 27/02/2020 1000 6.2     
01949009 28/02/2020 1000 23.6    
01949009 29/02/2020 1000 19.6    
01949009 01/03/2020 1000 10      
01949009 02/03/2020 1000 3.6     
01949009 03/03/2020 1000 0       
01949009 04/03/2020 1000 0       
01949009 05/03/2020 1000 0       
01949009 06/03/2020 1000 0       
01949009 07/03/2020 1000 0.2     
01949009 08/03/2020 1000 0       
01949009 09/03/2020 1000 0.2     
01949009 10/03/2020 1000 0.2     
01949009 11/03/2020 1000 0       
01949009 12/03/2020 1000 0       
01949009 13/03/2020 1000 0       
01949009 14/03/2020 1000 0       
01949009 15/03/2020 1000 0.2     
01949009 16/03/2020 1000 1.8     
01949009 17/03/2020 1000 0       
01949009 18/03/2020 1000 0       
01949009 19/03/2020 1000 0       
01949009 20/03/2020 1000 0       
01949009 21/03/2020 1000 22.6    
01949009 22/03/2020 1000 18      
01949009 23/03/2020 1000 3.2     
01949009 24/03/2020 1000 0.9084156250150376