99990029 07/02/2020 1200 30.4    
99990029 08/02/2020 1200 16.6    
99990029 09/02/2020 1200 3       
99990029 10/02/2020 1200 6.4     
99990029 11/02/2020 1200 5       
99990029 12/02/2020 1200 0       
99990029 13/02/2020 1200 13.8    
99990029 14/02/2020 1200 0       
99990029 15/02/2020 1200 0       
99990029 16/02/2020 1200 0       
99990029 17/02/2020 1200 0       
99990029 18/02/2020 1200 0       
99990029 19/02/2020 1200 1       
99990029 20/02/2020 1200 0.4     
99990029 21/02/2020 1200 0.4     
99990029 22/02/2020 1200 0       
99990029 23/02/2020 1200 22      
99990029 24/02/2020 1200 76.8    
99990029 25/02/2020 1200 0       
99990029 26/02/2020 1200 0       
99990029 27/02/2020 1200 17.4    
99990029 28/02/2020 1200 29.2    
99990029 29/02/2020 1200 68      
99990029 01/03/2020 1200 13      
99990029 02/03/2020 1200 47      
99990029 03/03/2020 1200 0.2     
99990029 04/03/2020 1200 0.2     
99990029 05/03/2020 1200 0.4     
99990029 06/03/2020 1200 11.2    
99990029 07/03/2020 1200 1.8     
99990029 08/03/2020 1200 0       
99990029 09/03/2020 1200 0       
99990029 10/03/2020 1200 0       
99990029 11/03/2020 1200 0       
99990029 12/03/2020 1200 0       
99990029 13/03/2020 1200 0       
99990029 14/03/2020 1200 0       
99990029 15/03/2020 1200 9.6     
99990029 16/03/2020 1200 0       
99990029 17/03/2020 1200 0       
99990029 18/03/2020 1200 0       
99990029 19/03/2020 1200 3.8     
99990029 20/03/2020 1200 0       
99990029 21/03/2020 1200 0       
99990029 22/03/2020 1200 0       
99990029 23/03/2020 1200 7.8     
99990029 24/03/2020 1200 20.450044867292203