99990505 07/02/2020 1200 21.2    
99990505 08/02/2020 1200 10      
99990505 09/02/2020 1200 4       
99990505 10/02/2020 1200 3       
99990505 11/02/2020 1200 9.2     
99990505 12/02/2020 1200 24.8    
99990505 13/02/2020 1200 35.6    
99990505 14/02/2020 1200 1.2     
99990505 15/02/2020 1200 0       
99990505 16/02/2020 1200 1.2     
99990505 17/02/2020 1200 4.4     
99990505 18/02/2020 1200 41.2    
99990505 19/02/2020 1200 30.8    
99990505 20/02/2020 1200 6.6     
99990505 21/02/2020 1200 7       
99990505 22/02/2020 1200 0       
99990505 23/02/2020 1200 3.8     
99990505 24/02/2020 1200 8       
99990505 25/02/2020 1200 0.4     
99990505 26/02/2020 1200 16.8    
99990505 27/02/2020 1200 25.6    
99990505 28/02/2020 1200 92.8    
99990505 29/02/2020 1200 47.2    
99990505 01/03/2020 1200 11.8    
99990505 02/03/2020 1200 2.2     
99990505 03/03/2020 1200 0       
99990505 04/03/2020 1200 0       
99990505 05/03/2020 1200 0.4     
99990505 06/03/2020 1200 0       
99990505 07/03/2020 1200 2.6     
99990505 08/03/2020 1200 29.4    
99990505 09/03/2020 1200 0.2     
99990505 10/03/2020 1200 20      
99990505 11/03/2020 1200 10.8    
99990505 12/03/2020 1200 0       
99990505 13/03/2020 1200 0       
99990505 14/03/2020 1200 0       
99990505 15/03/2020 1200 3.2     
99990505 16/03/2020 1200 18.2    
99990505 17/03/2020 1200 0.2     
99990505 18/03/2020 1200 8.4     
99990505 19/03/2020 1200 2.8     
99990505 20/03/2020 1200 0       
99990505 21/03/2020 1200 1.2     
99990505 22/03/2020 1200 57      
99990505 23/03/2020 1200 1.2     
99990505 24/03/2020 1200 0.0