ONS-Operador Nacional Do Sistema Eletrico
Modelo Computacional SMAP
Versao: 3.0.0 Data: 23/09/2019

Iniciando execucao: 02-03-2020 13:04:54

Parametros
   Amplitude inicial: 0.5
   dm alvo: 0 (nao e necessario multiplicar por 100)
   Limite de iteracoes: 10000
   Particulas: 24
   Pulso inicial: 0.1
   Uso de pesos: on
   Gerar graficos: off
   Semente: 9952

Sub bacia: SMesa
cef: 0.95371191
*dm: 0.064609298
ebin: 491.412
mape: 0.045075203
somacoef: 1.9086367
supin: 294.25352
Iteracoes: 10000
Iteracao otima: 9500
Tempo: 8.705 s

Qcal
[34](0,0,0,785.66552,728.32126,662.01557,612.72807,660.34414,712.02255,813.28669,1297.3694,2297.6065,2954.9253,2838.7511,2571.3593,2086.883,1832.652,1675.5079,1529.2059,1377.8769,1243.6564,1134.5254,1026.0418,1003.9876,936.56771,890.42517,978.3104,980.73744,1203.5212,1142.7709,1158.0836,1060.6277,1184.4408,1322.0397)
Rsolo
[34](0,0,45.393527,42.824759,40.252186,38.900502,40.079925,41.824029,44.646718,52.834118,62.003766,63.820591,59.111836,55.544764,48.037212,47.186666,47.305435,46.351712,44.239169,42.499442,41.231333,39.676436,39.951587,39.156595,38.477914,41.356184,41.773186,47.353938,44.947951,45.568301,42.866037,46.432777,49.225417,43.312062)
Rsub
[34](0,0,78.144055,79.230776,79.342349,78.590516,77.756895,76.96782,76.755763,77.566482,82.029507,91.782633,102.64501,110.355,115.91193,117.6969,119.09754,120.53368,121.55648,121.73699,121.28298,120.40232,119.12519,117.86161,116.61144,115.37452,114.5979,113.96945,115.48061,115.99679,116.75129,116.47955,117.57865,119.87521)
Rsup
[34](0,0,1.6945761,1.3249807,0.93909229,0.68247832,0.98688405,1.3130712,1.9039207,4.6623435,10.260979,13.693201,12.630783,10.811684,7.8203892,6.2916565,5.3359549,4.4414071,3.5328776,2.7533783,2.141346,1.5484932,1.4677361,1.1252327,0.90477764,1.4556946,1.4977971,2.8035457,2.3989644,2.4684552,1.8798918,2.6027601,3.3553744,2.372608)
Peso chuva 
[34](2,0.5,1.7223529,1.8932766,2,2,0.71708459,0.82946783,0.72410996,0.65822418,0.635403,0.65607015,0.69436665,1.6639087,1.5936879,0.96960542,1.5091246,1.0870008,2,2,2,2,2,2,2,2,2,2,2,1.8884554,2,1.7060583,1.2710706,1)
Previsao ETA40_LIMITES
[13] (10.101538,11.614231,8.6184615,8.1684615,3.7119231,0.40115385,1.3457692,4.2961538,4.9265385,3.2776923,5.6461923,5.6461923,5.6461923)
Previsao PMEDIA_ORIG
[13] (11.9,8.5,6.6,6.8,9.6,8,3.6,4.1,5,10.7,7.7,5.1,7.3)
Previsao PRECMEDIA_ETA40.GEFS
[13] (12.09,8.71,7.69,7.63,10.48,7.02,4,4.28,4.85,7.96,7.471,7.471,7.471)
Previsao PRECZERADA_
[13] (0,0,0,0,0,0,0,0,0,0,0,0,0)


Tempo de execucao em: 8 s

Finalizando execucao: 02-03-2020 13:05:02

