ONS-Operador Nacional Do Sistema Eletrico
Modelo Computacional SMAP
Versao: 2.0.4 Data: 14/05/2019

Iniciando execucao: 25-03-2020 12:54:43

Parametros
   Amplitude inicial: 0.5
   somacoef alvo: 2 (nao e necessario multiplicar por 100)
   Limite de iteracoes: 10000
   Particulas: 24
   Pulso inicial: 0.1
   Uso de pesos: on
   Gerar graficos: off
   Semente: 9952

Sub bacia: AVERMELHA
cef: 0.99728709
dm: 0.0059506808
ebin: 209.53253
mape: 0.0052962937
*somacoef: 1.9919908
supin: 199.55898
Iteracoes: 10000
Iteracao otima: 9867
Tempo: 5.595 s

Qcal
[33](0,0,409.09151,418.40681,427.56553,432.42097,434.22665,490.79562,511.49602,509.06544,495.50316,467.25838,438.87985,413.6296,391.19652,371.28111,353.59626,337.88829,323.92519,311.49768,300.44466,290.68693,283.4891,275.47916,268.42826,262.23534,256.5629,251.48666,250.42475,266.01228,335.45008,374.92506,372.21711)
Rsolo
[33](0,57.9647,61.036827,63.60053,65.230016,66.176551,71.80541,73.823787,73.326704,71.937679,67.824045,62.891162,58.71319,55.149598,52.030944,49.349221,47.018234,44.973349,43.19817,41.982619,40.977269,40.539359,39.47417,38.54685,37.707457,36.719355,35.552162,35.461539,39.567498,50.128667,57.192024,58.286334,54.696707)
Rsub
[33](0,178.94712,179.65163,180.73704,182.16113,183.80789,185.58395,188.22715,191.19636,194.06656,196.69054,198.65009,199.89028,200.58437,200.8587,200.80077,200.48354,199.96096,199.27379,198.45576,197.55564,196.60037,195.64971,194.70366,193.76218,192.82525,191.89285,190.96496,190.04156,189.12262,188.93492,189.49925,190.19155)
Rsup
[33](0,6.3662201,6.6370756,6.8887072,6.9904075,6.9864981,8.7247872,9.2864258,9.097975,8.5581052,7.5590397,6.5805263,5.7286808,4.9871063,4.3415282,3.7795198,3.2902631,2.8643404,2.4935532,2.1715028,1.8938401,1.6999021,1.479884,1.2902891,1.127894,0.98193306,0.85482238,0.85560624,1.3873639,3.6368562,4.9031765,4.795709,4.1749072)
Peso chuva 
[33](0.5,1.6926749,1.4586108,1.7571996,1.0991201,0.87694268,1.6194959,1.1279133,1.2346154,1.4336649,0.91510967,2,2,2,2,0.66428258,1.3864739,1.9565447,2,2,2,1.9910659,0.5,0.66165593,0.74561458,0.7898797,0.5,1.0322695,0.96649546,1.3150425,1.0260099,0.99693645,1)
Previsao PMEDIA_ORIG
[13] (1,1.1,0.8,1,2.9,3.2,2.1,3.2,4.1,2.1,2.4,2.5,2.2)


Sub bacia: Camargos
cef: 0.98781315
dm: 0.02911206
ebin: 85.219601
mape: 0.026438469
*somacoef: 1.9613747
supin: 144.61497
Iteracoes: 10000
Iteracao otima: 9961
Tempo: 8 s

Qcal
[33](0,0,229.83457,212.49765,197.31647,186.32485,201.44938,249.68091,298.70715,309.06037,325.67905,306.36747,302.21408,279.712,258.45179,239.20092,222.01862,215.54628,202.69679,189.85494,178.35435,168.16491,159.1316,155.07288,148.77427,141.88721,140.24048,134.78658,129.40807,137.92157,157.31158,153.65812,146.92909)
Rsolo
[33](0,43.24,40.455673,39.646699,40.437644,49.309822,58.041899,59.787188,56.253506,57.547335,50.738335,53.018493,46.394569,43.241425,40.901232,39.056382,43.586752,43.006636,40.49198,38.531965,36.666826,34.891968,37.296849,37.44207,35.876804,38.556351,38.193501,36.472693,42.799648,51.161952,47.560702,42.613817,40.289524)
Rsub
[33](0,254.34992,253.71346,252.54376,251.37945,250.22051,252.67137,260.8175,270.24951,277.02167,284.69159,287.81275,292.32768,293.0188,292.2047,290.85754,289.51659,288.87344,287.97456,286.64691,285.32538,284.00993,282.70056,281.39722,280.09989,278.80853,277.52314,276.24367,274.9701,274.04464,277.46864,278.83413,277.81019)
Rsup
[33](0,16.80555,14.815626,13.096981,11.864989,13.667718,19.177227,24.557339,25.393234,27.060795,24.517983,23.913798,21.123064,18.625528,16.420103,14.475819,13.775885,12.307702,10.850363,9.5655848,8.4329359,7.4344025,7.0137234,6.3325158,5.5826905,5.4416047,4.8578607,4.2826475,5.3215797,7.6109044,7.0530238,6.2178841,5.4816323)
Peso chuva 
[33](0.83513099,2,0.95904176,0.5,0.5,1.7558332,0.98940894,1.6290218,1.0943196,1.7448348,2,1.6904579,0.5,1.5581022,2,2,0.5,0.5,0.81749834,0.5,0.51357634,1.4401704,2,2,2,2,2,2,0.85771567,1.2084035,2,2,1)
Previsao PMEDIA_ORIG
[13] (0.9,0.1,0,0.1,0.5,2.6,4.1,4.6,5.3,4.4,5.1,3.5,2.6)


Sub bacia: CAPESCURO
cef: 0.93263917
dm: 0.074882986
ebin: 99.607432
mape: 0.032710547
*somacoef: 1.8999286
supin: 115.526
Iteracoes: 10000
Iteracao otima: 9999
Tempo: 11.547 s

Qcal
[33](0,0,215.13343,208.11466,197.77566,190.74268,190.10638,203.3398,224.13347,249.67433,263.14861,252.67035,239.3643,226.13073,213.50755,202.3748,192.54079,183.83861,176.12299,169.2674,163.26926,157.80368,152.91044,148.51662,146.64096,143.45539,139.91004,137.08639,134.98886,166.55983,175.76005,181.51147,177.27377)
Rsolo
[33](0,131.232,121.4464,115.5433,117.08092,121.19508,128.20031,132.65806,135.31493,133.46486,120.11379,114.28432,110.40001,108.30263,106.06461,103.87282,101.89946,99.932444,97.936779,97.262789,95.839173,94.199458,93.014311,95.819495,96.105267,95.146194,94.993149,95.825182,114.68351,123.45518,124.72015,115.83042,110.81597)
Rsub
[33](0,168.9105,178.84426,182.89116,183.78952,185.46318,189.3145,197.18966,207.79149,220.04623,230.97437,233.84327,233.67558,231.65968,229.66117,227.67991,225.71573,223.7685,221.83807,219.92429,218.02703,216.14613,214.28145,212.43286,210.60023,208.7834,206.98224,205.19662,203.42641,203.71833,208.67641,214.3179,215.08986)
Rsup
[33](0,13.055691,11.600477,10.16236,9.3076879,9.1242409,10.363097,12.188182,14.368038,15.074084,13.161641,11.46672,9.9823598,8.690149,7.5652141,6.5859014,5.7333601,4.9911799,4.3450745,3.7947591,3.3035297,2.8758896,2.5036073,2.4148329,2.176962,1.8973783,1.6983103,1.5802651,5.2661002,6.2863694,6.6059213,5.7510487,5.0065787)
Peso chuva 
[33](2,2,1.3081047,0.89905359,1.6519713,1.3267451,1.9332697,1.4093655,0.94710076,1.0524415,0.5,1.0849484,2,2,2,0.53463435,2,2,2,2,2,2,2,2,2,2,2,2,1.3947094,2,2,2,1)
Previsao PMEDIA_ORIG
[13] (0.4,0.4,0,0.3,1.5,4.1,3,4.7,4.4,3.3,4.8,5,2.6583333)


Sub bacia: EDACUNHA
cef: 0.99511451
dm: 0.010594137
ebin: 80.708817
mape: 0.0094004116
*somacoef: 1.9857141
supin: 88.560872
Iteracoes: 10000
Iteracao otima: 9932
Tempo: 6.506 s

Qcal
[33](0,0,169.26969,148.90955,133.4835,162.32099,254.94828,240.7805,214.11991,182.36214,161.19972,150.74752,135.81825,123.54406,114.42556,107.64674,102.64826,98.945955,96.507837,94.295445,92.402623,90.866827,89.585001,88.484261,91.052011,108.47276,119.40219,109.63604,102.64137,97.552549,94.793315,92.119994,88.94678)
Rsolo
[33](0,50.623,43.81758,40.610426,48.325611,58.158293,52.703432,48.372636,42.443432,40.742102,41.701905,38.826722,35.93238,34.154198,32.891869,31.677535,30.901491,30.433578,29.795902,28.849714,27.784783,26.754813,25.851487,27.074434,33.867572,39.955468,37.16088,35.699374,34.825922,34.615073,34.31727,33.078681,31.852469)
Rsub
[33](0,206.94777,212.4574,214.37762,214.89071,219.05189,229.33589,235.91887,239.94416,241.035,241.39722,242.1568,241.75976,240.35252,238.50852,236.67867,234.86286,233.06098,231.27293,229.49859,227.73786,225.99064,224.25683,222.53632,220.82901,219.1348,219.34903,218.526,217.22178,215.65394,214.03407,212.39199,210.76251)
Rsup
[33](0,5.9481783,4.4363729,3.3499863,5.2734125,11.385713,10.164757,8.2016668,5.9632228,4.513278,3.8017697,2.7791511,1.9651566,1.3895755,0.98257828,0.69478776,0.49368609,0.37712871,0.27537013,0.19471609,0.13768507,0.097358044,0.068842533,0.28637225,1.5011559,2.2796076,1.6180538,1.1698161,0.86218927,0.71793369,0.58081138,0.41069566,0.29040569)
Peso chuva 
[33](0.5,0.5,2,2,2,1.3124796,0.76061092,1.1294109,2,1.1308912,2,2,1.8464975,0.5,0.92043236,1.9735827,2,2,2,2,2,0.63695773,1.6487379,0.68197636,1.024712,1.3282845,0.5,0.69817196,0.5,0.94994294,2,0.5,1)
Previsao PMEDIA_ORIG
[13] (0,0,0,0,0.9,3.8,4.3,5.7,2.6,3.1,4.3,5.6,2.525)


Sub bacia: FUNIL MG
cef: 0.98220394
dm: 0.027415664
ebin: 174.26359
mape: 0.020854711
*somacoef: 1.9613492
supin: 315.78553
Iteracoes: 10000
Iteracao otima: 9821
Tempo: 5.75 s

Qcal
[33](0,0,490.04912,437.89699,394.26098,359.89077,347.62122,410.79903,478.1743,501.60204,509.40656,517.1858,561.67653,582.86051,526.61281,474.01387,428.43504,389.99648,357.65652,330.42293,307.46505,288.08747,271.70801,257.83932,246.08233,236.36797,232.95508,233.01014,229.08279,264.7477,344.36945,364.23472,338.34784)
Rsolo
[33](0,58.1125,55.359513,54.11268,53.788467,58.132686,70.152505,74.315317,72.566549,71.916713,71.875006,74.655946,73.846561,63.812428,58.046553,55.487883,53.536486,51.913154,49.834956,47.755989,45.735567,43.800623,42.652702,41.600062,40.891289,42.389096,45.040527,46.070581,55.476032,68.810489,69.809306,60.508038,56.492028)
Rsub
[33](0,309.76416,308.46253,306.88281,305.31118,303.7476,302.48627,308.038,316.45754,323.58349,330.22076,336.79524,345.31677,353.20541,354.61904,353.05675,351.24865,349.44981,347.66019,345.87973,344.10838,342.34611,340.59287,338.8486,337.11327,335.38682,333.66922,331.96041,330.26035,328.569,333.11256,338.28103,338.00469)
Rsup
[33](0,17.654494,14.779784,12.389928,10.517836,9.8810636,13.452791,17.044904,18.089864,18.302067,18.528227,20.808777,21.725088,18.332362,15.347274,12.848253,10.756151,9.0047097,7.5384583,6.310959,5.2833354,4.4230414,3.7028323,3.1003982,2.6118797,2.475376,2.5324749,2.3666546,4.4140273,8.9186032,9.8863024,8.2764999,6.9288241)
Peso chuva 
[33](2,0.5,0.5,0.5,0.5,1.4788142,1.5097358,1.3993504,1.8247994,1.3794446,1.7670724,2,2,2,0.5,2,0.50813,0.65852842,0.5,1.9671811,1.9405766,0.56804197,1.7888171,1.7631899,2,2,2,2,1.4278107,0.9816271,1.0078211,0.69205664,1)
Previsao PMEDIA_ORIG
[13] (0.4,0.1,0,0.2,0.2,1.4,2.5,4.3,3.6,3.5,4.4,2.5,1.925)


Sub bacia: FURNAS
cef: 0.98409351
dm: 0.038946863
ebin: 192.95053
mape: 0.035550553
*somacoef: 1.948543
supin: 854.89598
Iteracoes: 10000
Iteracao otima: 8793
Tempo: 5.769 s

Qcal
[33](0,0,1047.8465,973.24604,903.38555,866.40687,824.15121,880.83176,950.64612,922.08513,917.80548,857.6629,796.08414,737.45072,683.9553,635.7667,593.37893,555.37802,521.62069,489.44042,460.41351,434.22149,410.57813,389.22612,384.72504,382.09702,407.05597,391.51466,395.50213,435.49141,482.20816,481.90545,457.9186)
Rsolo
[33](0,37.1365,38.287368,38.377229,41.882989,42.160597,48.446001,50.226425,45.778609,47.02278,41.559831,38.822983,36.236787,34.348509,32.372742,31.718598,31.132574,30.670493,29.451142,27.710302,26.065843,24.49904,23.343464,26.007895,28.809123,34.857888,35.03484,38.409542,44.35944,46.872904,43.977508,39.354972,36.042546)
Rsub
[33](0,164.65007,163.83689,163.42744,163.06152,164.46514,166.01416,171.48995,178.22212,181.8544,186.27966,187.39356,187.118,186.19385,185.27428,184.35924,183.44873,182.54271,181.64116,180.74407,179.85141,178.96316,178.07929,177.19979,176.32463,175.4538,174.58726,173.72501,173.3232,176.09915,180.45323,182.96509,182.96661)
Rsup
[33](0,35.6197,32.551137,29.660355,28.137485,26.308345,28.594336,31.235822,29.717101,29.361433,26.639488,24.019387,21.589849,19.406057,17.443153,15.721722,14.182852,12.820573,11.523785,10.358165,9.3104467,8.3687041,7.5222178,7.3776213,7.3108547,8.3933032,7.7880766,7.9963182,9.6821117,11.493049,11.267839,10.145767,9.1195327)
Peso chuva 
[33](2,0.5,1.0741982,0.5,1.3194782,0.58445864,1.5294077,1.4290241,0.68835538,0.72219439,0.5,0.6003234,2,2,2,1.5527148,1.3214476,2,2,2,2,2,2,2,2,2,2,2,2,2,2,2,1)
Previsao PMEDIA_ORIG
[13] (0.7,0,0,0,0.5,3,3.3,3.4,3,2.6,4.8,4.3,2.1333333)


Sub bacia: MARIMBONDO
cef: 0.95606323
dm: 0.054709694
ebin: 165.896
mape: 0.032599251
*somacoef: 1.923464
supin: 228.53356
Iteracoes: 10000
Iteracao otima: 9950
Tempo: 5.734 s

Qcal
[33](0,0,394.42956,390.44142,389.05341,381.0252,375.2941,371.6532,372.07955,382.13298,455.41494,483.97992,474.9668,434.93299,399.15546,368.38451,342.25463,320.16836,301.77466,286.53526,273.88403,263.35654,254.57181,247.21729,241.11748,236.03929,231.64711,227.84543,228.02501,255.44396,269.47374,284.31314,273.15826)
Rsolo
[33](0,75.6252,83.943778,89.116568,90.645795,91.433424,91.868204,92.521834,94.208183,102.26635,102.63612,98.52253,87.808623,81.988123,78.44714,76.161389,74.682774,73.404113,72.140499,70.862309,69.602802,68.365032,67.203464,66.43071,65.726706,64.964313,64.141844,64.55624,72.480084,78.574906,84.094884,80.374841,77.418086)
Rsub
[33](0,186.03939,185.33192,187.39901,191.45872,196.13492,201.12595,206.28362,211.70364,217.8465,227.83093,237.96672,246.01397,249.32249,250.44261,250.36637,249.57377,248.61456,247.65903,246.70718,245.75898,244.81442,243.8735,242.9362,242.00249,241.07238,240.14584,239.22286,238.30342,237.38752,237.40274,239.32513,239.92823)
Rsup
[33](0,5.4824336,5.4018938,5.3243764,5.0449368,4.807416,4.6133031,4.5131977,4.6384297,6.2650273,6.7367018,6.3036542,5.1711104,4.2420447,3.4798993,2.8546844,2.3417985,1.9210601,1.5759136,1.2927776,1.0605112,0.86997482,0.7136711,0.58738989,0.48554004,0.40007027,0.32869029,0.35274272,1.0301817,1.3863437,1.7420099,1.4332845,1.175774)
Peso chuva 
[33](0.57525966,1.2455733,2,2,2,0.95941505,0.84123898,0.90370222,1.6819007,2,2,2,2,0.5,1.1547003,2,2,2,2,2,2,2,2,0.5,0.5,0.5,1.7016052,1.7120725,1.3887334,1.1244721,1.7083131,2,1)
Previsao PMEDIA_ORIG
[13] (0.9,0.6,0.5,0.4,1.7,2.8,2.2,3.9,2.9,2.4,3,3.6,2.075)


Sub bacia: PARAGUACU
cef: 0.9959096
dm: 0.011067079
ebin: 77.829727
mape: 0.010283428
*somacoef: 1.9856262
supin: 322.46058
Iteracoes: 10000
Iteracao otima: 9324
Tempo: 5.687 s

Qcal
[33](0,0,400.29031,398.01632,363.61709,334.18265,330.23707,328.40582,341.53141,333.02709,328.71436,337.20248,341.20404,315.80611,291.33673,268.93752,248.78694,230.96462,215.19514,201.23572,188.87232,177.91623,168.20109,159.58025,155.99683,196.82267,209.77008,197.98519,187.84519,189.50665,216.82353,227.10594,216.28011)
Rsolo
[33](0,67.5165,68.555351,59.800604,59.434513,65.071206,66.858496,69.186134,66.594677,67.05185,68.916008,68.698723,59.58438,58.041489,56.998897,54.776534,52.948205,51.285111,49.586994,47.674315,45.879633,44.10758,42.418529,44.545442,56.454416,63.678017,59.262715,58.410891,62.350427,68.145886,67.314908,61.365084,56.910041)
Rsub
[33](0,143.30692,148.47984,154.33699,154.77108,155.00649,158.52501,163.18291,169.40757,173.83748,178.54823,184.50768,190.28632,190.42651,189.75932,188.82213,187.88957,186.96162,186.03825,185.11945,184.20517,183.29542,182.39016,181.48937,180.59302,179.70111,182.2345,182.24285,181.80545,183.53734,188.93935,193.75134,194.85688)
Rsup
[33](0,24.76494,24.374536,21.488378,19.20971,18.896871,18.609474,19.423237,18.510476,17.994488,18.44989,18.508642,16.317057,14.431964,12.739535,11.231063,9.9012068,8.7288173,7.695249,6.7840642,5.9807717,5.272596,4.6482746,4.4106403,7.5834472,8.6150081,7.6042629,6.825163,6.9710075,8.9967039,9.5610752,8.5289443,7.5190427)
Peso chuva 
[33](2,1.6800769,1.1865798,0.5,1.2170524,1.9014659,1.539496,1.4187063,1.1838243,1.3852235,1.4487909,1.7703981,0.5,2,2,0.65123541,0.8962956,0.54570309,0.5,0.5,2,1.7518989,0.5,1.1790659,1.6158172,1.1150982,0.53461309,0.97226017,2,1.4058198,1.0056929,0.97469657,1)
Previsao PMEDIA_ORIG
[13] (0.1,0,0.1,0,2,8,4.6,3.1,3,3.8,4.8,4.7,2.85)


Sub bacia: PASSAGEM
cef: 0.97159004
dm: 0.036856319
ebin: 57.192
mape: 0.023478981
*somacoef: 1.9481111
supin: 229.45332
Iteracoes: 10000
Iteracao otima: 9936
Tempo: 5.224 s

Qcal
[33](0,0,286.64532,298.59335,294.57406,286.33042,284.17187,299.99966,343.37912,397.41645,447.76714,449.70347,449.12242,448.2322,404.51387,367.10831,335.05053,307.5212,283.83005,263.40174,245.73021,230.39937,217.02016,205.2929,195.06463,187.91061,182.52727,194.2907,197.69645,244.9891,236.94041,245.00248,230.54138)
Rsolo
[33](0,97.065,100.85372,102.76795,103.8655,105.22183,107.73661,114.23875,125.16436,119.97954,119.58985,118.96127,118.48298,111.98793,106.29985,101.30377,96.961929,93.327109,90.047251,87.249934,84.257265,81.535348,79.049316,77.549691,77.005874,76.743446,80.265862,82.343641,89.41555,89.893752,92.667047,91.335878,87.954266)
Rsub
[33](0,60.091359,61.222405,62.658335,64.251313,65.932741,67.72711,69.743906,72.387844,76.216194,79.437526,82.600194,85.678706,88.690217,91.013661,92.782274,94.100486,95.055389,95.726205,96.15674,96.394377,96.438298,96.317248,96.054952,95.712373,95.342643,94.960962,94.773747,94.708812,95.100379,95.523266,96.142929,96.662798)
Rsup
[33](0,7.4836572,7.8382347,7.6625716,7.3442556,7.22166,7.6821858,11.162702,23.006376,8.7135084,8.8989178,8.7996497,8.7991299,7.3991568,6.2219245,5.231994,4.399565,3.6995784,3.1109622,2.615997,2.1997825,1.8497892,1.5554811,1.3112586,1.1667263,1.0778355,1.545719,1.732245,3.343723,3.1335328,3.4453897,3.014198,2.5346283)
Peso chuva 
[33](2,1.8029503,0.95610657,1.7293356,1.5228867,1.4417434,0.61098705,1.3363241,1.9999661,0.5,0.86803063,1.5182737,1.6158245,0.5,0.58348022,2,0.5,0.51989368,0.5,1.0955155,0.5,2,1.1757227,0.5,0.5,0.5,1.8494147,2,1.8646958,0.52398995,1.0075502,1.0420064,1)
Previsao PMEDIA_ORIG
[13] (0,0.1,0,0.1,1.2,4.2,2.5,3.9,2,2.5,3.2,4.4,2.0083333)


Sub bacia: PBUENOS
cef: 0.99100709
dm: 0.018619157
ebin: 77.499478
mape: 0.016303393
*somacoef: 1.9747037
supin: 187.53572
Iteracoes: 10000
Iteracao otima: 9766
Tempo: 5.303 s

Qcal
[33](0,0,265.0352,253.35099,246.98894,229.90471,231.31005,284.8752,306.06534,295.04383,288.47311,259.49954,234.00753,211.58135,192.39951,176.2028,162.51659,150.94176,141.29793,133.2178,126.10788,120.06424,114.91752,110.52532,111.37802,117.3425,151.19632,159.84681,175.05053,182.71237,184.03069,187.01724,174.46004)
Rsolo
[33](0,58.322,56.32376,56.493472,53.512696,56.362484,63.43509,62.240253,58.191851,58.266844,51.137484,48.239599,45.321354,43.703958,42.148813,40.270968,39.052554,38.343202,37.738447,36.564164,35.002234,33.494787,31.993155,34.377894,39.00517,49.81117,54.207043,57.30674,57.175556,55.97594,56.039585,50.600872,46.294429)
Rsub
[33](0,228.14698,233.52224,237.62934,241.82028,244.26288,248.34387,257.1381,265.02852,270.15054,275.29685,276.32301,275.94352,274.67134,273.40501,272.14453,270.88985,269.64097,268.39783,267.16043,265.92874,264.70272,263.48236,262.26762,261.05848,259.85492,260.29215,263.03792,267.61151,272.08258,275.8029,279.54414,280.27979)
Rsup
[33](0,15.997464,14.845002,14.183286,12.604499,12.653601,17.104645,18.65741,17.488597,16.77967,14.158998,11.954704,10.052667,8.453252,7.1083093,5.9773518,5.0263337,4.2398703,3.5866281,3.0159827,2.5361291,2.1326218,1.7933141,1.9012515,2.4450804,5.3678071,6.093055,7.3104223,7.8314764,7.8143763,7.9613363,6.7817526,5.7027514)
Peso chuva 
[33](0.5,2,0.87960732,2,1.3193904,1.5169986,2,1.1340691,1.036555,1.2187024,0.5,0.5,0.71128916,2,1.9643399,2,0.52770053,0.5,0.5,0.5,1.7138442,1.9805906,0.5,2,2,1.8751522,2,1.5595434,1.5426376,0.93868053,1.3195926,1.0115859,1)
Previsao PMEDIA_ORIG
[13] (0.1,0.1,0,0,0.2,2.2,2.8,2.8,2.8,2.2,3.9,2.8,1.6583333)


Sub bacia: PCOLOMBIA
cef: 0.9695365
dm: 0.049852321
ebin: 259.08
mape: 0.039461742
*somacoef: 1.9300748
supin: 571.66048
Iteracoes: 10000
Iteracao otima: 7379
Tempo: 5.076 s

Qcal
[33](0,0,830.74048,803.97837,780.51169,871.43761,935.01869,1060.7705,1184.089,1159.2694,1109.2207,1048.2872,988.664,932.68418,881.17034,833.75307,790.09361,749.8813,712.83125,678.68224,647.19467,618.14886,591.34333,569.29515,562.27534,544.11812,527.65168,509.02164,494.20265,631.3525,619.86904,601.11952,576.26993)
Rsolo
[33](0,64.5955,55.384924,54.346533,64.269066,64.817786,68.082071,68.388049,59.808414,55.195032,50.071573,47.604417,45.102287,42.706571,40.432019,38.882629,36.957939,35.076073,33.259895,31.886435,30.240956,28.644207,28.47224,32.534349,32.728149,33.077175,32.608281,32.581675,50.772688,52.544209,50.960102,47.286203,44.753924)
Rsub
[33](0,167.18814,175.18647,177.38852,179.02067,186.70858,194.72886,205.09511,215.62435,220.12014,221.90898,221.14749,219.61991,218.10289,216.59634,215.1002,213.6144,212.13885,210.6735,209.21827,207.7731,206.3379,204.91262,203.49719,202.09153,200.69558,199.30928,197.93255,196.56533,196.29925,196.88252,196.70132,195.34261)
Rsup
[33](0,30.702517,28.599511,27.155901,31.903476,34.678422,40.764747,46.525138,44.315821,41.253651,37.832178,34.693336,31.81393,29.173502,26.752219,24.531893,22.495845,20.628781,18.916676,17.346668,15.906965,14.586751,13.521218,13.262003,12.40381,11.635618,10.750421,10.06911,17.54889,16.954286,15.89875,14.579218,13.369202)
Peso chuva 
[33](2,0.5,2,2,2,1.4464595,1.634049,0.71769093,0.51020751,0.5,0.91014145,2,2,2,2,2,2,2,2,2,2,2,2,2,2,2,2,2,1.1729069,2,2,1.7397314,1)
Previsao PMEDIA_ORIG
[13] (3.5,0.8,0.3,0.3,1.2,3.5,3,4.4,5.2,2.6,4.3,4,2.7583333)


Tempo de execucao em: 70 s

Finalizando execucao: 25-03-2020 12:55:53

