ONS-Operador Nacional Do Sistema Eletrico
Modelo Computacional SMAP
Versao: 2.0.4 Data: 14/05/2019

Iniciando execucao: 26-03-2020 14:10:12

Parametros
   Amplitude inicial: 0.5
   somacoef alvo: 2 (nao e necessario multiplicar por 100)
   Limite de iteracoes: 10000
   Particulas: 24
   Pulso inicial: 0.1
   Uso de pesos: on
   Gerar graficos: off
   Semente: 9952

Sub bacia: AVERMELHA
cef: 0.99738181
dm: 0.0061623538
ebin: 207.86879
mape: 0.0055785028
*somacoef: 1.9918033
supin: 211.23994
Iteracoes: 10000
Iteracao otima: 9857
Tempo: 7.636 s

Qcal
[33](0,0,419.10874,429.02021,431.55852,432.62534,490.9253,512.06775,508.63213,495.59443,465.9269,437.45587,412.1292,389.63257,369.66425,351.93539,336.19086,322.19751,309.74511,298.66968,288.89368,281.2189,273.26091,266.19699,259.91307,254.30144,249.28067,247.85801,261.21054,332.29288,366.78826,351.33177,335)
Rsolo
[33](0,61.7185,64.272355,65.529353,66.336876,72.045748,74.062019,73.429181,72.11768,67.709288,62.797229,58.634569,55.083152,51.974133,49.300079,46.975304,44.935525,43.139868,41.929997,40.929451,40.390021,39.328756,38.304406,37.317031,36.232576,35.091302,34.953201,38.632211,49.375001,56.050103,54.350136,52.149826,49.45202)
Rsub
[33](0,177.52623,178.71131,180.23881,181.93796,183.7466,186.43834,189.45705,192.35305,195.01508,196.96532,198.20091,198.89353,199.16866,199.11317,198.79955,198.28147,197.59946,196.78529,195.88963,194.94241,193.99978,193.0617,192.12816,191.19913,190.2746,189.35453,188.43892,187.52773,187.27706,187.71711,187.96585,187.98231)
Rsup
[33](0,6.7388598,7.0107828,7.0347007,7.0052634,8.7975567,9.3714842,9.1491218,8.6250232,7.5791488,6.5980323,5.7439207,5.0003734,4.3530779,3.7895744,3.2990161,2.8719604,2.5001867,2.1772772,1.8988651,1.6894106,1.4707505,1.280442,1.1148477,0.97053125,0.84489653,0.83387952,1.2940466,3.5957127,4.7055287,4.1960068,3.6657081,3.1911842)
Peso chuva 
[33](0.53534819,0.5,1.7756575,1.061844,0.86626673,1.6356226,1.1333126,1.2193463,1.4555062,0.78236322,2,1.995001,2,2,0.69028195,0.56628966,1.0942369,0.50586488,2,2,1.7722906,0.5,0.5,0.5,0.5,0.5654983,0.9848373,0.91497326,1.331565,0.98110468,0.5,1.0680801,1)
Previsao PMEDIA_ORIG
[13] (1,1.1,0.7,5,3.6,1.2,0.9,1.2,2,2,1.4,2.8,1.9083333)


Sub bacia: Camargos
cef: 0.98828774
dm: 0.0359929
ebin: 72.164645
mape: 0.034033979
*somacoef: 1.9542538
supin: 135.52533
Iteracoes: 10000
Iteracao otima: 9995
Tempo: 8.969 s

Qcal
[33](0,0,207.68997,191.79252,180.11174,202.0665,250.07669,297.74995,308.64072,327.15081,306.52086,301.79859,281.27213,258.92341,238.43278,220.14095,215.06909,209.14513,195.15243,182.05203,170.36765,160.02128,154.90328,147.61469,139.82718,137.48264,131.33878,125.34507,137.26077,147.85997,142.85376,136.1924,129.69802)
Rsolo
[33](0,43.12,41.774103,42.554243,52.27392,58.753205,59.804927,56.491337,57.959115,50.841718,53.199476,48.569806,43.408508,40.961507,39.108529,44.509036,47.781119,42.705991,40.337307,38.38478,36.526764,38.920784,39.06223,37.278844,39.947788,39.571301,37.688993,45.065632,50.29967,46.254121,42.047484,39.99221,38.056387)
Rsub
[33](0,215.38556,214.87551,213.88486,213.13464,217.5226,226.3628,235.96742,243.06588,251.19503,254.53222,259.31681,261.31222,260.7189,259.5169,258.32044,258.24625,259.81794,258.92159,257.72788,256.53967,255.35694,254.17967,253.00782,251.84137,250.6803,249.52458,248.37419,248.61066,251.63919,252.44676,251.30286,250.14427)
Rsup
[33](0,15.749252,13.921686,12.602846,15.183396,20.59176,25.78762,26.679263,28.553917,25.840019,25.161313,22.589665,19.914851,17.556758,15.477885,14.935075,14.249546,12.562275,11.074792,9.7634396,8.607363,8.0586566,7.2574949,6.3981441,6.1711032,5.5023397,4.8508146,6.2803172,7.5028317,6.8031477,5.9975955,5.2874278,4.6613501)
Peso chuva 
[33](0.5,1.8886799,0.5,0.5,1.9511268,0.97318542,1.6169925,1.1235723,1.8098555,2,1.7174519,0.96536706,0.5,1.8264497,1.9199677,0.55517161,1.0080397,0.5,2,1.9697834,1.1925065,2,2,0.83333189,2,2,0.5,0.95942121,0.98511879,1.6454145,1.9286428,1.9323258,1)
Previsao PMEDIA_ORIG
[13] (1.3,0.4,0,0.3,7.9,3.2,1.9,1.6,4.1,3.5,2.1,3.4,2.475)


Sub bacia: CAPESCURO
cef: 0.90566864
dm: 0.10330636
ebin: 105.11176
mape: 0.042116499
*somacoef: 1.8635521
supin: 100.84555
Iteracoes: 10000
Iteracao otima: 9688
Tempo: 10.537 s

Qcal
[33](0,0,205.95732,199.30184,189.97823,190.08216,203.33015,224.00167,249.67242,260.41558,250.28028,237.55791,224.87198,212.72289,202.00018,192.52047,184.1241,176.67207,170.04336,164.24016,158.94175,154.1915,149.91966,148.1477,145.04995,141.57861,138.81698,136.77103,172.53392,181.702,187.23046,182.66479,176.20126)
Rsolo
[33](0,132.696,118.89086,114.34934,120.46433,127.84979,132.43016,135.2042,132.44916,119.76043,114.28404,110.39987,108.3025,106.06448,103.8727,101.89933,99.932322,97.93666,97.262671,95.839056,94.199343,93.014198,95.819382,96.105154,95.146082,94.993037,95.82507,115.85049,124.0238,124.95897,115.92787,111.40099,108.6343)
Rsub
[33](0,178.24454,189.0343,191.6097,191.83839,195.23505,202.8464,213.25254,225.3863,235.61021,238.24849,238.04266,235.98908,233.95323,231.93493,229.93405,227.95043,225.98392,224.03438,222.10165,220.1856,218.28608,216.40295,214.53606,212.68527,210.85045,209.03147,207.22817,208.07144,213.31674,219.05678,219.83714,218.40525)
Rsup
[33](0,11.396642,9.9254373,8.7001349,8.6966399,9.9674432,11.796304,14.00388,14.409342,12.58259,10.969002,9.5490707,8.3129489,7.2368423,6.3000372,5.4845009,4.7745354,4.1564744,3.6305732,3.1605976,2.75146,2.395285,2.3205327,2.0948689,1.8259121,1.6360953,1.5261037,5.6878754,6.6677705,6.9429828,6.0444784,5.2620241,4.580858)
Peso chuva 
[33](0.57262344,0.81225772,0.50139417,0.79425591,1.3967785,1.9291717,1.4007371,0.94502397,0.98165354,0.5,1.2015934,2,2,2,0.5,2,2,2,2,2,2,2,2,2,2,2,2,1.4770594,2,2,2,1.9686629,1)
Previsao PMEDIA_ORIG
[13] (0.3,1.6,0.2,1.9,4.1,2.2,2,2.2,3.1,2.7,1.5,5.2,2.25)


Sub bacia: EDACUNHA
cef: 0.99528255
dm: 0.013757055
ebin: 80.68377
mape: 0.012922932
*somacoef: 1.9823596
supin: 66.980958
Iteracoes: 10000
Iteracao otima: 9991
Tempo: 10.539 s

Qcal
[33](0,0,147.66473,134.05632,165.11687,254.6115,241.6646,213.99667,182.37899,160.04499,149.91616,135.30413,123.27703,114.3395,107.70213,102.80279,99.134008,96.752486,94.451631,92.624921,91.135016,89.884787,88.805545,91.046414,108.45746,119.66686,109.79515,102.47201,97.408811,94.304634,91.772264,88.713104,86.3672)
Rsolo
[33](0,51.9455,44.382603,50.315369,58.510653,52.890177,48.197975,42.345597,39.960175,41.239939,38.562469,35.772271,34.051816,32.791562,31.577245,30.506096,30.044205,29.049689,28.009205,26.970916,25.971116,25.03442,26.06105,32.886177,39.074903,36.641127,35.152188,34.459454,34.244224,33.983974,32.823203,31.60903,30.437297)
Rsub
[33](0,206.88355,213.17646,215.35501,220.62241,231.14612,237.83067,241.74702,242.78125,242.81592,243.37002,242.86512,241.3976,239.54559,237.70778,235.88407,234.07436,232.27853,230.49647,228.72809,226.97328,225.23193,223.50393,221.7892,220.08762,219.95357,218.94827,217.46785,215.79942,214.1438,212.50087,210.87055,209.25274)
Rsup
[33](0,4.4987665,3.4199227,5.4490354,11.321955,10.17672,8.1433122,5.9171305,4.3899799,3.7087702,2.7128408,1.9182681,1.3564204,0.95913405,0.67821019,0.47956703,0.36701618,0.25951963,0.18350809,0.12975981,0.091754045,0.064879907,0.26065061,1.4749768,2.2724257,1.612905,1.14738,0.84608958,0.68130079,0.55458199,0.39214869,0.277291,0.19607434)
Peso chuva 
[33](2,0.5,2,2,1.2786302,0.76894479,1.0921148,1.9784475,0.97120361,2,2,0.5,0.5,0.5,0.5,0.5,2,0.5,0.5,1.9000921,0.5,0.5,0.65585423,1.0267023,1.3411619,0.5,0.5,0.5,0.86133455,2,1.4904245,2,1)
Previsao PMEDIA_ORIG
[13] (0.1,0,0.1,1.4,5.3,1.2,0.9,2.1,3.9,3.9,1.6,3.2,1.975)


Sub bacia: FUNIL MG
cef: 0.96268476
dm: 0.061746654
ebin: 163.18019
mape: 0.049195753
*somacoef: 1.913489
supin: 259.07425
Iteracoes: 10000
Iteracao otima: 8619
Tempo: 10.265 s

Qcal
[33](0,0,422.25444,383.28692,350.95209,347.80347,412.07816,477.50944,501.54946,509.55733,521.07183,565.15695,585.53235,528.48837,475.21942,429.08079,390.17504,357.44581,329.88818,306.66086,287.05954,270.49459,256.47239,244.57969,234.47054,230.9079,230.77252,226.7665,264.41,343.62119,327.8232,305.37848,285.11674)
Rsolo
[33](0,69.3,61.194992,59.011912,63.725828,72.100944,74.511181,72.657733,71.983405,72.245043,74.742482,73.863941,63.817149,58.048437,55.376704,53.422893,51.648868,49.58125,47.491043,45.48183,43.557621,41.91083,40.347254,38.89648,40.400605,43.062092,44.097784,53.933574,67.46644,63.742804,58.209952,55.416642,53.072119)
Rsub
[33](0,290.06274,295.11918,295.41671,294.61757,296.28273,303.18732,311.7748,318.98873,325.69562,332.5497,341.15659,349.07908,350.51649,348.97609,347.18889,345.41085,343.64191,341.88203,340.13116,338.38926,336.65627,334.93217,333.21689,331.5104,329.81265,328.12359,326.44318,324.77138,328.48734,329.98854,328.62919,326.9462)
Rsup
[33](0,14.48396,12.146387,10.329299,10.178404,13.719412,17.160294,18.234202,18.455008,18.887803,21.136883,22.005304,18.566997,15.543703,13.012697,10.893818,9.1199604,7.6349426,6.3917326,5.3509565,4.4796516,3.7502227,3.1395679,2.628347,2.4828437,2.5286712,2.3578314,4.5152026,8.9962105,7.9961271,6.6941048,5.6040929,4.6915695)
Peso chuva 
[33](0.75592775,0.5,0.5,0.5,1.6800425,1.4614856,1.3664439,1.8335553,1.3854154,1.8283735,2,2,2,0.5,0.51444805,0.5,0.5,0.5,0.5,0.61164115,2,0.5,0.5,0.5,2,2,2,1.4727378,0.9895026,0.5,0.5,0.5,1)
Previsao PMEDIA_ORIG
[13] (0.5,0,0,0.1,3.2,3,1.6,2.3,1.6,2,1.5,3.4,1.6)


Sub bacia: FURNAS
cef: 0.97955978
dm: 0.062819979
ebin: 172.78703
mape: 0.059401576
*somacoef: 1.9201582
supin: 799.66587
Iteracoes: 10000
Iteracao otima: 9924
Tempo: 9.926 s

Qcal
[33](0,0,972.4529,900.42497,868.49383,824.0557,879.90467,956.08116,919.38679,936.76687,874.05125,808.35085,746.7461,690.65301,640.13767,595.46,555.27689,519.53968,485.95297,455.66987,428.35667,403.71344,381.47057,376.13173,372.75249,396.9631,380.86711,384.30363,423.58556,469.77599,446.67755,421.70502,397.90208)
Rsolo
[33](0,37.7315,38.078224,42.377338,42.296171,48.522596,50.514745,45.336498,48.223004,41.935471,38.693102,36.174681,34.289639,32.317259,31.605606,30.933556,30.398314,29.189785,27.464394,25.834527,24.281629,23.136307,25.802607,28.605952,34.660204,34.838049,38.216146,44.263485,46.839838,39.938819,36.712742,34.496592,32.386497)
Rsub
[33](0,147.44399,146.86294,146.44144,148.19968,149.90409,155.51313,162.53905,165.9694,171.28991,172.68156,172.41735,171.56581,170.71848,169.87533,169.03635,168.20151,167.3708,166.54418,165.72165,164.90318,164.08876,163.27835,162.47195,161.66953,160.87108,160.07656,159.65292,162.43856,166.83819,167.20712,166.38132,165.55959)
Rsup
[33](0,33.318508,30.345797,29.035949,27.098561,29.342317,32.242378,30.370432,30.927089,28.054223,25.248831,22.694936,20.399365,18.335989,16.515638,14.882353,13.434106,12.075259,10.853858,9.756001,8.769191,7.8821959,7.6993199,7.5978965,8.6458241,8.0141623,8.1961405,9.853529,11.642063,10.464833,9.4063253,8.4548846,7.5996813)
Peso chuva 
[33](0.75880425,2,0.5,1.4313163,0.57784027,1.5336819,1.473524,0.63767879,0.84647013,0.5,0.5,2,2,2,1.4809899,1.2312908,1.8880986,2,2,2,2,2,2,2,2,2,2,2,2,0.5,0.60993241,1.9517181,1)
Previsao PMEDIA_ORIG
[13] (0.7,0.1,0,0.9,4,1.5,1,1.9,2.1,2.3,1.5,2.9,1.575)


Sub bacia: MARIMBONDO
cef: 0.94636421
dm: 0.076516485
ebin: 168.77285
mape: 0.054570825
*somacoef: 1.8917934
supin: 228.46529
Iteracoes: 10000
Iteracao otima: 9903
Tempo: 8.831 s

Qcal
[33](0,0,397.23814,391.57704,380.70334,375.15307,371.47561,372.1231,384.67796,457.38931,485.35221,475.7708,435.24286,399.05324,367.94402,341.53737,319.22513,300.6466,285.25695,272.48382,261.85769,252.99338,245.57492,239.42392,234.30502,229.88082,226.03349,227.77571,255.69018,270.18461,265.90857,256.20568,247.56933)
Rsolo
[33](0,76.5828,84.271258,87.667571,89.986722,91.204109,92.294981,94.513945,102.43064,102.71466,98.560253,87.823354,81.996744,78.452583,76.164979,74.64792,73.329655,72.03296,70.750127,69.489149,68.250485,67.047424,66.276465,65.574096,64.813474,63.755918,64.972156,73.023342,79.276376,79.67964,77.114283,75.275235,73.932379)
Rsub
[33](0,189.26555,188.83679,191.01077,194.47479,198.8647,203.74784,209.07928,215.36948,225.4476,235.63299,243.70739,247.03063,248.16258,248.09686,247.31408,246.36355,245.41667,244.47343,243.53382,242.59782,241.66542,240.7366,239.81135,238.88965,237.9715,237.05688,236.14577,235.23817,235.4906,235.87545,235.43226,234.5274)
Rsup
[33](0,5.4807959,5.3541602,5.0467981,4.8395465,4.657416,4.5684883,4.7556236,6.3653805,6.8206073,6.3728653,5.2278868,4.2886203,3.5181069,2.8860275,2.3675104,1.9421525,1.5932163,1.3069717,1.0721551,0.87952672,0.72150687,0.59381621,0.49080873,0.40439093,0.33173617,0.3930971,1.0822451,1.4493768,1.341396,1.1003946,0.90269258,0.74051064)
Peso chuva 
[33](2,2,2,1.9939741,0.98790026,0.85509488,0.91655453,1.7440584,2,2,2,0.5,0.5,0.90240443,0.5,0.5,0.5,0.5,0.5,0.5,0.5,0.5,0.5,0.5,0.5,0.5,2,1.404172,1.1425072,0.9183341,0.5,1.7852236,1)
Previsao PMEDIA_ORIG
[13] (0.6,0.9,0.4,2.9,3.6,1.2,0.9,1.4,2.8,2.6,1.4,3,1.8083333)


Sub bacia: PARAGUACU
cef: 0.99173289
dm: 0.018458432
ebin: 76.492039
mape: 0.016503594
*somacoef: 1.9752293
supin: 325.63005
Iteracoes: 10000
Iteracao otima: 9982
Tempo: 6.982 s

Qcal
[33](0,0,402.12209,366.00091,332.04563,329.07639,330.08572,340.05271,333.00805,329.37304,337.18139,346.11399,319.67441,293.5183,270.01036,249.02188,230.46438,214.05027,199.52603,186.66814,175.27956,165.18657,156.23602,155.98245,195.78971,210.17775,197.99938,185.943,186.87934,217.09235,211.10665,198.99481,187.01857)
Rsolo
[33](0,62.33,59.414633,57.174034,64.355686,67.232656,68.989106,66.937033,67.360056,68.989977,69.454426,59.908539,56.791729,56.039167,53.854224,52.187552,50.51522,48.842596,47.01294,45.195733,43.440054,41.776564,45.580024,57.326063,64.810114,59.582116,57.689543,62.007218,68.464223,63.682704,58.978447,55.920672,53.74035)
Rsub
[33](0,140.84385,142.76611,143.05021,142.34371,145.47725,150.44878,156.59812,161.31764,166.29635,172.36802,178.73662,179.10859,178.22401,177.34379,176.46792,175.59638,174.72914,173.86619,173.00749,172.15304,171.30281,170.45678,169.61492,168.77723,172.0634,172.29237,171.53653,173.1196,178.79205,181.33278,181.19544,180.30055)
Rsup
[33](0,25.008355,22.154075,19.534463,19.335894,19.282711,19.840813,19.043295,18.567276,18.959295,19.392069,17.095878,15.071577,13.303065,11.727866,10.339184,9.1149344,8.0356465,7.0841557,6.2453297,5.505828,4.8538898,4.8697041,7.9620108,9.1019513,8.0295875,7.094109,7.1975453,9.4518719,8.7555738,7.7194119,6.805366,5.9995512)
Peso chuva 
[33](0.5,1.7231445,1.7870915,0.5,2,1.6503665,1.3735815,1.2464556,1.419641,1.4464264,1.9252503,0.74354526,0.5,2,0.5,1.2844395,0.5,0.5,1.8319925,0.5,0.68728929,0.5,1.5118899,1.6006082,1.1489231,0.5,0.61074882,2,1.4698185,0.57721708,0.5,0.5,1)
Previsao PMEDIA_ORIG
[13] (0.1,0,0,2.9,7,1.3,1.2,2.2,4,4.7,2.2,3.2,2.4)


Sub bacia: PASSAGEM
cef: 0.95828997
dm: 0.057426158
ebin: 58
mape: 0.039471982
*somacoef: 1.918818
supin: 262.48846
Iteracoes: 10000
Iteracao otima: 9998
Tempo: 6.974 s

Qcal
[33](0,0,320.48846,289.79658,286.73568,282.80842,300.84234,350.95801,399.61657,439.62405,449.33872,450.94346,450.17366,406.55639,369.21313,337.1893,309.67299,285.97949,265.53692,247.8608,232.52387,219.12997,207.38142,197.12806,189.96683,184.58086,196.72718,200.16325,244.59691,237.18421,269.32646,266.08318,245.09806)
Rsolo
[33](0,97.935,97.297625,99.731575,101.62521,104.97072,114.96291,123.07836,123.71794,122.85166,121.43094,120.41176,113.65615,107.75693,102.58769,98.103019,94.338452,91.222735,88.426338,85.323969,82.506914,79.937819,78.373967,77.780927,77.47515,80.990753,83.022652,89.768371,90.271694,95.410812,96.601337,92.698712,89.18242)
Rsub
[33](0,60.940321,62.136774,63.276229,64.608066,66.09284,67.863785,70.591454,74.187752,77.839541,81.374209,84.731085,87.958021,90.452619,92.359082,93.789709,94.837483,95.585338,96.099848,96.416723,96.527793,96.463975,96.250703,95.951626,95.621941,95.277524,95.130429,95.104639,95.518757,95.966075,96.790391,97.703506,98.314732)
Rsup
[33](0,8.5611036,7.5229434,7.3877413,7.2183109,7.7604004,14.242439,17.652628,11.038858,9.4109054,8.8019347,8.798206,7.3983799,6.2212711,5.2314446,4.399103,3.6991899,3.1106356,2.6157223,2.1995515,1.849595,1.5553178,1.3111624,1.1673611,1.07937,1.5607296,1.7490627,3.2680652,3.0798283,4.1781445,4.1082401,3.4546043,2.9049644)
Peso chuva 
[33](0.59932881,0.84429414,1.0346221,1.7213664,1.4660276,0.64620841,1.8096899,1.5003598,2,0.88761891,1.4319345,1.5634461,0.5,0.5,1.9539686,0.5,0.5,0.93502594,1.3520128,0.5,1.4601427,0.501032,0.5,0.5,0.5,1.8597247,2,1.8120372,0.52958193,1.3879773,2,2,1)
Previsao PMEDIA_ORIG
[13] (0.1,0.3,0.2,1.4,3.5,2.7,1.4,1.8,4.4,2.6,1.5,3.2,1.925)


Sub bacia: PBUENOS
cef: 0.97768194
dm: 0.035707503
ebin: 64.632
mape: 0.027873463
*somacoef: 1.9498085
supin: 190.36687
Iteracoes: 10000
Iteracao otima: 9802
Tempo: 6.076 s

Qcal
[33](0,0,254.99887,247.40506,229.99149,233.31118,285.63011,304.98553,294.99162,294.60346,265.01943,236.9832,212.29449,191.1249,173.26534,158.18945,145.45462,135.99465,134.88648,125.69345,117.90111,111.2923,105.67895,105.80405,111.4944,150.00607,159.4699,175.13464,182.99957,181.55748,168.25067,155.17006,143.68423)
Rsolo
[33](0,58.751,57.334039,54.34033,57.32899,63.725063,62.302004,58.703476,59.675758,52.657643,48.945307,45.949272,44.309468,42.74043,40.836227,39.741067,39.662246,43.378506,42.279962,40.440865,38.699996,36.965005,39.324924,43.899275,54.96963,56.494167,58.287644,57.746088,55.818592,50.562109,47.233641,45.466394,43.415942)
Rsub
[33](0,190.26703,196.09333,200.99255,204.08725,208.94647,218.13576,226.24996,231.87958,238.12124,240.11473,240.22927,239.12174,238.01931,236.92196,235.82968,234.74243,233.66019,232.58294,231.51066,230.44332,229.3809,228.32338,227.27074,226.22295,229.56238,233.79094,239.11818,244.07705,247.83266,248.69513,247.99241,246.84909)
Rsup
[33](0,16.238971,15.422365,13.794961,13.988468,18.310654,19.695463,18.607823,18.411583,15.707097,13.257741,11.148387,9.3746387,7.8831001,6.6288706,5.5741952,4.7987312,4.7355601,3.9825769,3.3489346,2.8161071,2.3680544,2.4093694,2.9252789,6.2408231,6.9513552,8.1650825,8.6816221,8.4149145,7.1709711,6.0301563,5.0707368,4.2639644)
Peso chuva 
[33](1.8612962,1.7871323,2,1.4222163,1.6195879,2,1.1346313,1.0993697,1.392347,0.7572067,0.5,2,2,2,2,0.64989808,0.81553102,1.4439184,0.70726715,1.1519045,2,0.5,2,2,1.947252,2,1.5779824,1.5852673,0.89604334,0.5,0.5,1.714224,1)
Previsao PMEDIA_ORIG
[13] (0.4,0.1,0,0.2,3.1,4.3,2.1,1.3,2.8,3.3,1.5,3,1.8416667)


Sub bacia: PCOLOMBIA
cef: 0.96720114
dm: 0.052216416
ebin: 255.71972
mape: 0.040629902
*somacoef: 1.9265712
supin: 562.18972
Iteracoes: 10000
Iteracao otima: 9989
Tempo: 5.916 s

Qcal
[33](0,0,817.90944,804.16568,871.15589,935.36643,1061.1493,1180.2034,1153.8077,1103.6904,1042.927,983.4994,927.63891,876.23663,828.92379,785.36219,745.24171,708.27796,674.21014,642.79907,613.82545,587.08815,565.10542,558.15171,540.05362,523.6435,505.06593,490.29779,637.1338,625.46438,606.28033,580.89467,555.6656)
Rsolo
[33](0,64.906,57.75472,63.810508,64.830924,68.097184,68.235389,59.61673,55.123819,50.167668,47.653856,45.149127,42.750924,40.474009,38.92301,36.996321,35.112501,33.294436,31.91955,30.272362,28.673955,28.501798,32.56364,32.757358,33.106296,32.636981,32.610332,51.371441,52.855404,51.11515,47.396256,44.879485,42.476091)
Rsub
[33](0,165.0197,173.25225,176.80381,184.18891,192.23589,202.63091,213.05993,217.45488,219.22372,218.52418,217.01473,215.5157,214.02702,212.54863,211.08045,209.62241,208.17444,206.73647,205.30844,203.89027,202.4819,201.08325,199.69427,198.31488,196.94502,195.58462,194.23362,194.26399,195.01583,194.92003,193.57362,192.23651)
Rsup
[33](0,30.193865,28.77055,32.072848,34.906803,40.992572,46.521538,44.235911,41.178455,37.767784,34.634288,31.759782,29.123849,26.706687,24.49014,22.457557,20.593671,18.884479,17.317144,15.879891,14.561924,13.498499,13.241437,12.385033,11.618487,10.73474,10.0548,18.053451,17.424187,16.331284,14.975853,13.732918,12.593141)
Peso chuva 
[33](0.5,0.5,2,1.751002,1.4616948,1.6357705,0.70816556,0.5,0.5,1.0128083,2,2,2,2,2,2,2,2,2,2,2,2,2,2,2,2,2,1.211966,2,2,2,0.5182229,1)
Previsao PMEDIA_ORIG
[13] (1.8,0.9,0.4,2.9,3.1,2.7,1.9,1.9,2,2,2,4.3,2.1583333)


Tempo de execucao em: 93 s

Finalizando execucao: 26-03-2020 14:11:45

