ONS-Operador Nacional Do Sistema Eletrico
Modelo Computacional SMAP
Versao: 3.0.0 Data: 23/09/2019

Iniciando execucao: 08-03-2020 13:51:12

Parametros
   Amplitude inicial: 0.5
   somacoef alvo: 2 (nao e necessario multiplicar por 100)
   Limite de iteracoes: 10000
   Particulas: 24
   Pulso inicial: 0.1
   Uso de pesos: on
   Gerar graficos: off
   Semente: 9952

Sub bacia: CORUMBA1
cef: 0.99988911
dm: 0.0016533643
ebin: 267.90663
mape: 0.0016496412
*somacoef: 1.9982395
supin: 70.349568
Iteracoes: 10000
Iteracao otima: 9913
Tempo: 10.393 s

Qcal
[33](0,0,338.2562,484.84182,624.75614,644.09612,578.9058,528.04081,488.36014,500.77441,481.07523,442.04106,476.21158,477.70859,457.48565,433.5285,409.66971,424.52953,428.51162,436.26458,452.79809,531.41026,599.48185,753.9542,837.20976,769.44747,716.64302,708.11118,813.69283,843.71709,744.90727,754.47883,823.63731)
Rsolo
[33](0,64.1405,73.701844,82.302742,85.270092,82.062226,79.145319,76.479865,78.100789,76.902397,72.949042,75.798912,76.224495,74.303103,71.448063,68.413467,69.736424,70.072998,70.793099,72.313595,77.699449,82.281306,89.544424,93.65335,90.738021,88.279859,88.590205,93.380351,94.968543,88.38109,89.550967,92.926409,84.368309)
Rsub
[33](0,129.83309,130.13435,131.6695,134.53081,137.87945,140.64681,142.91398,144.74797,146.81522,148.67975,149.94791,151.61887,153.33923,154.76083,155.76812,156.36537,157.12915,157.93082,158.82188,159.91351,161.78754,164.38542,168.25904,172.90159,176.92975,180.45811,184.01377,188.46557,193.20098,196.60777,200.20465,204.42608)
Rsup
[33](0,1.1303688,3.4757014,5.67293,5.8888141,4.7303174,3.8212711,3.1085172,3.2471811,2.8621161,2.1730999,2.6801013,2.6487533,2.2667741,1.8346992,1.4179416,1.6369053,1.6755657,1.7735593,2.0096744,3.2366119,4.268244,6.6641538,7.8734624,6.6307393,5.6487273,5.3946539,6.9732378,7.308062,5.5633917,5.6042323,6.5962061,4.8799077)
Peso chuva 
[33](2,0.5518168,0.85011061,0.9168008,1.0824516,1.0884934,1.87015,2,2,1.4741537,0.5,2,1.6553525,1.3836516,2,1.109533,1.7553709,1.4781946,0.94429643,0.93567026,1.3385283,1.2913815,1.8768056,1.6713856,0.92171072,0.78680593,0.90885925,0.98940279,1.299143,0.65508925,1.2686718,1.7190064,1)
Previsao ETA40_LIMITES
[13] (0.47,0.24181818,0.61454545,1.6109091,5.6609091,5.4063636,10.895455,11.411818,1.7872727,4.1018182,4.2200909,4.2200909,4.2200909)
Previsao PMEDIA_ORIG
[13] (2.7,5.2,2.4,2.4,3.8,3.8,3.4,5,2.9,4.8,6,3.6,3.8333333)
Previsao PRECMEDIA_ETA40.GEFS
[13] (2.29,2.37,1.8,1.9,2.98,2.2,4.84,4.78,2.44,3.91,2.951,2.951,2.951)
Previsao PRECZERADA_ETA40
[13] (0,0,0,0,0,0,0,0,0,0,0,0,0)


Sub bacia: CORUMBAIV
cef: 0.98715655
dm: 0.020294264
ebin: 92.281583
mape: 0.015713142
*somacoef: 1.9714434
supin: 109.81852
Iteracoes: 10000
Iteracao otima: 9765
Tempo: 11.882 s

Qcal
[33](0,0,202.1001,254.61819,332.43152,349.27501,319.58296,285.82669,256.12237,231.9848,245.89428,281.63834,282.23089,261.5023,241.201,222.35512,206.75783,212.9802,206.37565,205.2008,230.43923,273.60955,308.02248,298.02203,308.40639,309.21089,307.602,302.29725,325.73973,351.2689,326.21894,331.24088,370.319)
Rsolo
[33](0,51.545,60.102421,65.534461,61.911339,53.187413,46.664444,42.862156,41.235569,50.375941,58.134601,56.280534,49.47762,45.409678,42.658227,41.160744,47.396114,46.965069,48.217605,54.407279,59.728914,60.953483,54.815981,56.714033,55.827571,54.990772,53.853058,58.191867,60.184084,50.356187,54.440238,60.625042,48.489941)
Rsub
[33](0,129.89483,133.71973,142.2929,154.41033,163.95556,168.30958,169.57173,169.34489,168.55579,171.47282,178.51256,184.41445,186.77066,187.35721,186.90005,185.93065,187.3468,188.56686,190.31743,195.08189,202.87994,211.37842,216.17732,221.99273,227.25521,232.00884,236.10917,242.61113,250.27199,252.45667,256.68908,264.50288)
Rsup
[33](0,7.4152498,10.777934,15.620847,16.176888,13.71411,11.225929,9.1596659,7.5407115,8.5177718,10.791379,10.49369,8.8109221,7.3270937,6.0264311,4.9951896,5.4618431,4.9479525,4.810097,6.4302892,9.1167157,11.066297,9.9833622,10.454338,10.229693,9.868613,9.2823879,10.668594,12.080493,10.021556,10.255851,12.691483,10.350805)
Peso chuva 
[33](0.5,0.7746563,1.1127154,1.2980506,1.0156545,0.67221464,0.5,0.5223084,0.5,1.5287704,1.3883816,0.97829127,0.5,0.5,0.5,0.5,1.6558732,1.113322,1.1704033,1.6501696,1.4590642,1.365515,0.7998448,1.8452711,2,2,2,2,1.8745378,0.5,1.5112365,2,1)
Previsao ETA40_LIMITES
[13] (1.502,0.67,0.688,3.704,9.144,6.302,18.162,12.88,1.038,2.154,5.6244,5.6244,5.6244)
Previsao PMEDIA_ORIG
[13] (6.9,5.5,2.3,3.3,5.6,2.6,4.9,5.9,2.6,5.1,8,4.1,4.7333333)
Previsao PRECMEDIA_ETA40.GEFS
[13] (2.52,2.25,1.46,2.69,4.81,2.53,7.66,5.34,1.65,2.81,3.372,3.372,3.372)
Previsao PRECZERADA_ETA40
[13] (0,0,0,0,0,0,0,0,0,0,0,0,0)


Sub bacia: EMBORCACAO
cef: 0.98864824
dm: 0.020549267
ebin: 367.16783
mape: 0.017129213
*somacoef: 1.971519
supin: 83.491501
Iteracoes: 10000
Iteracao otima: 9602
Tempo: 8.329 s

Qcal
[33](0,0,450.65933,489.55184,523.99538,576.78896,604.47858,603.1407,587.73396,631.12524,632.80509,634.63167,666.09353,666.43277,675.03763,633.859,595.42342,560.28607,530.55064,510.07653,588.06529,731.17178,883.61935,954.38059,924.13091,881.69178,883.52098,958.23093,1112.6773,1191.2768,1105.4079,1073.8576,1042.5468)
Rsolo
[33](0,53.8112,59.437643,62.62173,65.596883,65.567251,63.487137,61.070401,64.935768,63.836899,63.423361,65.496336,64.28268,64.478644,58.997871,56.020698,53.78981,52.464314,52.028142,60.833171,69.556237,73.443998,72.310692,67.464434,64.631454,66.33756,70.774972,75.031436,74.28943,66.346381,67.103312,66.951917,58.635381)
Rsub
[33](0,239.5045,237.78144,238.08386,239.86744,243.15062,246.3945,248.54563,249.51378,252.38092,254.66463,256.72442,259.83321,262.28961,264.82869,264.74265,263.41487,261.51979,259.63835,257.77044,258.56195,263.91277,271.59788,278.51448,282.53138,285.00346,288.35742,294.21526,302.71117,310.66074,313.83487,317.39826,320.85297)
Rsup
[33](0,2.2371482,3.350049,4.2605382,5.6018729,6.2089498,6.0398508,5.5386655,6.6615626,6.5887992,6.5439334,7.3023407,7.1837293,7.3133932,6.1057159,5.0793723,4.1924112,3.4734976,3.0021804,5.1686123,8.9706259,12.835649,14.416006,13.321352,12.019195,11.966661,13.830736,17.728489,19.485566,16.858168,15.882395,14.897049,12.287988)
Peso chuva 
[33](1.9998008,0.5,0.64710158,0.76436144,1.4360028,2,2,0.73989693,1.0596183,1.1406813,1.2124974,2,2,1.7386628,0.76931209,1.5623794,2,0.72077437,0.63390673,1.435456,1.085112,1.5999767,1.5027876,1.4585798,0.93101991,1.4373053,0.71023688,1.177774,2,2,2,1.7821155,1)
Previsao ETA40_LIMITES
[13] (0.759,1.473,0.177,0.106,2.258,4.359,9.463,10.21,8.37,0.59,3.7765,3.7765,3.7765)
Previsao PMEDIA_ORIG
[13] (2.6,1.7,0.9,1.1,1.3,1.3,2.4,2.1,2.3,1,2.2,1.9,1.7333333)
Previsao PRECMEDIA_ETA40.GEFS
[13] (2.23,1.93,1,0.88,1.45,1.9,4.36,4.11,2.96,0.88,2.17,2.17,2.17)
Previsao PRECZERADA_ETA40
[13] (0,0,0,0,0,0,0,0,0,0,0,0,0)


Sub bacia: ITUMBIARA
cef: 0.9898672
dm: 0.015800813
ebin: 208.936
mape: 0.012124025
*somacoef: 1.9777432
supin: 444.55157
Iteracoes: 10000
Iteracao otima: 9874
Tempo: 8.485 s

Qcal
[33](0,0,653.48757,774.20604,899.76476,924.53521,818.15886,725.08412,649.42056,670.83805,769.63175,754.77588,678.62654,624.60072,583.63375,615.25842,588.54161,553.91101,506.60824,498.18674,506.85308,536.31217,569.38357,578.50036,731.29169,883.96731,990.91127,1004.7019,964.42702,860.32864,771.61499,696.82519,655.4311)
Rsolo
[33](0,59.0376,67.508635,73.914555,75.016735,67.397431,61.370259,57.209954,61.382373,68.174565,68.008589,62.27951,58.866612,56.713442,60.753162,59.533437,57.073003,52.720372,53.37469,55.406333,58.675042,61.635865,62.459339,70.097898,75.780161,78.529187,77.883469,74.967548,66.615924,59.908417,55.135388,54.488031,50.369056)
Rsub
[33](0,150.24813,152.09341,155.71274,160.89584,166.34406,169.86191,172.05894,173.44959,175.62999,179.27933,182.87038,185.18324,186.81037,188.03342,190.01057,191.73911,193.0004,193.51747,194.13671,195.09186,196.63019,198.7385,201.00405,204.97887,210.39891,216.55646,222.49793,227.60539,230.61855,232.20357,232.90988,233.50301)
Rsup
[33](0,9.9509346,12.595683,15.293554,15.686684,13.135943,10.943037,9.1809793,9.6171052,11.760653,11.314521,9.4981977,8.2168786,7.2492167,7.9190394,7.2594606,6.4304768,5.3323808,5.1277772,5.3024905,5.9321776,6.6245701,6.7630156,10.112607,13.406403,15.631546,15.748568,14.662104,12.172961,10.093383,8.369935,7.4213756,6.1535389)
Peso chuva 
[33](2,2,0.89849524,0.85594233,1.0268119,0.5,0.5,0.9714068,1.0245917,2,2,2,2,2,0.84845875,1.6174755,1.5449161,0.5,0.88026508,1.8360225,0.63814131,2,2,1.1870893,1.2967254,0.58247756,1.483619,0.5,0.5,1.5557392,0.5,1.2250856,1)
Previsao ETA40_LIMITES
[13] (1.4116667,1.8283333,0.4275,1.1183333,3.7466667,2.5991667,7.4358333,11.636667,8.52,5.1358333,4.386,4.386,4.386)
Previsao PMEDIA_ORIG
[13] (3.3,3.6,2.3,1.8,2.3,1.1,2.5,4.1,3.2,3.3,4.7,3,2.9333333)
Previsao PRECMEDIA_ETA40.GEFS
[13] (2.35,2.52,1.69,1.44,2.18,1.19,3.77,5.21,4.24,3.44,2.803,2.803,2.803)
Previsao PRECZERADA_ETA40
[13] (0,0,0,0,0,0,0,0,0,0,0,0,0)


Sub bacia: NOVAPONTE
cef: 0.99575055
dm: 0.011471734
ebin: 345.58942
mape: 0.010655647
*somacoef: 1.9850949
supin: 280.58907
Iteracoes: 10000
Iteracao otima: 9864
Tempo: 8.387 s

Qcal
[33](0,0,626.17849,710.37213,774.82485,729.93002,659.1191,596.28335,591.3351,671.47129,890.58819,962.20315,833.68813,729.00865,710.35891,758.2218,787.70495,708.95314,661.68362,633.84288,596.71053,565.27915,635.62411,784.34491,901.28245,1030.2467,1183.7266,1323.2698,1263.1549,1079.6365,935.28816,825.0457,744.69852)
Rsolo
[33](0,53.4872,60.27873,62.726604,58.16343,52.648326,48.529165,51.742511,58.562109,66.99422,66.108064,54.02213,48.431884,52.604312,58.384371,60.246662,52.121885,50.631423,50.77232,48.503502,46.66875,54.454496,62.494545,65.274354,67.253945,69.216876,70.235162,65.097363,53.51184,48.038081,44.719511,43.345346,41.349045)
Rsub
[33](0,259.76351,262.37035,268.47898,275.97408,280.81382,282.87548,283.15927,284.79498,289.78441,299.82375,309.20583,311.6988,311.72988,313.54185,318.22161,323.89732,325.4002,326.23726,327.12862,327.07358,326.31314,328.8868,335.7939,344.37097,354.17791,365.25035,376.95669,385.1152,386.80283,386.12105,384.22536,381.88538)
Rsup
[33](0,6.01887,7.7504993,8.9587349,7.7818067,6.1247357,4.7180204,4.6037775,6.2760854,10.833937,12.083633,9.0591306,6.7425235,6.341584,7.3165726,7.8154589,5.9641922,4.907332,4.2862368,3.4642791,2.7916203,4.32228,7.4390181,9.7503098,12.271927,15.284327,17.961657,16.338063,12.168611,9.0240579,6.6787216,5.0093072,3.7059116)
Peso chuva 
[33](1.7921396,1.9228157,1.8777812,2,2,2,0.89566187,0.70137021,0.64040442,1.3449796,2,0.56015608,0.5,0.75923733,0.85841275,1.2666175,0.5,1.5748946,1.6869115,0.88960878,1.1933506,1.6730544,1.3734368,0.67454121,0.60778276,0.83402623,1.0595348,1.6622441,0.5,0.5,0.5,0.5,1)
Previsao ETA40_LIMITES
[13] (2.2257143,2.05,0.29142857,0.05,0.037142857,0.36571429,2.1742857,4.5857143,3.78,1.01,1.657,1.657,1.657)
Previsao PMEDIA_ORIG
[13] (2.5,2.8,0.9,1,0.6,0.5,1.5,1.8,2.1,2.3,2.9,2.7,1.8)
Previsao PRECMEDIA_ETA40.GEFS
[13] (1.87,1.99,0.81,0.56,0.35,0.4,1.6,2.63,2.13,1.71,1.405,1.405,1.405)
Previsao PRECZERADA_ETA40
[13] (0,0,0,0,0,0,0,0,0,0,0,0,0)


Sub bacia: RVerde
cef: 0.99422774
dm: 0.008617647
ebin: 458.26695
mape: 0.0063988156
*somacoef: 1.9878289
supin: 35.318706
Iteracoes: 10000
Iteracao otima: 8799
Tempo: 8.089 s

Qcal
[32](0,493.58565,635.33201,822.27815,939.53421,952.72508,927.80951,894.97242,900.15178,872.60022,843.21429,841.20216,813.48908,798.70574,829.37335,847.64741,820.59461,774.64802,735.16734,720.0177,724.10173,724.0716,715.87707,776.80142,918.46036,1007.4187,1073.1497,1052.744,1078.9095,999.78028,962.77587,930.00089)
Rsolo
[32](79.692233,88.483901,98.493495,105.26994,107.16127,106.51651,104.9942,106.00777,104.56059,102.71131,102.98679,100.93808,99.993609,102.25548,103.69201,101.55495,96.61939,92.148042,90.738356,91.330862,91.504409,90.772544,95.271095,102.9961,108.17433,112.44786,112.40776,114.52594,107.97629,106.48033,105.02311,99.049483)
Rsub
[32](184.2452,184.0398,184.33634,185.29251,186.74548,188.33675,189.86577,191.26515,192.73355,194.07926,195.27491,196.48286,197.5299,198.50069,199.63103,200.86169,201.92332,202.6242,203.02064,203.3239,203.66277,204.01038,204.30884,204.90053,206.04134,207.57762,209.4558,211.31736,213.34715,214.81602,216.15557,217.37189)
Rsup
[32](0.65783176,3.3074569,6.7757018,8.9153686,9.093745,8.5559593,7.8735142,7.9051544,7.3239639,6.7142909,6.6214232,6.0492903,5.7254359,6.2516647,6.5396647,5.978778,5.0738133,4.305993,4.0054564,4.0674748,4.0512146,3.882483,5.0034086,7.6144787,9.2185293,10.371637,9.9045587,10.305668,8.7378052,7.980528,7.3080177,6.196205)
Peso chuva 
[32](0.65141575,1.180042,0.71319126,0.59439372,0.60498483,1.5945642,2,1.7455635,0.82850061,0.7779934,1.5597259,2,2,2,2,2,2,0.54725869,0.5,0.51011403,0.56094272,1.9998334,1.443805,0.97057596,0.75417711,0.75461263,0.95235056,1.7746518,0.5,2,1.3124191,1)
Previsao ETA40_LIMITES
[13] (0.17875,0.04125,0.249375,1.57625,5.22875,6.49125,23,22.538125,12.80375,9.775625,8.1883125,8.1883125,8.1883125)
Previsao PMEDIA_ORIG
[13] (0.5,1.2,3.7,5.8,4,3.9,3.7,3.2,5.4,4,3.2,3.4,3.5)
Previsao PRECMEDIA_ETA40.GEFS
[13] (1.06,0.9,2.93,4.68,4.14,3.56,10.26,9.63,7.67,6.08,5.091,5.091,5.091)
Previsao PRECZERADA_ETA40
[13] (0,0,0,0,0,0,0,0,0,0,0,0,0)


Sub bacia: SDOFACAO
cef: 0.99844069
dm: 0.0058410654
ebin: 151.80747
mape: 0.005629085
*somacoef: 1.9928116
supin: 221.71628
Iteracoes: 10000
Iteracao otima: 9804
Tempo: 9.145 s

Qcal
[33](0,0,373.52375,466.2991,459.4113,421.84915,378.55953,341.20844,313.76979,294.86385,307.10763,306.69332,310.21712,330.35794,372.42733,377.59768,345.51603,318.5603,297.09483,296.55419,303.57136,306.96735,310.82079,314.11735,315.89626,323.58208,319.74721,327.46328,393.58177,467.01329,515.67786,540.5721,554.79661)
Rsolo
[33](0,109.47,120.05611,122.01352,119.45321,114.14378,108.58353,105.31459,103.78628,107.7331,109.32117,111.10907,114.61358,119.6042,120.59372,114.36737,108.49775,104.29495,105.59776,107.87625,109.27433,110.50537,111.44597,111.97997,113.28843,112.6193,113.95295,120.63429,126.63476,130.12825,131.60189,132.17476,122.37593)
Rsub
[33](0,141.12748,143.20359,146.77394,150.61577,154.02959,156.63478,158.45833,159.84686,161.0342,162.70836,164.57618,166.66786,169.22943,172.50356,175.90037,178.34624,179.96887,181.04287,182.26962,183.77685,185.45442,187.28194,189.2212,191.21675,193.37657,195.4242,197.64078,200.82424,204.93703,209.60225,214.48178,219.41893)
Rsup
[33](0,9.5041117,13.385299,12.925417,11.138127,9.125059,7.4038379,6.1435664,5.2691175,5.7392118,5.6442566,5.7091827,6.4760937,8.1613305,8.2319923,6.7001501,5.4318844,4.4369238,4.3642265,4.6084598,4.6845341,4.7723635,4.8294068,4.8162425,5.0536889,4.7897131,5.0260548,7.7580902,10.759023,12.655443,13.507448,13.892202,11.260298)
Peso chuva 
[33](1.9538941,2,0.81164173,0.5644638,0.5,0.5,0.5,0.5,0.5,1.285638,1.0426831,0.9028582,0.93479803,1.4626864,2,1.0265023,0.9900005,0.5,1.1887327,0.72888134,0.76661622,1.0021298,0.79655478,1.4935862,1.4857972,0.80788127,0.62759474,0.85958075,1.2107859,1.714308,0.86749873,1.3020143,1)
Previsao ETA40_LIMITES
[13] (0.0825,0.0325,0.395,0.2475,4.405,4.6025,8.2675,10.255,5.4725,1.215,3.4975,3.4975,3.4975)
Previsao PMEDIA_ORIG
[13] (1.6,3,1.9,1.7,2.8,2.9,2.7,3.1,2.3,3,4.4,3.2,2.7166667)
Previsao PRECMEDIA_ETA40.GEFS
[13] (0.91,1.31,0.57,0.41,2.09,1.65,3.45,3.79,2.3,2.61,1.909,1.909,1.909)
Previsao PRECZERADA_ETA40
[13] (0,0,0,0,0,0,0,0,0,0,0,0,0)


Sub bacia: SSIMAO2
cef: 0.91990615
dm: 0.092543325
ebin: 191.192
mape: 0.046359923
*somacoef: 1.8735462
supin: 471.58029
Iteracoes: 10000
Iteracao otima: 9969
Tempo: 8.953 s

Qcal
[34](0,0,0,662.77229,974.27911,1083.0741,1103.2952,1145.2202,1074.1688,1063.6809,1177.5072,1138.1775,1027.1284,938.49297,850.17924,1018.6967,1066.6151,977.35963,911.42516,882.5019,871.77969,899.26707,996.48088,1076.937,1107.8345,1292.2488,1439.7338,1581.03,1631.0523,1626.4881,1491.7359,1367.8761,1260.077,1163.0594)
Rsolo
[34](0,0,46.069095,59.832592,62.078058,62.237944,60.328525,55.017343,55.782777,63.180103,55.209712,49.339631,46.961835,44.542563,55.437769,57.728837,51.329677,48.694797,49.634861,51.035647,53.727084,58.00489,59.690922,58.850187,69.014896,69.657082,65.87266,61.886773,60.600565,52.04159,47.608746,45.418731,43.345121,41.714285)
Rsub
[34](0,0,84.676054,85.069852,91.340337,98.790216,106.29718,112.7385,116.53988,120.67788,128.62117,132.44343,133.79699,134.28601,133.97885,137.88335,142.86417,144.95222,146.01244,147.42082,149.37122,152.44185,157.4978,163.38906,168.82344,180.10901,191.76574,200.98717,207.86919,214.02637,216.10598,216.47383,216.09835,215.18694)
Rsup
[34](0,0,5.9168027,9.8140464,11.045781,11.772412,11.071675,9.9208475,9.7058524,12.261928,9.7921865,8.3471484,7.2494794,6.1768054,8.3457878,8.8792532,7.6582698,6.8091622,6.4510447,6.3090971,6.6290254,7.7900292,8.6826415,8.9280234,14.546783,14.758596,12.461679,11.000621,11.000537,9.3702591,7.9771514,6.8193255,5.8040941,4.9400059)
Peso chuva 
[34](0.70983228,0.5,0.5416992,0.81465975,0.79945997,1.8663768,2,0.90045802,1.4453413,2,2,0.5,0.65661671,0.5,1.2622434,1.6786501,0.92544338,0.90758227,1.0015735,0.54346585,0.62981713,1.8238657,1.9085986,1.0977548,1.6298197,1.6183426,2,1.6914221,1.8439549,0.5,0.5,0.5,0.5,1)
Previsao ETA40_LIMITES
[13] (0.8344,0.862,0.6896,5.1488,4.6784,2.4204,9.8444,16.9192,10.7164,9.4144,6.1528,6.1528,6.1528)
Previsao PMEDIA_ORIG
[13] (1.4,2.1,2.1,3.9,2.7,1.4,2.8,3.5,4.6,3.7,4.2,3.4,2.9833333)
Previsao PRECMEDIA_ETA40.GEFS
[13] (1.41,1.93,2.49,4.17,3.19,1.6,5,7.1,6.07,5.9,3.886,3.886,3.886)
Previsao PRECZERADA_ETA40
[13] (0,0,0,0,0,0,0,0,0,0,0,0,0)


Tempo de execucao em: 76 s

Finalizando execucao: 08-03-2020 13:52:28

