ONS-Operador Nacional Do Sistema Eletrico
Modelo Computacional SMAP
Versao: 3.0.0 Data: 23/09/2019

Iniciando execucao: 27-01-2020 12:42:50

Parametros
   Amplitude inicial: 0.5
   dm alvo: 0 (nao e necessario multiplicar por 100)
   Limite de iteracoes: 10000
   Particulas: 24
   Pulso inicial: 0.1
   Uso de pesos: on
   Gerar graficos: off
   Semente: 9952

Sub bacia: QM
cef: 0.99940503
*dm: 0.01720098
ebin: 11.169294
mape: 0.017190687
somacoef: 1.9822143
supin: 8.052936
Iteracoes: 10000
Iteracao otima: 9873
Tempo: 8.557 s

Qcal
[34](0,0,0,19.22223,17.881888,16.729983,15.750315,14.915551,14.202709,13.595715,16.874261,17.693692,26.904092,30.43323,32.517759,33.224987,33.083385,32.435095,30.21051,27.68148,25.455047,23.531258,21.859398,20.387625,19.081483,17.947821,16.982131,16.157767,23.850147,30.573977,37.613386,41.753056,44.606878,90.320034)
Rsolo
[34](0,0,114.10113,112.9755,111.29886,109.55336,107.83524,106.48037,105.3203,111.27192,114.44107,125.62932,133.23181,139.7615,144.24633,147.15631,148.86865,147.44909,144.71556,141.82021,139.16463,136.43918,133.9537,131.75772,129.96532,128.01744,126.21052,135.46658,144.17139,152.20805,157.54598,161.32096,178.86542,170.04053)
Rsub
[34](0,0,39.377777,39.121121,38.866138,38.612816,38.361146,38.111116,37.862716,37.615935,37.370762,37.127187,36.8852,36.668911,37.124643,38.074241,39.355807,40.83381,42.1321,43.102748,43.740948,44.086689,44.145048,43.952505,43.666032,43.381426,43.098675,42.817767,42.785285,43.689444,45.550957,48.092492,51.132189,56.81867)
Rsup
[34](0,0,1.1630548,0.97998849,0.8240688,0.6929565,0.58270464,0.48999424,0.41250432,0.89612172,1.0245127,2.3647138,2.884327,3.1942479,3.2777208,3.2183689,3.0722386,2.6904028,2.2719592,1.9106407,1.606651,1.351027,1.1360738,0.95532037,0.80332548,0.67551351,0.56803689,1.6905256,2.6629533,3.6425888,4.1642074,4.4722582,10.949911,9.2077413)
Peso chuva 
[34](0.5,1.1848551,2,0.5,0.5,1.9220788,0.5,0.5,0.5,0.62084219,0.7336919,0.71937608,0.8679347,1.2168807,0.6481668,0.97793309,0.71482384,0.84015325,0.5,0.5,0.5,0.5,0.55657018,0.5,0.5,0.82553592,1.8622106,1.3412442,2,1.2942184,1.0011172,0.85215526,0.79116775,1)
Previsao ETA40_LIMITES
[13] (9.75,10.7,7.685,2.81,0,0,0.14,6.495,9.085,10.665,5.733,5.733,5.733)
Previsao PMEDIA_ORIG
[13] (11.9,9.1,5.9,3.5,1.3,1.2,2.7,6,15.8,19.7,12.2,7.4,8.0583333)
Previsao PRECMEDIA_ETA40.GEFS
[13] (11.97,7.61,4.89,2.7,1.76,1.07,2.55,6.73,15.17,19.02,7.347,7.347,7.347)
Previsao PRECZERADA_
[13] (0,0,0,0,0,0,0,0,0,0,0,0,0)


Sub bacia: RB-SMAP
cef: 0.99883043
*dm: 0.023022007
ebin: 38.01345
mape: 0.02299228
somacoef: 1.9758382
supin: 68.401815
Iteracoes: 10000
Iteracao otima: 9888
Tempo: 8.9 s

Qcal
[34](0,0,0,106.41527,92.600358,81.212525,72.015396,64.66011,58.767104,54.714825,52.625465,83.86919,97.098377,104.95826,122.13145,121.32465,122.29451,107.53396,95.277521,84.149122,80.948984,87.710501,79.590566,79.984555,110.77046,151.84189,177.77572,200.24979,220.4692,227.77332,240.40459,349.11158,469.91908,552.48546)
Rsolo
[34](0,0,86.29113,82.980546,79.668356,76.213675,72.959119,69.912497,67.700542,65.981068,69.914175,71.821393,73.173149,76.241697,76.746051,77.548765,75.931109,74.251802,72.26373,71.456795,72.037508,70.530259,70.124343,74.5979,80.659351,85.567148,89.899331,93.668135,95.848826,98.24571,106.35597,113.58639,118.02698,108.18124)
Rsub
[34](0,0,40.058019,40.186665,40.026735,39.732667,39.440759,39.150997,38.863363,38.577842,38.294419,38.013078,37.733804,37.456582,37.181396,36.908233,36.637076,36.367911,36.100724,35.835499,35.572224,35.310882,35.051461,34.793945,34.538321,34.284576,34.390886,34.899318,35.784685,36.896626,38.267425,40.615872,43.937214,47.89346)
Rsup
[34](0,0,2.5669597,2.0439373,1.6222741,1.2875998,1.0219686,0.81113704,0.66930782,0.60106708,1.7836641,2.2901437,2.5950523,3.2493941,3.2289169,3.2750415,2.7307693,2.2803993,1.8722917,1.7616433,2.024763,1.7293478,1.7533719,2.9178656,4.4682833,5.4505553,6.2901688,7.0308492,7.2734259,7.707849,11.73855,16.188539,19.168781,15.214272)
Peso chuva 
[34](1.8972818,2,0.5,0.64057978,0.5144939,0.90110817,2,0.5,0.5,0.5,1.1308938,0.74326618,0.67848463,1.1778083,1.0517263,2,2,2,2,2,1.8569284,0.82472615,1.0886816,1.045119,1.2871819,1.3163315,0.90319942,0.86618684,1.1433117,1.0706588,0.89215078,0.76537557,0.65983972,1)
Previsao ETA40_LIMITES
[13] (2.6785714,10.01,11.205714,10.834286,6.3771429,0.028571429,5.6571429,19.135714,10.238571,2.3485714,7.8514286,7.8514286,7.8514286)
Previsao PMEDIA_ORIG
[13] (3,10.4,12.9,8.4,7.7,8.6,12.9,22.3,12.9,6,7.2,5.2,9.7916667)
Previsao PRECMEDIA_ETA40.GEFS
[13] (2.68,11.74,10.84,10.74,7.29,6.68,10.88,25.58,16.28,6.33,10.904,10.904,10.904)
Previsao PRECZERADA_
[13] (0,0,0,0,0,0,0,0,0,0,0,0,0)


Sub bacia: SFR2
cef: 0.83033835
*dm: 0.2400821
ebin: 28.888
mape: 0.16986565
somacoef: 1.6604727
supin: 118.12968
Iteracoes: 10000
Iteracao otima: 9292
Tempo: 9.293 s

Qcal
[34](0,0,0,147.01768,131.85951,118.30937,106.47146,96.13899,87.117282,90.220568,97.422411,110.02305,134.90491,224.39209,336.74361,303.59061,273.73339,244.87754,218.87088,195.59724,175.16291,157.20736,141.40866,127.49021,115.2046,105.43779,99.967733,92.626968,105.71705,112.37612,132.40001,351.76656,549.5172,662.33736)
Rsolo
[34](0,0,41.856467,40.605981,38.984289,37.40973,35.865137,34.599217,34.553849,35.259632,36.972022,40.39974,49.025423,58.436893,56.779071,55.125818,53.12366,51.054185,48.672392,46.48045,44.385659,42.417267,40.48055,38.74034,37.712752,37.12614,36.238593,37.787285,38.532946,41.279657,55.779709,68.113206,76.088176,70.793104)
Rsub
[34](0,0,10.703855,10.66393,10.587384,10.505248,10.423749,10.342882,10.262643,10.183026,10.104027,10.025641,9.9481675,10.168188,10.829597,11.398801,11.880598,12.263289,12.550351,12.735983,12.835916,12.860853,12.821469,12.724602,12.625885,12.527935,12.430744,12.334307,12.238619,12.143673,12.07527,12.584185,13.81206,15.611532)
Rsup
[34](0,0,2.6231733,2.2889655,1.9926602,1.7347115,1.510154,1.3146655,1.3883854,1.5530801,1.8376227,2.3948441,4.3866283,6.8683067,6.092477,5.3953586,4.7257149,4.1252794,3.5912643,3.1263772,2.7216694,2.3693509,2.0626397,1.7956322,1.5846677,1.4690705,1.311887,1.6083433,1.7619483,2.2122867,7.0876129,11.44834,13.880024,12.083263)
Peso chuva 
[34](2,2,0.5,2,1.701542,1.6260397,1.4975296,2,0.68991545,0.80128345,1.0185062,0.63229834,1.3874301,0.92297467,0.5,0.5,0.5,0.5,2,2,2,2,2,2,0.5,1.6775236,2,0.71646424,0.60456863,0.84069144,1.0969372,2,2,1)
Previsao ETA40_LIMITES
[13] (13.319375,12.16375,6.181875,0.99625,0,0.068125,0,5.871875,9.761875,12.844375,6.12075,6.12075,6.12075)
Previsao PMEDIA_ORIG
[13] (15.9,9,5.3,1.9,2.5,1.4,4.1,7,17.4,24.4,13.5,9.7,9.3416667)
Previsao PRECMEDIA_ETA40.GEFS
[13] (11.51,8.05,4.04,1.45,1.29,0.82,2.12,5.83,16.4,19.41,7.092,7.092,7.092)
Previsao PRECZERADA_
[13] (0,0,0,0,0,0,0,0,0,0,0,0,0)


Sub bacia: SRM2
cef: 0.99958154
*dm: 0.024520974
ebin: 90.032676
mape: 0.024517403
somacoef: 1.9750641
supin: 543.05371
Iteracoes: 10000
Iteracao otima: 9784
Tempo: 8.572 s

Qcal
[34](0,0,0,633.08639,546.03688,472.73886,411.00513,359.04289,362.71442,361.29664,389.19442,517.95103,540.10836,897.35828,1502.534,1399.0791,1290.8814,1116.6887,953.98514,841.89399,722.06631,620.58096,555.65217,490.05551,441.21467,406.11109,430.3119,388.41452,422.7834,413.28974,559.87091,877.87131,1674.2253,3860.0207)
Rsolo
[34](0,0,56.568546,54.041114,51.606396,49.370372,47.445186,47.144769,46.612941,46.521612,49.550176,49.902553,57.534353,68.263846,68.828508,68.800203,67.110157,64.675138,63.376427,61.023373,58.692379,57.412023,55.805614,54.475724,53.356869,53.243128,51.916707,51.93283,51.364619,54.70762,61.444937,73.549801,92.633779,76.180537)
Rsub
[34](0,0,10.918531,10.83998,10.761994,10.684569,10.607701,10.531387,10.455621,10.3804,10.305721,10.231578,10.15797,10.08489,10.012337,9.9403052,9.8687919,9.797793,9.727305,9.657324,9.5878465,9.5188689,9.4503875,9.3823988,9.3148992,9.2478852,9.1813533,9.1153001,9.0497221,8.9846158,8.919978,8.8558052,8.792094,20.5253)
Rsup
[34](0,0,2.9779279,2.5041289,2.105713,1.7706865,1.4892184,1.5128027,1.508454,1.6648375,2.3742732,2.4991293,4.4614986,7.7833878,7.2193556,6.6292924,5.6773102,4.788308,4.1768244,3.5228932,2.9695225,2.6165934,2.2599795,1.9952267,1.8057824,1.9415218,1.7147788,1.9062332,1.8571384,2.6638852,4.4106175,8.7804627,20.769526,17.46502)
Peso chuva 
[34](0.5,1.8647655,2,0.60712738,0.55758745,2,1.7829232,1.4733363,1.3352609,0.85088424,0.5,0.5571542,0.77627418,1.658407,2,2,0.74796929,1.208631,1.301441,2,2,2,0.66257457,0.59627636,0.57286638,0.5,0.65415688,1.5998683,0.5,0.5,0.5841563,0.70899185,0.77322983,1)
Previsao ETA40_LIMITES
[13] (7.6118868,13.758302,11.808491,5.4666038,0.92283019,0.56641509,2.4037736,13.814717,20.960189,11.356415,8.8669623,8.8669623,8.8669623)
Previsao PMEDIA_ORIG
[13] (9,14.7,11.7,5.3,3.9,3.5,5.4,14.1,18.5,11.8,8.7,7.3,9.4916667)
Previsao PRECMEDIA_ETA40.GEFS
[13] (10.17,12.51,8.79,4.94,3.01,2.97,4.2,14.24,20.92,11.95,9.37,9.37,9.37)
Previsao PRECZERADA_
[13] (0,0,0,0,0,0,0,0,0,0,0,0,0)


Sub bacia: TM-SMAP
cef: 0.99861421
*dm: 0.014241841
ebin: 201.732
mape: 0.01417426
somacoef: 1.98444
supin: 448.24719
Iteracoes: 10000
Iteracao otima: 9999
Tempo: 8.832 s

Qcal
[33](0,0,649.97919,600.83482,555.60529,515.14335,478.93024,446.50374,418.87215,393.71705,407.71468,469.31759,590.29733,775.01755,764.06659,775.66233,796.58292,781.54005,756.04331,703.56542,651.04003,603.19404,561.42197,554.39271,534.18727,561.31961,612.55975,646.4564,649.88423,649.09263,838.08459,1179.1042,1778.9171)
Rsolo
[33](0,21.150896,19.517934,18.046348,16.686091,15.462813,14.288251,13.534319,12.787087,14.066432,18.077473,24.121582,29.673372,25.592058,25.464798,25.861035,24.274867,22.840088,20.81787,18.852375,17.260172,16.297613,16.895865,16.717842,19.323681,22.987735,24.607628,23.922775,23.386893,29.526513,34.196702,37.556307,24.446065)
Rsub
[33](0,53.597554,53.520896,53.081072,52.644862,52.212237,51.783168,51.357624,50.935577,50.516999,50.10186,49.690133,50.771331,54.657084,56.352643,57.975003,59.770156,60.833787,61.30532,61.05562,60.553877,60.056257,59.562727,59.073253,58.5878,58.106338,58.657465,59.874356,60.788259,61.475206,65.186671,71.929678,81.224595)
Rsup
[33](0,8.9704341,7.992719,7.1207031,6.3438253,5.6517058,5.0350974,4.5141803,4.0425598,4.3542124,5.6182944,8.0703835,11.685612,11.173773,11.278116,11.574583,11.138326,10.547963,9.4622457,8.4299025,7.5101894,6.7117183,6.608221,6.2407333,6.8202781,7.8819734,8.5188093,8.4957485,8.4110692,12.14148,18.686492,30.433338,26.88928)
Peso chuva 
[33](0.53506095,2,0.59759716,0.5,0.80596738,1.7954951,0.97118861,0.88985121,0.5,0.5,1.0613352,1.4282472,1.9848755,2,1.5284258,2,2,2,2,0.67655777,0.5,2,0.71204123,1.1262325,1.4700495,1.3174816,1.4058663,1.0044696,0.86915294,0.5,0.66391909,1.2018527,1)
Previsao ETA40_LIMITES
[13] (3.6019048,10.266667,6.8404762,8.1180952,6.7209524,0.42142857,11.951429,18.974286,8.1333333,0.96238095,7.5990952,7.5990952,7.5990952)
Previsao PMEDIA_ORIG
[13] (4.1,10.8,10.9,10.3,7.3,10.2,12.4,18.7,12.6,3.3,5.8,5.4,9.3166667)
Previsao PRECMEDIA_ETA40.GEFS
[13] (4.95,14.49,10.81,9.32,8.02,6.54,13.8,24.5,15.67,3.81,11.191,11.191,11.191)
Previsao PRECZERADA_
[13] (0,0,0,0,0,0,0,0,0,0,0,0,0)


Tempo de execucao em: 45 s

Finalizando execucao: 27-01-2020 12:43:35

