ONS-Operador Nacional Do Sistema Eletrico
Modelo Computacional SMAP
Versao: 3.0.0 Data: 23/09/2019

Iniciando execucao: 27-02-2020 13:28:30

Parametros
   Amplitude inicial: 0.5
   dm alvo: 0 (nao e necessario multiplicar por 100)
   Limite de iteracoes: 10000
   Particulas: 24
   Pulso inicial: 0.1
   Uso de pesos: on
   Gerar graficos: off
   Semente: 9952

Sub bacia: FOA
cef: 0.99425083
*dm: 0.10513462
ebin: 25.752
mape: 0.10497731
somacoef: 1.8892735
supin: 1.6074689
Iteracoes: 10000
Iteracao otima: 7675
Tempo: 8.495 s

Qcal
[32](0,27.359469,27.304006,36.064602,54.708586,74.410064,76.352367,67.935475,77.762405,77.851221,67.880053,59.693096,53.188488,48.858193,49.317379,60.717886,59.819059,52.972597,47.331998,42.671791,38.809167,35.595394,32.909486,30.659497,28.923023,27.338346,25.981325,24.830802,23.849212,23.187902,35.29526,115.28)
Rsolo
[32](69.156448,67.863938,70.463569,76.000795,81.907374,84.138233,83.008547,87.227538,89.162258,85.90527,83.049106,81.161644,80.128918,80.896649,84.940429,85.754631,82.600381,79.544113,76.639762,73.88039,71.258921,68.759003,66.67957,65.26456,63.61727,61.400216,59.263189,57.204681,56.063306,60.90875,76.661538,73.897736)
Rsub
[32](31.65324,31.277209,30.905646,30.549455,30.265578,30.068495,29.908161,29.732109,29.626043,29.554274,29.428431,29.258703,29.062435,28.853354,28.657982,28.527166,28.411065,28.246532,28.038719,27.793156,27.514794,27.208062,26.884839,26.565455,26.249866,25.938026,25.62989,25.325415,25.024557,24.727273,24.433521,24.231078)
Rsup
[32](0.12726984,0.14709997,0.86464561,2.363709,3.9418405,4.1083152,3.4522434,4.2416214,4.2554854,3.4706504,2.8305618,2.3264982,1.9962935,2.0461167,2.9613257,2.8985883,2.3640045,1.9280135,1.5724318,1.2824298,1.0459125,0.8530159,0.69569502,0.57878393,0.47364674,0.38629254,0.31504899,0.25694481,0.22396544,1.2017032,7.5533414,6.1602861)
Peso chuva 
[32](0.5,2,1.4273838,1.1977108,1.1454577,1.387116,2,2,2,2,2,2,2,2,2,2,2,0.57222704,1.1530019,1.5580553,1.2854879,0.5,1.9576114,2,2,2,1.0434522,1.7056204,0.6339441,0.5,0.62783974,1)
Previsao ETA40_LIMITES
[13] (0,0.73333333,1.3133333,0.15,1.16,0,0,0.66666667,0,0.15,0.41733333,0.41733333,0.41733333)
Previsao PMEDIA_ORIG
[13] (0,0.5,0.9,0.2,1,1.4,1.2,0.4,0.2,0.9,0.5,0.3,0.625)
Previsao PRECMEDIA_ETA40.GEFS
[13] (0.01,0.29,0.86,0.12,0.83,0.9,0.69,0.31,0.17,0.52,0.47,0.47,0.47)
Previsao PRECZERADA_
[13] (0,0,0,0,0,0,0,0,0,0,0,0,0)


Sub bacia: JordSeg
cef: 0.98162556
*dm: 0.090495755
ebin: 29.056
mape: 0.088610731
somacoef: 1.8930148
supin: 7.3751185
Iteracoes: 10000
Iteracao otima: 9987
Tempo: 8.373 s

Qcal
[34](0,0,0,36.431118,32.787484,36.152356,56.837219,56.848648,45.678212,96.808223,114.67985,79.097668,58.330433,46.40985,39.58083,35.941809,33.666016,31.708686,30.4517,29.570394,28.881828,28.28306,27.71576,27.157062,26.590987,26.716313,27.678807,26.250191,25.100469,24.204375,23.46215,24.076059,114.36982,161.28969)
Rsolo
[34](0,0,49.709016,48.228955,49.373642,55.354627,58.266428,57.422518,67.74138,75.440649,72.794562,70.173256,68.194079,66.446606,65.015541,63.604417,61.446402,59.311675,57.292337,55.392149,53.564966,52.037915,50.601501,49.075729,48.492903,48.266151,47.337124,46.177673,44.965758,43.729723,43.423583,58.437108,71.138507,68.232807)
Rsub
[34](0,0,22.031262,21.579565,21.101522,20.662564,20.401781,20.241559,20.05672,20.269986,20.840546,21.267026,21.560737,21.759331,21.878536,21.935957,21.935802,21.853396,21.696016,21.473656,21.195513,20.868552,20.505469,20.111773,19.687966,19.259507,18.835349,18.405149,17.984775,17.574002,17.172611,16.780388,16.708684,17.151024)
Rsup
[34](0,0,0.30905488,0.18133184,0.3487569,1.2398173,1.2547089,0.79546585,2.9482881,3.6854135,2.1628066,1.268984,0.75321867,0.45607244,0.29699096,0.19845022,0.11643675,0.068316958,0.040083625,0.023518274,0.013798883,0.0080962215,0.0047502979,0.0027871434,0.031461319,0.095474175,0.059049731,0.034646263,0.02032801,0.011927058,0.059836471,3.8652798,5.8354233,3.4238193)
Peso chuva 
[34](0.76829888,2,1.9438512,0.5,0.51126154,0.5,0.66056737,1.9977157,0.54417284,0.5,0.5,0.5,0.5,0.5,0.5,0.5,0.5,0.5,0.5,0.5,0.5,0.5,0.5,0.5,0.5,0.5,0.5,0.55547736,0.5,0.58427886,2,0.51686318,0.51440851,1)
Previsao ETA40_LIMITES
[13] (0,0.13666667,0.63,0.04,0.57,0,0,0.11666667,0,0,0.14933333,0.14933333,0.14933333)
Previsao PMEDIA_ORIG
[13] (0,0.2,1.7,0.1,0.8,1.6,1.3,0.4,0.2,1.1,0.5,0.4,0.69166667)
Previsao PRECMEDIA_ETA40.GEFS
[13] (0,0.12,0.81,0.04,0.69,1.32,0.79,0.3,0.15,0.53,0.475,0.475,0.475)
Previsao PRECZERADA_
[13] (0,0,0,0,0,0,0,0,0,0,0,0,0)


Sub bacia: SCaxias
cef: 0.82692036
*dm: 0.19402212
ebin: 77.987456
mape: 0.087681357
somacoef: 1.739239
supin: 0.76296696
Iteracoes: 10000
Iteracao otima: 9927
Tempo: 8.275 s

Qcal
[32](0,78.750423,76.866379,99.056089,127.84203,158.78412,185.25218,190.90944,246.33321,241.58201,221.69076,184.57092,159.89292,142.72325,131.07198,122.77163,115.2569,103.14096,93.302913,85.485788,79.166454,73.966719,69.626162,67.328486,69.109807,73.541059,71.773442,66.438624,62.120491,58.579143,89.609957,239.97011)
Rsolo
[32](83.752368,81.473224,83.127008,86.021912,89.564834,93.114642,95.629615,101.4618,103.76298,104.39574,101.10449,99.6831,98.581953,97.724253,96.981731,96.136543,94.01904,91.209628,88.32264,85.608816,83.458797,81.195487,79.953264,79.41823,79.283021,78.546797,76.547729,74.30183,72.186883,75.756241,87.099068,84.392689)
Rsub
[32](16.436205,16.07807,15.710846,15.361667,15.056646,14.806159,14.612676,14.462141,14.411401,14.402532,14.405327,14.349699,14.271102,14.175922,14.068842,13.952195,13.824732,13.667311,13.471867,13.240487,12.978603,12.695853,12.405879,12.122529,11.84565,11.575095,11.310719,11.052382,10.799945,10.553274,10.312237,10.136625)
Rsup
[32](0.015167346,0.011494699,0.48725181,1.0924362,1.7363183,2.2861154,2.4168288,3.5328208,3.4431559,3.0485658,2.3103808,1.8250435,1.491134,1.2684913,1.1135854,0.97519961,0.74636461,0.5656386,0.4286739,0.32487407,0.2462085,0.18659115,0.16826646,0.23040517,0.34461255,0.33499344,0.25387756,0.19240321,0.14581437,0.78595642,3.797766,2.8781684)
Peso chuva 
[32](2,2,1.4460768,0.6179762,0.53401677,1.3799172,2,0.5,0.72935762,2,2,2,1.9410257,1.6394136,1.5880744,1.692428,2,2,2,2,2,2,1.9436012,0.5,0.96790148,2,2,2,2,2,0.56265523,1)
Previsao ETA40_LIMITES
[13] (0,0.46555556,0.18444444,0,0.34222222,0,0,0,0,0.064444444,0.10566667,0.10566667,0.10566667)
Previsao PMEDIA_ORIG
[13] (0.1,0.8,2.2,0.7,1,2,1.5,0.4,0.4,1.2,0.7,0.8,0.98333333)
Previsao PRECMEDIA_ETA40.GEFS
[13] (0.08,0.56,0.83,0.34,1.54,2,1.01,0.47,0.39,0.82,0.804,0.804,0.804)
Previsao PRECZERADA_
[13] (0,0,0,0,0,0,0,0,0,0,0,0,0)


Sub bacia: StaClara
cef: 0.99648153
*dm: 0.011083004
ebin: 28.967924
mape: 0.010509679
somacoef: 1.9859719
supin: 6.1959695
Iteracoes: 10000
Iteracao otima: 9916
Tempo: 8.754 s

Qcal
[34](0,0,0,35.163893,33.409859,33.026416,35.3986,36.806821,38.423272,43.346013,52.619655,59.58699,52.72854,47.222252,44.814233,40.867329,37.653498,35.013801,32.833129,31.004966,29.446779,28.098498,26.913121,25.853308,24.890453,24.002326,23.182112,22.436745,21.752939,21.120101,20.529774,19.975198,20.376518,21.279988)
Rsolo
[34](0,0,101.14494,99.39045,99.227757,101.63093,103.59469,105.83143,110.25627,116.41625,121.83435,119.02143,116.45517,116.75536,113.98952,111.30988,109.15919,106.77806,104.2539,101.83472,99.517338,97.263706,95.099496,93.019484,91.125175,89.643561,88.160182,86.415832,84.609963,82.841832,81.092238,81.327054,82.514024,80.759127)
Rsub
[34](0,0,28.011448,27.539848,27.045564,26.559521,26.13054,25.750416,25.425107,25.203654,25.132914,25.20289,25.197768,25.128125,25.067515,24.940918,24.754494,24.523811,24.24657,23.92289,23.55812,23.157162,22.72387,22.262305,21.776142,21.278774,20.792766,20.317859,19.853798,19.400337,18.957232,18.524249,18.101154,17.687723)
Rsup
[34](0,0,0.66332452,0.52775444,0.54142769,0.84919881,1.0474531,1.2625909,1.8256227,2.8429527,3.5966893,2.8546942,2.2657723,2.0156863,1.5998513,1.2698028,1.0078431,0.79992563,0.63490139,0.50392157,0.39996281,0.3174507,0.25196078,0.19998141,0.15872535,0.12598039,0.099990704,0.079362674,0.062990196,0.049995352,0.039681337,0.13058257,0.27414772,0.21759119)
Peso chuva 
[34](2,1.3192463,1.6626944,0.50379631,0.52704835,1.195798,0.91866177,2,1.2501974,0.5,1.0499382,0.5,0.5,1.8062807,0.5,0.5,0.5,0.5,0.5,0.5,0.54567229,2,0.54998224,0.52389897,2,2,2,2,2,2,2,2,0.65398476,1)
Previsao ETA40_LIMITES
[13] (0,0.765,0,0.125,0.7,0.155,0,0,0,0.415,0.216,0.216,0.216)
Previsao PMEDIA_ORIG
[13] (0,0.6,0.7,0.4,0.9,3.6,1.5,0.3,0.2,1,0.7,0.7,0.88333333)
Previsao PRECMEDIA_ETA40.GEFS
[13] (0.11,0.34,0.37,0.35,1.11,1.68,1.2,0.45,0.4,0.69,0.67,0.67,0.67)
Previsao PRECZERADA_
[13] (0,0,0,0,0,0,0,0,0,0,0,0,0)


Sub bacia: UVitoria
cef: 0.99865215
*dm: 0.005901607
ebin: 77.668955
mape: 0.0057456292
somacoef: 1.9929065
supin: 48.916888
Iteracoes: 10000
Iteracao otima: 9998
Tempo: 9.181 s

Qcal
[34](0,0,0,126.58584,120.99404,116.41417,116.78741,130.08722,136.31877,136.94021,140.57482,140.72632,135.32453,131.46939,129.34655,136.26546,142.7283,168.5438,180.78562,180.35489,174.35859,167.94044,157.8384,148.7401,140.5333,133.11991,129.25227,124.24431,118.50238,114.87065,110.00786,105.56259,107.00608,214.57428)
Rsolo
[34](0,0,56.341016,54.258171,52.931529,52.625989,54.604541,55.612505,55.999989,56.97383,57.295799,56.501231,55.943096,55.631514,57.059941,58.446631,62.050452,64.271557,64.86311,64.438682,63.86909,61.40684,58.998882,56.682536,54.5263,54.007795,53.161065,51.800172,51.108146,49.811608,48.520481,48.741183,58.467555,56.141718)
Rsub
[34](0,0,23.732395,23.654505,23.554096,23.440579,23.325171,23.232419,23.152033,23.077001,23.014128,22.955779,22.888813,22.816204,22.740895,22.682959,22.642264,22.647652,22.682924,22.725996,22.762663,22.791061,22.786295,22.751143,22.688673,22.602491,22.511635,22.412729,22.300761,22.183072,22.053958,21.914079,21.777898,21.748028)
Rsup
[34](0,0,1.6001029,1.4255297,1.2864682,1.3108293,1.7582293,1.9719967,2.0009299,2.1278527,2.139539,1.9690894,1.8501542,1.7884874,2.0228716,2.2404775,3.0892757,3.4891366,3.471271,3.2705173,3.0566502,2.7231658,2.4260649,2.1613781,1.925569,1.808282,1.6541947,1.4769606,1.3701509,1.2236844,1.0920989,1.1542908,4.6874944,4.1760827)
Peso chuva 
[34](2,0.50868407,2,2,0.5,1.2351932,1.0182206,1.2292504,0.99562274,1.2350767,1.4716508,2,1.2071824,0.96452802,1.7351238,2,1.4838053,2,2,2,2,2,2,2,2,2,0.86551078,0.76933289,0.88179737,0.56795136,0.78794017,1.3811322,0.87215167,1)
Previsao ETA40_LIMITES
[13] (0,0.25857143,0.69142857,1.07,5.6357143,2.0664286,0.14071429,2.6271429,0.17142857,1.9321429,1.4593571,1.4593571,1.4593571)
Previsao PMEDIA_ORIG
[13] (0,0.2,0.4,0.6,2.5,1.6,1.4,1.3,0.8,1,0.8,0.9,0.95833333)
Previsao PRECMEDIA_ETA40.GEFS
[13] (0.02,0.23,0.55,0.89,3.05,2.09,1.51,1.5,1.3,1.3,1.244,1.244,1.244)
Previsao PRECZERADA_
[13] (0,0,0,0,0,0,0,0,0,0,0,0,0)


Tempo de execucao em: 45 s

Finalizando execucao: 27-02-2020 13:29:15

