00083423 13/12/2019 1200 29      
00083423 14/12/2019 1200 62      
00083423 15/12/2019 1200 0       
00083423 16/12/2019 1200 0       
00083423 17/12/2019 1200 0       
00083423 18/12/2019 1200 4       
00083423 19/12/2019 1200 13      
00083423 20/12/2019 1200 0       
00083423 21/12/2019 1200 0       
00083423 22/12/2019 1200 0       
00083423 23/12/2019 1200 0.2     
00083423 24/12/2019 1200 0.8     
00083423 25/12/2019 1200 0       
00083423 26/12/2019 1200 16      
00083423 27/12/2019 1200 0       
00083423 28/12/2019 1200 0       
00083423 29/12/2019 1200 0       
00083423 30/12/2019 1200 0       
00083423 31/12/2019 1200 1       
00083423 01/01/2020 1200 0       
00083423 02/01/2020 1200 1       
00083423 03/01/2020 1200 0.5     
00083423 04/01/2020 1200 0       
00083423 05/01/2020 1200 50      
00083423 06/01/2020 1200 16      
00083423 07/01/2020 1200 0.3     
00083423 08/01/2020 1200 12      
00083423 09/01/2020 1200 4       
00083423 10/01/2020 1200 7       
00083423 11/01/2020 1200 6       
00083423 12/01/2020 1200 0       
00083423 13/01/2020 1200 0       
00083423 14/01/2020 1200 0       
00083423 15/01/2020 1200 4       
00083423 16/01/2020 1200 0       
00083423 17/01/2020 1200 1       
00083423 18/01/2020 1200 0       
00083423 19/01/2020 1200 5       
00083423 20/01/2020 1200 11      
00083423 21/01/2020 1200 18      
00083423 22/01/2020 1200 16      
00083423 23/01/2020 1200 10.5    
00083423 24/01/2020 1200 47      
00083423 25/01/2020 1200 4       
00083423 26/01/2020 1200 28      
00083423 27/01/2020 1200 63      
