00083525 13/12/2019 1200 0       
00083525 14/12/2019 1200 0       
00083525 15/12/2019 1200 0       
00083525 16/12/2019 1200 0       
00083525 17/12/2019 1200 0       
00083525 18/12/2019 1200 0       
00083525 19/12/2019 1200 0       
00083525 20/12/2019 1200 4       
00083525 21/12/2019 1200 107     
00083525 22/12/2019 1200 8       
00083525 23/12/2019 1200 8       
00083525 24/12/2019 1200 4       
00083525 25/12/2019 1200 0       
00083525 26/12/2019 1200 0       
00083525 27/12/2019 1200 4       
00083525 28/12/2019 1200 0       
00083525 29/12/2019 1200 0       
00083525 30/12/2019 1200 0       
00083525 31/12/2019 1200 0       
00083525 01/01/2020 1200 19      
00083525 02/01/2020 1200 3       
00083525 03/01/2020 1200 28      
00083525 04/01/2020 1200 1       
00083525 05/01/2020 1200 1       
00083525 06/01/2020 1200 13      
00083525 07/01/2020 1200 0       
00083525 08/01/2020 1200 11      
00083525 09/01/2020 1200 0       
00083525 10/01/2020 1200 23      
00083525 11/01/2020 1200 0       
00083525 12/01/2020 1200 31      
00083525 13/01/2020 1200 0       
00083525 14/01/2020 1200 0       
00083525 15/01/2020 0000 -       
00083525 16/01/2020 1200 0       
00083525 17/01/2020 1200 13      
00083525 18/01/2020 1200 25      
00083525 19/01/2020 1200 0       
00083525 20/01/2020 1200 0       
00083525 21/01/2020 1200 1       
00083525 22/01/2020 1200 3       
00083525 23/01/2020 1200 55      
00083525 24/01/2020 1200 28      
00083525 25/01/2020 1200 25      
00083525 26/01/2020 1200 0       
00083525 27/01/2020 1200 0       
