00083419 13/12/2019 1200 15      
00083419 14/12/2019 1200 21      
00083419 15/12/2019 1200 0       
00083419 16/12/2019 1200 0       
00083419 17/12/2019 1200 0       
00083419 18/12/2019 1200 0       
00083419 19/12/2019 1200 1       
00083419 20/12/2019 1200 0       
00083419 21/12/2019 1200 28      
00083419 22/12/2019 1200 0       
00083419 23/12/2019 1200 14      
00083419 24/12/2019 1200 22      
00083419 25/12/2019 1200 5       
00083419 26/12/2019 1200 4       
00083419 27/12/2019 1200 8       
00083419 28/12/2019 1200 0       
00083419 29/12/2019 1200 0       
00083419 30/12/2019 1200 0       
00083419 31/12/2019 1200 0       
00083419 01/01/2020 1200 2       
00083419 02/01/2020 1200 5       
00083419 03/01/2020 1200 3       
00083419 04/01/2020 1200 0       
00083419 05/01/2020 1200 80      
00083419 06/01/2020 1200 15      
00083419 07/01/2020 1200 19      
00083419 08/01/2020 1200 1       
00083419 09/01/2020 1200 0       
00083419 10/01/2020 1200 6       
00083419 11/01/2020 1200 7       
00083419 12/01/2020 1200 0       
00083419 13/01/2020 1200 0       
00083419 14/01/2020 1200 2       
00083419 15/01/2020 1200 0       
00083419 16/01/2020 1200 0       
00083419 17/01/2020 1200 3       
00083419 18/01/2020 1200 4       
00083419 19/01/2020 1200 0       
00083419 20/01/2020 1200 18      
00083419 21/01/2020 1200 9       
00083419 22/01/2020 1200 7       
00083419 23/01/2020 1200 39      
00083419 24/01/2020 1200 26      
00083419 25/01/2020 1200 20      
00083419 26/01/2020 1200 22      
00083419 27/01/2020 1200 1       
