00083522 13/12/2019 1200 17      
00083522 14/12/2019 1200 0.3     
00083522 15/12/2019 1200 0       
00083522 16/12/2019 1200 0       
00083522 17/12/2019 1200 0       
00083522 18/12/2019 1200 0       
00083522 19/12/2019 1200 7       
00083522 20/12/2019 1200 0.3     
00083522 21/12/2019 1200 8       
00083522 22/12/2019 1200 0.3     
00083522 23/12/2019 1200 8       
00083522 24/12/2019 1200 5       
00083522 25/12/2019 1200 0       
00083522 26/12/2019 1200 0       
00083522 27/12/2019 1200 4       
00083522 28/12/2019 1200 0       
00083522 29/12/2019 1200 0       
00083522 30/12/2019 1200 0       
00083522 31/12/2019 1200 0       
00083522 01/01/2020 1200 0       
00083522 02/01/2020 1200 37      
00083522 03/01/2020 1200 0       
00083522 04/01/2020 1200 61      
00083522 05/01/2020 1200 12      
00083522 06/01/2020 1200 27      
00083522 07/01/2020 1200 0.2     
00083522 08/01/2020 1200 7       
00083522 09/01/2020 1200 0.6     
00083522 10/01/2020 1200 0.5     
00083522 11/01/2020 1200 0       
00083522 12/01/2020 1200 0       
00083522 13/01/2020 1200 0       
00083522 14/01/2020 1200 0       
00083522 15/01/2020 1200 0       
00083522 16/01/2020 1200 0       
00083522 17/01/2020 1200 0       
00083522 18/01/2020 1200 12      
00083522 19/01/2020 1200 7       
00083522 20/01/2020 1200 3       
00083522 21/01/2020 1200 5       
00083522 22/01/2020 1200 26      
00083522 23/01/2020 1200 0.5     
00083522 24/01/2020 1200 12      
00083522 25/01/2020 1200 73      
00083522 26/01/2020 1200 10      
00083522 27/01/2020 1200 0       
