00083526 13/12/2019 1200 8       
00083526 14/12/2019 1200 33      
00083526 15/12/2019 1200 0       
00083526 16/12/2019 1200 0       
00083526 17/12/2019 1200 0       
00083526 18/12/2019 1200 0       
00083526 19/12/2019 1200 1       
00083526 20/12/2019 1200 4       
00083526 21/12/2019 1200 12      
00083526 22/12/2019 1200 15      
00083526 23/12/2019 1200 1       
00083526 24/12/2019 1200 0.3     
00083526 25/12/2019 1200 0       
00083526 26/12/2019 1200 0       
00083526 27/12/2019 1200 3.8     
00083526 28/12/2019 1200 0       
00083526 29/12/2019 1200 0       
00083526 30/12/2019 1200 0       
00083526 31/12/2019 1200 0       
00083526 01/01/2020 1200 5.2     
00083526 02/01/2020 1200 24      
00083526 03/01/2020 1200 0.6     
00083526 04/01/2020 1200 42.4    
00083526 05/01/2020 1200 0       
00083526 06/01/2020 1200 10.9    
00083526 07/01/2020 1200 14      
00083526 08/01/2020 1200 5.8     
00083526 09/01/2020 1200 4       
00083526 10/01/2020 1200 35      
00083526 11/01/2020 1200 3       
00083526 12/01/2020 1200 0       
00083526 13/01/2020 1200 0       
00083526 14/01/2020 1200 0       
00083526 15/01/2020 1200 0       
00083526 16/01/2020 1200 0       
00083526 17/01/2020 1200 2       
00083526 18/01/2020 1200 10      
00083526 19/01/2020 1200 2       
00083526 20/01/2020 1200 27      
00083526 21/01/2020 1200 15      
00083526 22/01/2020 1200 69      
00083526 23/01/2020 1200 2.3     
00083526 24/01/2020 1200 17      
00083526 25/01/2020 1200 59      
00083526 26/01/2020 1200 5       
00083526 27/01/2020 1200 0       
