00083424 13/12/2019 1200 12      
00083424 14/12/2019 1200 10      
00083424 15/12/2019 1200 3       
00083424 16/12/2019 1200 0       
00083424 17/12/2019 1200 0       
00083424 18/12/2019 1200 4       
00083424 19/12/2019 1200 5       
00083424 20/12/2019 1200 0       
00083424 21/12/2019 1200 1       
00083424 22/12/2019 1200 4       
00083424 23/12/2019 1200 0       
00083424 24/12/2019 1200 0       
00083424 25/12/2019 1200 0       
00083424 26/12/2019 1200 0       
00083424 27/12/2019 1200 0       
00083424 28/12/2019 1200 0       
00083424 29/12/2019 1200 0       
00083424 30/12/2019 1200 0       
00083424 31/12/2019 1200 0       
00083424 01/01/2020 1200 18      
00083424 02/01/2020 1200 26      
00083424 03/01/2020 1200 0       
00083424 04/01/2020 1200 0       
00083424 05/01/2020 1200 82      
00083424 06/01/2020 1200 16      
00083424 07/01/2020 1200 0       
00083424 08/01/2020 1200 2       
00083424 09/01/2020 1200 20      
00083424 10/01/2020 1200 5       
00083424 11/01/2020 1200 0       
00083424 12/01/2020 1200 2       
00083424 13/01/2020 1200 0       
00083424 14/01/2020 1200 0       
00083424 15/01/2020 1200 1       
00083424 16/01/2020 1200 0       
00083424 17/01/2020 1200 0       
00083424 18/01/2020 1200 0       
00083424 19/01/2020 1200 4       
00083424 20/01/2020 1200 36      
00083424 21/01/2020 1200 4       
00083424 22/01/2020 1200 23      
00083424 23/01/2020 1200 15      
00083424 24/01/2020 1200 38      
00083424 25/01/2020 1200 6       
00083424 26/01/2020 1200 10      
00083424 27/01/2020 1200 26      
