01647002 13/12/2019 1000 0.2     
01647002 14/12/2019 1000 1.6     
01647002 15/12/2019 1000 0.2     
01647002 16/12/2019 1000 0       
01647002 17/12/2019 1000 0       
01647002 18/12/2019 1000 0.8     
01647002 19/12/2019 1000 15.6    
01647002 20/12/2019 1000 3.6     
01647002 21/12/2019 1000 0       
01647002 22/12/2019 1000 0       
01647002 23/12/2019 1000 30      
01647002 24/12/2019 1000 0       
01647002 25/12/2019 1000 13.8    
01647002 26/12/2019 1000 0       
01647002 27/12/2019 1000 10.2    
01647002 28/12/2019 1000 0       
01647002 29/12/2019 1000 0       
01647002 30/12/2019 1000 4       
01647002 31/12/2019 1000 0.2     
01647002 01/01/2020 1000 5       
01647002 02/01/2020 1000 11.2    
01647002 03/01/2020 1000 7.8     
01647002 04/01/2020 1000 8.6     
01647002 05/01/2020 1000 40.4    
01647002 06/01/2020 1000 0.4     
01647002 07/01/2020 1000 6.4     
01647002 08/01/2020 1000 30.6    
01647002 09/01/2020 1000 1       
01647002 10/01/2020 1000 0.4     
01647002 11/01/2020 1000 0       
01647002 12/01/2020 1000 0       
01647002 13/01/2020 1000 0       
01647002 14/01/2020 1000 0       
01647002 15/01/2020 1000 0       
01647002 16/01/2020 1000 0       
01647002 17/01/2020 1000 11.2    
01647002 18/01/2020 1000 1.6     
01647002 19/01/2020 1000 0       
01647002 20/01/2020 1000 14.6    
01647002 21/01/2020 1000 21.4    
01647002 22/01/2020 1000 22.8    
01647002 23/01/2020 1000 30      
01647002 24/01/2020 1000 46.6    
01647002 25/01/2020 1000 13.8    
01647002 26/01/2020 1000 88.2    
01647002 27/01/2020 1000 2.2     
