01647025 13/12/2019 1000 15      
01647025 14/12/2019 1000 0       
01647025 15/12/2019 1000 0       
01647025 16/12/2019 1000 0       
01647025 17/12/2019 1000 0       
01647025 18/12/2019 1000 1.2     
01647025 19/12/2019 1000 47      
01647025 20/12/2019 1000 0       
01647025 21/12/2019 1000 0       
01647025 22/12/2019 1000 0       
01647025 23/12/2019 1000 44.8    
01647025 24/12/2019 1000 0.2     
01647025 25/12/2019 1000 4.4     
01647025 26/12/2019 1000 5.8     
01647025 27/12/2019 1000 0       
01647025 28/12/2019 1000 0.2     
01647025 29/12/2019 1000 0       
01647025 30/12/2019 1000 2.6     
01647025 31/12/2019 1000 0       
01647025 01/01/2020 1000 20.2    
01647025 02/01/2020 1000 9.6     
01647025 03/01/2020 1000 12.4    
01647025 04/01/2020 1000 1.8     
01647025 05/01/2020 1000 37      
01647025 06/01/2020 1000 1.6     
01647025 07/01/2020 1000 0.2     
01647025 08/01/2020 1000 5.8     
01647025 09/01/2020 1000 1.8     
01647025 10/01/2020 1000 1.2     
01647025 11/01/2020 1000 0       
01647025 12/01/2020 1000 0       
01647025 13/01/2020 1000 0       
01647025 14/01/2020 1000 0       
01647025 15/01/2020 1000 0       
01647025 16/01/2020 1000 0       
01647025 17/01/2020 1000 0.2     
01647025 18/01/2020 1000 0       
01647025 19/01/2020 1000 0       
01647025 20/01/2020 1000 0       
01647025 21/01/2020 1000 36      
01647025 22/01/2020 1000 4.2     
01647025 23/01/2020 1000 16.4    
01647025 24/01/2020 1000 20.4    
01647025 25/01/2020 1000 8.2     
01647025 26/01/2020 1000 52.8    
01647025 27/01/2020 1000 12      
