01648028 13/12/2019 0000 -       
01648028 14/12/2019 1000 0       
01648028 15/12/2019 1000 6.8     
01648028 16/12/2019 1000 0       
01648028 17/12/2019 1000 0       
01648028 18/12/2019 1000 4       
01648028 19/12/2019 1000 0.5     
01648028 20/12/2019 1000 0       
01648028 21/12/2019 1000 0       
01648028 22/12/2019 1000 4       
01648028 23/12/2019 1000 2.8     
01648028 24/12/2019 1000 0.8     
01648028 25/12/2019 1000 0       
01648028 26/12/2019 1000 0       
01648028 27/12/2019 1000 0       
01648028 28/12/2019 1000 0       
01648028 29/12/2019 1000 0       
01648028 30/12/2019 1000 0       
01648028 31/12/2019 1000 0       
01648028 01/01/2020 1000 0       
01648028 02/01/2020 1000 0.8     
01648028 03/01/2020 1000 6       
01648028 04/01/2020 1000 1.8     
01648028 05/01/2020 1000 60.5    
01648028 06/01/2020 1000 2.5     
01648028 07/01/2020 1000 0       
01648028 08/01/2020 1000 2.2     
01648028 09/01/2020 1000 2.8     
01648028 10/01/2020 1000 15      
01648028 11/01/2020 1000 0       
01648028 12/01/2020 1000 0       
01648028 13/01/2020 1000 0       
01648028 14/01/2020 1000 0       
01648028 15/01/2020 1000 0       
01648028 16/01/2020 1000 0       
01648028 17/01/2020 1000 0       
01648028 18/01/2020 1000 10.5    
01648028 19/01/2020 1000 0       
01648028 20/01/2020 1000 14.75   
01648028 21/01/2020 1000 13.75   
01648028 22/01/2020 1000 1.5     
01648028 23/01/2020 1000 17.5    
01648028 24/01/2020 1000 10.75   
01648028 25/01/2020 1000 0.5     
01648028 26/01/2020 1000 13.5    
01648028 27/01/2020 1000 9.75    
