01648027 13/12/2019 1000 21.5    
01648027 14/12/2019 1000 0.2     
01648027 15/12/2019 1000 0       
01648027 16/12/2019 1000 0       
01648027 17/12/2019 1000 13      
01648027 18/12/2019 1000 1.5     
01648027 19/12/2019 1000 1       
01648027 20/12/2019 1000 0       
01648027 21/12/2019 1000 0       
01648027 22/12/2019 1000 17      
01648027 23/12/2019 1000 5.5     
01648027 24/12/2019 1000 2       
01648027 25/12/2019 1000 0       
01648027 26/12/2019 1000 0       
01648027 27/12/2019 1000 0       
01648027 28/12/2019 1000 0       
01648027 29/12/2019 1000 0       
01648027 30/12/2019 1000 0       
01648027 31/12/2019 1000 0       
01648027 01/01/2020 1000 30.2    
01648027 02/01/2020 1000 18.5    
01648027 03/01/2020 1000 17.2    
01648027 04/01/2020 1000 0       
01648027 05/01/2020 1000 126.2   
01648027 06/01/2020 1000 38.5    
01648027 07/01/2020 1000 0       
01648027 08/01/2020 1000 12      
01648027 09/01/2020 1000 0.5     
01648027 10/01/2020 1000 5       
01648027 11/01/2020 1000 0       
01648027 12/01/2020 1000 0       
01648027 13/01/2020 1000 0       
01648027 14/01/2020 1000 0       
01648027 15/01/2020 1000 0       
01648027 16/01/2020 1000 0       
01648027 17/01/2020 1000 0       
01648027 18/01/2020 1000 9.5     
01648027 19/01/2020 1000 24      
01648027 20/01/2020 1000 10.5    
01648027 21/01/2020 1000 9.5     
01648027 22/01/2020 1000 0       
01648027 23/01/2020 1000 36      
01648027 24/01/2020 1000 13.5    
01648027 25/01/2020 1000 4       
01648027 26/01/2020 1000 55.25   
01648027 27/01/2020 1000 28.75   
