01648025 13/12/2019 1000 25.2    
01648025 14/12/2019 1000 0       
01648025 15/12/2019 1000 0       
01648025 16/12/2019 1000 0       
01648025 17/12/2019 1000 15      
01648025 18/12/2019 1000 25.2    
01648025 19/12/2019 1000 1.5     
01648025 20/12/2019 1000 0       
01648025 21/12/2019 1000 0       
01648025 22/12/2019 1000 6.5     
01648025 23/12/2019 1000 3.8     
01648025 24/12/2019 1000 4.5     
01648025 25/12/2019 1000 26      
01648025 26/12/2019 1000 5.2     
01648025 27/12/2019 1000 5.3     
01648025 28/12/2019 1000 0       
01648025 29/12/2019 1000 0       
01648025 30/12/2019 1000 0       
01648025 31/12/2019 1000 1.3     
01648025 01/01/2020 1000 12.5    
01648025 02/01/2020 1000 13.8    
01648025 03/01/2020 1000 18.8    
01648025 04/01/2020 1000 11.5    
01648025 05/01/2020 1000 78      
01648025 06/01/2020 1000 8.5     
01648025 07/01/2020 1000 2       
01648025 08/01/2020 1000 0.8     
01648025 09/01/2020 1000 5.8     
01648025 10/01/2020 1000 6.5     
01648025 11/01/2020 1000 0       
01648025 12/01/2020 1000 0       
01648025 13/01/2020 1000 0       
01648025 14/01/2020 1000 0       
01648025 15/01/2020 1000 0       
01648025 16/01/2020 1000 0       
01648025 17/01/2020 1000 0       
01648025 18/01/2020 1000 1.75    
01648025 19/01/2020 1000 0       
01648025 20/01/2020 1000 34      
01648025 21/01/2020 1000 19.25   
01648025 22/01/2020 1000 2       
01648025 23/01/2020 1000 26.5    
01648025 24/01/2020 1000 11.75   
01648025 25/01/2020 1000 1.75    
01648025 26/01/2020 1000 23      
01648025 27/01/2020 1000 8       
