01648024 13/12/2019 1000 11      
01648024 14/12/2019 1000 0       
01648024 15/12/2019 1000 0       
01648024 16/12/2019 1000 0       
01648024 17/12/2019 1000 0       
01648024 18/12/2019 1000 20.5    
01648024 19/12/2019 1000 1.5     
01648024 20/12/2019 1000 0       
01648024 21/12/2019 1000 0       
01648024 22/12/2019 1000 9.5     
01648024 23/12/2019 1000 15.8    
01648024 24/12/2019 1000 0.2     
01648024 25/12/2019 1000 14.8    
01648024 26/12/2019 1000 6       
01648024 27/12/2019 1000 6       
01648024 28/12/2019 1000 0       
01648024 29/12/2019 1000 0       
01648024 30/12/2019 1000 1       
01648024 31/12/2019 1000 6.2     
01648024 01/01/2020 1000 0       
01648024 02/01/2020 1000 20.5    
01648024 03/01/2020 1000 45.5    
01648024 04/01/2020 1000 1       
01648024 05/01/2020 1000 70.5    
01648024 06/01/2020 1000 11.5    
01648024 07/01/2020 1000 1.5     
01648024 08/01/2020 1000 2.5     
01648024 09/01/2020 1000 6.2     
01648024 10/01/2020 1000 10      
01648024 11/01/2020 1000 0       
01648024 12/01/2020 1000 0       
01648024 13/01/2020 1000 0       
01648024 14/01/2020 1000 0       
01648024 15/01/2020 1000 0       
01648024 16/01/2020 1000 0       
01648024 17/01/2020 1000 0       
01648024 18/01/2020 1000 4.5     
01648024 19/01/2020 1000 0       
01648024 20/01/2020 1000 6       
01648024 21/01/2020 1000 6.25    
01648024 22/01/2020 1000 1.75    
01648024 23/01/2020 1000 59.25   
01648024 24/01/2020 1000 24      
01648024 25/01/2020 1000 3.5     
01648024 26/01/2020 1000 29.5    
01648024 27/01/2020 1000 29.5    
