01647023 13/12/2019 1000 0.2     
01647023 14/12/2019 1000 3.4     
01647023 15/12/2019 1000 0       
01647023 16/12/2019 1000 0       
01647023 17/12/2019 1000 0       
01647023 18/12/2019 1000 0.8     
01647023 19/12/2019 1000 10.4    
01647023 20/12/2019 1000 1.4     
01647023 21/12/2019 1000 0       
01647023 22/12/2019 1000 0       
01647023 23/12/2019 1000 17.8    
01647023 24/12/2019 1000 0.2     
01647023 25/12/2019 1000 5       
01647023 26/12/2019 1000 0       
01647023 27/12/2019 1000 1.4     
01647023 28/12/2019 1000 0       
01647023 29/12/2019 1000 0       
01647023 30/12/2019 1000 1       
01647023 31/12/2019 1000 0       
01647023 01/01/2020 1000 0.8     
01647023 02/01/2020 1000 0.8     
01647023 03/01/2020 1000 28.8    
01647023 04/01/2020 1000 26.8    
01647023 05/01/2020 1000 24.2    
01647023 06/01/2020 1000 0.4     
01647023 07/01/2020 1000 2.4     
01647023 08/01/2020 1000 15.6    
01647023 09/01/2020 1000 9.2     
01647023 10/01/2020 1000 0.4     
01647023 11/01/2020 1000 0       
01647023 12/01/2020 1000 0       
01647023 13/01/2020 1000 0       
01647023 14/01/2020 1000 0       
01647023 15/01/2020 1000 0       
01647023 16/01/2020 1000 0       
01647023 17/01/2020 1000 11      
01647023 18/01/2020 1000 5.4     
01647023 19/01/2020 1000 0       
01647023 20/01/2020 1000 2.4     
01647023 21/01/2020 1000 0.2     
01647023 22/01/2020 1000 57.6    
01647023 23/01/2020 1000 13.6    
01647023 24/01/2020 1000 26.2    
01647023 25/01/2020 1000 5       
01647023 26/01/2020 1000 22.8    
01647023 27/01/2020 1000 2.4     
