01748005 13/12/2019 1000 0       
01748005 14/12/2019 1000 0       
01748005 15/12/2019 1000 0       
01748005 16/12/2019 1000 0       
01748005 17/12/2019 1000 0       
01748005 18/12/2019 1000 0       
01748005 19/12/2019 1000 23.4    
01748005 20/12/2019 1000 1       
01748005 21/12/2019 1000 0       
01748005 22/12/2019 1000 0       
01748005 23/12/2019 1000 5.2     
01748005 24/12/2019 1000 26      
01748005 25/12/2019 1000 0.4     
01748005 26/12/2019 1000 0       
01748005 27/12/2019 1000 0       
01748005 28/12/2019 1000 0       
01748005 29/12/2019 1000 0       
01748005 30/12/2019 1000 0       
01748005 31/12/2019 1000 0       
01748005 01/01/2020 1000 7.6     
01748005 02/01/2020 1000 2.8     
01748005 03/01/2020 1000 0       
01748005 04/01/2020 1000 23.8    
01748005 05/01/2020 1000 24.2    
01748005 06/01/2020 1000 0       
01748005 07/01/2020 1000 7.8     
01748005 08/01/2020 1000 6.2     
01748005 09/01/2020 1000 0       
01748005 10/01/2020 1000 17.2    
01748005 11/01/2020 1000 0       
01748005 12/01/2020 1000 0       
01748005 13/01/2020 1000 0       
01748005 14/01/2020 1000 0       
01748005 15/01/2020 1000 0       
01748005 16/01/2020 1000 0.2     
01748005 17/01/2020 1000 0       
01748005 18/01/2020 1000 8.6     
01748005 19/01/2020 1000 23.2    
01748005 20/01/2020 1000 3.8     
01748005 21/01/2020 1000 26.8    
01748005 22/01/2020 1000 0.4     
01748005 23/01/2020 1000 35.6    
01748005 24/01/2020 1000 13.4    
01748005 25/01/2020 1000 9       
01748005 26/01/2020 1000 4.8     
01748005 27/01/2020 1000 17      
