01749011 13/12/2019 1000 2       
01749011 14/12/2019 1000 0.6     
01749011 15/12/2019 1000 6.4     
01749011 16/12/2019 1000 0       
01749011 17/12/2019 1000 0       
01749011 18/12/2019 1000 1.4     
01749011 19/12/2019 1000 0       
01749011 20/12/2019 1000 9.6     
01749011 21/12/2019 1000 1.8     
01749011 22/12/2019 1000 13.6    
01749011 23/12/2019 1000 0       
01749011 24/12/2019 1000 0       
01749011 25/12/2019 1000 0       
01749011 26/12/2019 1000 0       
01749011 27/12/2019 1000 0.4     
01749011 28/12/2019 1000 0       
01749011 29/12/2019 1000 0       
01749011 30/12/2019 1000 0       
01749011 31/12/2019 1000 0       
01749011 01/01/2020 1000 0.2     
01749011 02/01/2020 1000 0       
01749011 03/01/2020 1000 15      
01749011 04/01/2020 1000 18.4    
01749011 05/01/2020 1000 40      
01749011 06/01/2020 1000 0       
01749011 07/01/2020 1000 0.2     
01749011 08/01/2020 1000 10      
01749011 09/01/2020 1000 7       
01749011 10/01/2020 1000 0       
01749011 11/01/2020 1000 0.2     
01749011 12/01/2020 1000 0       
01749011 13/01/2020 1000 0       
01749011 14/01/2020 1000 0       
01749011 15/01/2020 1000 0       
01749011 16/01/2020 1000 0       
01749011 17/01/2020 1000 0       
01749011 18/01/2020 1000 5       
01749011 19/01/2020 1000 5       
01749011 20/01/2020 1000 5       
01749011 21/01/2020 1000 20      
01749011 22/01/2020 1000 5       
01749011 23/01/2020 1000 5       
01749011 24/01/2020 1000 5       
01749011 25/01/2020 1000 10      
01749011 26/01/2020 1000 30      
01749011 27/01/2020 1000 0       
