01749013 13/12/2019 1000 46      
01749013 14/12/2019 1000 0.2     
01749013 15/12/2019 1000 0       
01749013 16/12/2019 1000 7.2     
01749013 17/12/2019 1000 0       
01749013 18/12/2019 1000 0.8     
01749013 19/12/2019 1000 0       
01749013 20/12/2019 1000 0       
01749013 21/12/2019 1000 5.6     
01749013 22/12/2019 1000 0       
01749013 23/12/2019 1000 0.2     
01749013 24/12/2019 1000 0.6     
01749013 25/12/2019 1000 0       
01749013 26/12/2019 1000 0       
01749013 27/12/2019 1000 0       
01749013 28/12/2019 1000 0       
01749013 29/12/2019 1000 0       
01749013 30/12/2019 1000 0       
01749013 31/12/2019 1000 23      
01749013 01/01/2020 1000 0       
01749013 02/01/2020 1000 0.2     
01749013 03/01/2020 1000 16      
01749013 04/01/2020 1000 17.4    
01749013 05/01/2020 1000 8.4     
01749013 06/01/2020 1000 0       
01749013 07/01/2020 1000 0       
01749013 08/01/2020 1000 19      
01749013 09/01/2020 1000 1       
01749013 10/01/2020 1000 0       
01749013 11/01/2020 1000 2.4     
01749013 12/01/2020 1000 0       
01749013 13/01/2020 1000 0       
01749013 14/01/2020 1000 5.4     
01749013 15/01/2020 1000 0       
01749013 16/01/2020 1000 0       
01749013 17/01/2020 1000 2.4     
01749013 18/01/2020 1000 1       
01749013 19/01/2020 1000 3.4     
01749013 20/01/2020 1000 13.8    
01749013 21/01/2020 1000 0       
01749013 22/01/2020 1000 10      
01749013 23/01/2020 1000 7       
01749013 24/01/2020 1000 6.4     
01749013 25/01/2020 1000 10      
01749013 26/01/2020 1000 30      
01749013 27/01/2020 1000 0       
