01748018 13/12/2019 1000 0.2     
01748018 14/12/2019 1000 0.2     
01748018 15/12/2019 1000 0       
01748018 16/12/2019 1000 0       
01748018 17/12/2019 1000 0       
01748018 18/12/2019 1000 0       
01748018 19/12/2019 1000 0.6     
01748018 20/12/2019 1000 0.4     
01748018 21/12/2019 1000 2.6     
01748018 22/12/2019 1000 1.4     
01748018 23/12/2019 1000 3.2     
01748018 24/12/2019 1000 0.6     
01748018 25/12/2019 1000 0.2     
01748018 26/12/2019 1000 0       
01748018 27/12/2019 1000 0       
01748018 28/12/2019 1000 0       
01748018 29/12/2019 1000 0       
01748018 30/12/2019 1000 0       
01748018 31/12/2019 1000 0       
01748018 01/01/2020 1000 12.2    
01748018 02/01/2020 1000 106.6   
01748018 03/01/2020 1000 1       
01748018 04/01/2020 1000 43.4    
01748018 05/01/2020 1000 18.4    
01748018 06/01/2020 1000 1.6     
01748018 07/01/2020 1000 4.4     
01748018 08/01/2020 1000 1.8     
01748018 09/01/2020 1000 4.2     
01748018 10/01/2020 1000 0       
01748018 11/01/2020 1000 7.4     
01748018 12/01/2020 1000 0       
01748018 13/01/2020 1000 0       
01748018 14/01/2020 1000 0       
01748018 15/01/2020 1000 0       
01748018 16/01/2020 1000 3.8     
01748018 17/01/2020 1000 0       
01748018 18/01/2020 1000 48.8    
01748018 19/01/2020 1000 5.6     
01748018 20/01/2020 1000 2       
01748018 21/01/2020 1000 12.2    
01748018 22/01/2020 1000 0.2     
01748018 23/01/2020 1000 0.8     
01748018 24/01/2020 1000 7       
01748018 25/01/2020 1000 19.6    
01748018 26/01/2020 1000 5.4     
01748018 27/01/2020 1000 0.2     
