01847043 13/12/2019 1000 20      
01847043 14/12/2019 1000 10      
01847043 15/12/2019 1000 0       
01847043 16/12/2019 1000 0       
01847043 17/12/2019 1000 0       
01847043 18/12/2019 1000 0       
01847043 19/12/2019 1000 2       
01847043 20/12/2019 1000 2       
01847043 21/12/2019 1000 15      
01847043 22/12/2019 1000 0       
01847043 23/12/2019 1000 5       
01847043 24/12/2019 1000 2       
01847043 25/12/2019 1000 2       
01847043 26/12/2019 1000 0       
01847043 27/12/2019 1000 10      
01847043 28/12/2019 1000 2       
01847043 29/12/2019 1000 0       
01847043 30/12/2019 1000 0       
01847043 31/12/2019 1000 0       
01847043 01/01/2020 1000 0       
01847043 02/01/2020 1000 0       
01847043 03/01/2020 1000 10      
01847043 04/01/2020 1000 25      
01847043 05/01/2020 1000 15      
01847043 06/01/2020 1000 5       
01847043 07/01/2020 1000 0       
01847043 08/01/2020 1000 0       
01847043 09/01/2020 1000 0       
01847043 10/01/2020 1000 10      
01847043 11/01/2020 1000 0       
01847043 12/01/2020 1000 0       
01847043 13/01/2020 1000 0       
01847043 14/01/2020 1000 0       
01847043 15/01/2020 1000 0       
01847043 16/01/2020 1000 0       
01847043 17/01/2020 1000 5       
01847043 18/01/2020 1000 5       
01847043 19/01/2020 1000 5       
01847043 20/01/2020 1000 25      
01847043 21/01/2020 1000 10      
01847043 22/01/2020 1000 50      
01847043 23/01/2020 1000 20      
01847043 24/01/2020 1000 15      
01847043 25/01/2020 1000 50      
01847043 26/01/2020 1000 5       
01847043 27/01/2020 1000 0       
