01848055 13/12/2019 1000 2       
01848055 14/12/2019 1000 3.8     
01848055 15/12/2019 1000 0.2     
01848055 16/12/2019 1000 0       
01848055 17/12/2019 1000 0       
01848055 18/12/2019 1000 0       
01848055 19/12/2019 1000 0       
01848055 20/12/2019 1000 3       
01848055 21/12/2019 1000 63.4    
01848055 22/12/2019 1000 8       
01848055 23/12/2019 1000 9.6     
01848055 24/12/2019 1000 6.4     
01848055 25/12/2019 1000 0       
01848055 26/12/2019 1000 0       
01848055 27/12/2019 1000 0       
01848055 28/12/2019 1000 0       
01848055 29/12/2019 1000 0       
01848055 30/12/2019 1000 0       
01848055 31/12/2019 1000 0       
01848055 01/01/2020 1000 0.4     
01848055 02/01/2020 1000 21.8    
01848055 03/01/2020 1000 9.2     
01848055 04/01/2020 1000 3       
01848055 05/01/2020 1000 23.6    
01848055 06/01/2020 1000 0.4     
01848055 07/01/2020 1000 0.8     
01848055 08/01/2020 1000 3.4     
01848055 09/01/2020 1000 40.6    
01848055 10/01/2020 1000 4.6     
01848055 11/01/2020 1000 0       
01848055 12/01/2020 1000 23.6    
01848055 13/01/2020 1000 0       
01848055 14/01/2020 1000 0       
01848055 15/01/2020 1000 0.6     
01848055 16/01/2020 1000 0.2     
01848055 17/01/2020 1000 7       
01848055 18/01/2020 1000 33      
01848055 19/01/2020 1000 8.2     
01848055 20/01/2020 1000 0.2     
01848055 21/01/2020 1000 0       
01848055 22/01/2020 1000 0.8     
01848055 23/01/2020 1000 28.4    
01848055 24/01/2020 1000 29      
01848055 25/01/2020 1000 30      
01848055 26/01/2020 1000 0.2     
01848055 27/01/2020 1000 0.2     
