01849019 13/12/2019 1000 2.2     
01849019 14/12/2019 0000 -       
01849019 15/12/2019 0000 -       
01849019 16/12/2019 0000 -       
01849019 17/12/2019 0000 -       
01849019 18/12/2019 1000 0       
01849019 19/12/2019 1000 2.6     
01849019 20/12/2019 1000 0.2     
01849019 21/12/2019 1000 23      
01849019 22/12/2019 1000 26.8    
01849019 23/12/2019 1000 1.2     
01849019 24/12/2019 1000 54.8    
01849019 25/12/2019 1000 0.2     
01849019 26/12/2019 1000 0       
01849019 27/12/2019 1000 11.2    
01849019 28/12/2019 1000 0.2     
01849019 29/12/2019 1000 0       
01849019 30/12/2019 1000 0       
01849019 31/12/2019 1000 8.4     
01849019 01/01/2020 1000 0       
01849019 02/01/2020 1000 0       
01849019 03/01/2020 1000 35.8    
01849019 04/01/2020 1000 28.6    
01849019 05/01/2020 1000 9.6     
01849019 06/01/2020 1000 0.4     
01849019 07/01/2020 1000 0       
01849019 08/01/2020 1000 0       
01849019 09/01/2020 1000 4.8     
01849019 10/01/2020 1000 26.2    
01849019 11/01/2020 1000 0.2     
01849019 12/01/2020 1000 0       
01849019 13/01/2020 1000 0       
01849019 14/01/2020 1000 0       
01849019 15/01/2020 1000 0       
01849019 16/01/2020 1000 0       
01849019 17/01/2020 1000 0       
01849019 18/01/2020 1000 1.6     
01849019 19/01/2020 1000 0.2     
01849019 20/01/2020 1000 0       
01849019 21/01/2020 1000 4.8     
01849019 22/01/2020 1000 14.4    
01849019 23/01/2020 1000 0.8     
01849019 24/01/2020 1000 5       
01849019 25/01/2020 1000 84.4    
01849019 26/01/2020 1000 0.2     
01849019 27/01/2020 1000 0       
