01848054 13/12/2019 1000 19.2    
01848054 14/12/2019 1000 15      
01848054 15/12/2019 1000 0       
01848054 16/12/2019 1000 0       
01848054 17/12/2019 1000 0       
01848054 18/12/2019 1000 0       
01848054 19/12/2019 1000 3.6     
01848054 20/12/2019 1000 5.4     
01848054 21/12/2019 1000 94.4    
01848054 22/12/2019 1000 15      
01848054 23/12/2019 1000 0.6     
01848054 24/12/2019 1000 10      
01848054 25/12/2019 1000 1.8     
01848054 26/12/2019 1000 0       
01848054 27/12/2019 1000 10      
01848054 28/12/2019 1000 4.4     
01848054 29/12/2019 1000 0       
01848054 30/12/2019 1000 7.4     
01848054 31/12/2019 1000 0       
01848054 01/01/2020 1000 0       
01848054 02/01/2020 1000 20      
01848054 03/01/2020 1000 10      
01848054 04/01/2020 1000 8.8     
01848054 05/01/2020 1000 21.6    
01848054 06/01/2020 1000 10.6    
01848054 07/01/2020 1000 0       
01848054 08/01/2020 1000 59.6    
01848054 09/01/2020 1000 6.2     
01848054 10/01/2020 1000 26.2    
01848054 11/01/2020 1000 0       
01848054 12/01/2020 1000 0       
01848054 13/01/2020 1000 0       
01848054 14/01/2020 1000 0       
01848054 15/01/2020 1000 0       
01848054 16/01/2020 1000 0       
01848054 17/01/2020 1000 10      
01848054 18/01/2020 1000 43.2    
01848054 19/01/2020 1000 10      
01848054 20/01/2020 1000 0       
01848054 21/01/2020 1000 0       
01848054 22/01/2020 1000 47.4    
01848054 23/01/2020 1000 49.8    
01848054 24/01/2020 1000 52.2    
01848054 25/01/2020 1000 30      
01848054 26/01/2020 1000 0       
01848054 27/01/2020 1000 0       
