01848053 13/12/2019 1000 5       
01848053 14/12/2019 1000 10      
01848053 15/12/2019 1000 0       
01848053 16/12/2019 1000 0       
01848053 17/12/2019 1000 0       
01848053 18/12/2019 1000 0       
01848053 19/12/2019 1000 5       
01848053 20/12/2019 1000 5       
01848053 21/12/2019 1000 40      
01848053 22/12/2019 1000 5       
01848053 23/12/2019 1000 5       
01848053 24/12/2019 1000 10      
01848053 25/12/2019 1000 0       
01848053 26/12/2019 1000 0       
01848053 27/12/2019 1000 5       
01848053 28/12/2019 1000 2       
01848053 29/12/2019 1000 0       
01848053 30/12/2019 1000 0       
01848053 31/12/2019 1000 0       
01848053 01/01/2020 1000 0       
01848053 02/01/2020 1000 2       
01848053 03/01/2020 1000 20      
01848053 04/01/2020 1000 10      
01848053 05/01/2020 1000 5       
01848053 06/01/2020 1000 10      
01848053 07/01/2020 1000 0       
01848053 08/01/2020 1000 10      
01848053 09/01/2020 1000 5       
01848053 10/01/2020 1000 30      
01848053 11/01/2020 1000 0       
01848053 12/01/2020 1000 0       
01848053 13/01/2020 1000 0       
01848053 14/01/2020 1000 0       
01848053 15/01/2020 1000 0       
01848053 16/01/2020 1000 0       
01848053 17/01/2020 1000 15      
01848053 18/01/2020 1000 30      
01848053 19/01/2020 1000 5       
01848053 20/01/2020 1000 0       
01848053 21/01/2020 1000 10      
01848053 22/01/2020 1000 30      
01848053 23/01/2020 1000 50      
01848053 24/01/2020 1000 30      
01848053 25/01/2020 1000 30      
01848053 26/01/2020 1000 0       
01848053 27/01/2020 1000 0       
