01846026 13/12/2019 1000 12      
01846026 14/12/2019 1000 12      
01846026 15/12/2019 1000 0       
01846026 16/12/2019 1000 0       
01846026 17/12/2019 1000 0       
01846026 18/12/2019 1000 0       
01846026 19/12/2019 1000 0       
01846026 20/12/2019 1000 11      
01846026 21/12/2019 1000 1       
01846026 22/12/2019 1000 0       
01846026 23/12/2019 1000 0       
01846026 24/12/2019 1000 2       
01846026 25/12/2019 1000 0       
01846026 26/12/2019 1000 0       
01846026 27/12/2019 1000 1       
01846026 28/12/2019 1000 0       
01846026 29/12/2019 1000 0       
01846026 30/12/2019 1000 0       
01846026 31/12/2019 1000 0       
01846026 01/01/2020 1000 1       
01846026 02/01/2020 1000 5       
01846026 03/01/2020 1000 21      
01846026 04/01/2020 1000 7       
01846026 05/01/2020 1000 6       
01846026 06/01/2020 1000 0       
01846026 07/01/2020 1000 0       
01846026 08/01/2020 1000 0       
01846026 09/01/2020 1000 0       
01846026 10/01/2020 1000 0       
01846026 11/01/2020 1000 0       
01846026 12/01/2020 1000 0       
01846026 13/01/2020 1000 0       
01846026 14/01/2020 1000 0       
01846026 15/01/2020 1000 12      
01846026 16/01/2020 1000 0       
01846026 17/01/2020 1000 0       
01846026 18/01/2020 1000 0       
01846026 19/01/2020 1000 2       
01846026 20/01/2020 1000 0       
01846026 21/01/2020 1000 2       
01846026 22/01/2020 1000 10      
01846026 23/01/2020 1000 17      
01846026 24/01/2020 1000 71      
01846026 25/01/2020 1000 70      
01846026 26/01/2020 1000 4       
01846026 27/01/2020 1000 0       
