01946017 13/12/2019 1000 6       
01946017 14/12/2019 1000 20      
01946017 15/12/2019 1000 0       
01946017 16/12/2019 1000 0       
01946017 17/12/2019 1000 0       
01946017 18/12/2019 1000 0       
01946017 19/12/2019 1000 3       
01946017 20/12/2019 1000 0       
01946017 21/12/2019 1000 29      
01946017 22/12/2019 1000 6       
01946017 23/12/2019 1000 11      
01946017 24/12/2019 1000 11      
01946017 25/12/2019 1000 0       
01946017 26/12/2019 1000 0       
01946017 27/12/2019 1000 0       
01946017 28/12/2019 1000 0       
01946017 29/12/2019 1000 0       
01946017 30/12/2019 1000 3       
01946017 31/12/2019 1000 2       
01946017 01/01/2020 1000 0       
01946017 02/01/2020 1000 1       
01946017 03/01/2020 1000 10      
01946017 04/01/2020 1000 20      
01946017 05/01/2020 1000 0       
01946017 06/01/2020 1000 1       
01946017 07/01/2020 1000 0       
01946017 08/01/2020 1000 0       
01946017 09/01/2020 1000 0       
01946017 10/01/2020 1000 2       
01946017 11/01/2020 1000 5       
01946017 12/01/2020 1000 3       
01946017 13/01/2020 1000 0       
01946017 14/01/2020 1000 0       
01946017 15/01/2020 1000 0       
01946017 16/01/2020 1000 0       
01946017 17/01/2020 1000 5       
01946017 18/01/2020 1000 26      
01946017 19/01/2020 1000 40      
01946017 20/01/2020 1000 6       
01946017 21/01/2020 1000 19      
01946017 22/01/2020 1000 0       
01946017 23/01/2020 1000 6       
01946017 24/01/2020 1000 31      
01946017 25/01/2020 1000 51      
01946017 26/01/2020 1000 1       
01946017 27/01/2020 1000 0       
