01949009 13/12/2019 1000 6.4     
01949009 14/12/2019 1000 0       
01949009 15/12/2019 1000 0       
01949009 16/12/2019 1000 0       
01949009 17/12/2019 1000 3.2     
01949009 18/12/2019 1000 0       
01949009 19/12/2019 1000 0       
01949009 20/12/2019 1000 1       
01949009 21/12/2019 1000 10      
01949009 22/12/2019 1000 2.6     
01949009 23/12/2019 1000 34.2    
01949009 24/12/2019 1000 0       
01949009 25/12/2019 1000 0       
01949009 26/12/2019 1000 2       
01949009 27/12/2019 1000 0       
01949009 28/12/2019 1000 2       
01949009 29/12/2019 1000 0       
01949009 30/12/2019 1000 7       
01949009 31/12/2019 1000 0       
01949009 01/01/2020 1000 1.2     
01949009 02/01/2020 1000 5.8     
01949009 03/01/2020 1000 23      
01949009 04/01/2020 1000 15      
01949009 05/01/2020 1000 9.4     
01949009 06/01/2020 1000 0.4     
01949009 07/01/2020 1000 5       
01949009 08/01/2020 1000 5       
01949009 09/01/2020 1000 1.4     
01949009 10/01/2020 1000 0       
01949009 11/01/2020 1000 1.4     
01949009 12/01/2020 1000 0       
01949009 13/01/2020 1000 0       
01949009 14/01/2020 1000 0       
01949009 15/01/2020 1000 0       
01949009 16/01/2020 1000 0       
01949009 17/01/2020 1000 3       
01949009 18/01/2020 1000 23.6    
01949009 19/01/2020 1000 0       
01949009 20/01/2020 1000 1       
01949009 21/01/2020 1000 5       
01949009 22/01/2020 1000 15.2    
01949009 23/01/2020 1000 15.6    
01949009 24/01/2020 1000 9.6     
01949009 25/01/2020 1000 15      
01949009 26/01/2020 1000 0.2     
01949009 27/01/2020 1000 0       
