99990012 13/12/2019 1200 0       
99990012 14/12/2019 1200 24.8    
99990012 15/12/2019 1200 0       
99990012 16/12/2019 1200 0       
99990012 17/12/2019 1200 0       
99990012 18/12/2019 1200 0       
99990012 19/12/2019 1200 37.6    
99990012 20/12/2019 1200 0       
99990012 21/12/2019 1200 0       
99990012 22/12/2019 1200 0       
99990012 23/12/2019 1200 6.4     
99990012 24/12/2019 1200 23.6    
99990012 25/12/2019 1200 0       
99990012 26/12/2019 1200 0       
99990012 27/12/2019 1200 1.2     
99990012 28/12/2019 1200 0       
99990012 29/12/2019 1200 0       
99990012 30/12/2019 1200 0.2     
99990012 31/12/2019 1200 0       
99990012 01/01/2020 1200 0       
99990012 02/01/2020 1200 8.2     
99990012 03/01/2020 1200 9       
99990012 04/01/2020 1200 0       
99990012 05/01/2020 1200 80.2    
99990012 06/01/2020 1200 5.2     
99990012 07/01/2020 1200 0       
99990012 08/01/2020 1200 12      
99990012 09/01/2020 1200 0       
99990012 10/01/2020 1200 6.6     
99990012 11/01/2020 1200 0       
99990012 12/01/2020 1200 0       
99990012 13/01/2020 1200 0       
99990012 14/01/2020 1200 0       
99990012 15/01/2020 1200 0       
99990012 16/01/2020 1200 0       
99990012 17/01/2020 1200 0       
99990012 18/01/2020 1200 37.8    
99990012 19/01/2020 1200 0       
99990012 20/01/2020 1200 42.8    
99990012 21/01/2020 1200 9.8     
99990012 22/01/2020 1200 9.4     
99990012 23/01/2020 1200 13.4    
99990012 24/01/2020 1200 25.8    
99990012 25/01/2020 1200 4.8     
99990012 26/01/2020 1200 22.4    
99990012 27/01/2020 1200 20      
