99990029 13/12/2019 1200 6.2     
99990029 14/12/2019 1200 30.6    
99990029 15/12/2019 1200 0       
99990029 16/12/2019 1200 0       
99990029 17/12/2019 1200 0       
99990029 18/12/2019 1200 2       
99990029 19/12/2019 1200 4       
99990029 20/12/2019 1200 0       
99990029 21/12/2019 1200 28.4    
99990029 22/12/2019 1200 39.2    
99990029 23/12/2019 1200 14.2    
99990029 24/12/2019 1200 2       
99990029 25/12/2019 1200 9.6     
99990029 26/12/2019 1200 0       
99990029 27/12/2019 1200 0.2     
99990029 28/12/2019 1200 1.4     
99990029 29/12/2019 1200 0       
99990029 30/12/2019 1200 3.8     
99990029 31/12/2019 1200 0.4     
99990029 01/01/2020 1200 0       
99990029 02/01/2020 1200 0       
99990029 03/01/2020 1200 6.2     
99990029 04/01/2020 1200 4       
99990029 05/01/2020 1200 78.4    
99990029 06/01/2020 1200 0       
99990029 07/01/2020 1200 0.4     
99990029 08/01/2020 1200 7       
99990029 09/01/2020 1200 23.4    
99990029 10/01/2020 1200 0.8     
99990029 11/01/2020 1200 0       
99990029 12/01/2020 1200 1.2     
99990029 13/01/2020 1200 0       
99990029 14/01/2020 1200 0       
99990029 15/01/2020 1200 0       
99990029 16/01/2020 1200 0       
99990029 17/01/2020 1200 1       
99990029 18/01/2020 1200 1.6     
99990029 19/01/2020 1200 0.6     
99990029 20/01/2020 1200 0       
99990029 21/01/2020 1200 18.8    
99990029 22/01/2020 1200 0       
99990029 23/01/2020 1200 4       
99990029 24/01/2020 1200 0       
99990029 25/01/2020 1200 10.8    
99990029 26/01/2020 1200 5.4     
99990029 27/01/2020 1200 0       
