99990033 13/12/2019 1200 23.2    
99990033 14/12/2019 1200 2.8     
99990033 15/12/2019 1200 0       
99990033 16/12/2019 1200 0       
99990033 17/12/2019 1200 0       
99990033 18/12/2019 1200 0       
99990033 19/12/2019 1200 20.2    
99990033 20/12/2019 1200 0       
99990033 21/12/2019 1200 0       
99990033 22/12/2019 1200 0       
99990033 23/12/2019 1200 3.8     
99990033 24/12/2019 1200 2.2     
99990033 25/12/2019 1200 0.6     
99990033 26/12/2019 1200 0       
99990033 27/12/2019 1200 3       
99990033 28/12/2019 1200 0       
99990033 29/12/2019 1200 0       
99990033 30/12/2019 1200 0       
99990033 31/12/2019 1200 0       
99990033 01/01/2020 1200 0       
99990033 02/01/2020 1200 73.4    
99990033 03/01/2020 1200 0       
99990033 04/01/2020 1200 18.6    
99990033 05/01/2020 1200 30.2    
99990033 06/01/2020 1200 0.8     
99990033 07/01/2020 1200 3.2     
99990033 08/01/2020 1200 0.2     
99990033 09/01/2020 1200 0.2     
99990033 10/01/2020 1200 0       
99990033 11/01/2020 1200 0       
99990033 12/01/2020 1200 0       
99990033 13/01/2020 1200 0       
99990033 14/01/2020 1200 0       
99990033 15/01/2020 1200 0       
99990033 16/01/2020 1200 0       
99990033 17/01/2020 1200 0       
99990033 18/01/2020 1200 49.8    
99990033 19/01/2020 1200 0       
99990033 20/01/2020 1200 0.8     
99990033 21/01/2020 1200 12      
99990033 22/01/2020 1200 0       
99990033 23/01/2020 1200 15.8    
99990033 24/01/2020 1200 7.4     
99990033 25/01/2020 1200 7.2     
99990033 26/01/2020 1200 38.2    
99990033 27/01/2020 1200 1.8     
