99990042 13/12/2019 1200 3       
99990042 14/12/2019 1200 15.2    
99990042 15/12/2019 1200 0       
99990042 16/12/2019 1200 0       
99990042 17/12/2019 1200 0       
99990042 18/12/2019 1200 0       
99990042 19/12/2019 1200 32.4    
99990042 20/12/2019 1200 0       
99990042 21/12/2019 1200 0       
99990042 22/12/2019 1200 0       
99990042 23/12/2019 1200 0       
99990042 24/12/2019 1200 18.6    
99990042 25/12/2019 1200 0       
99990042 26/12/2019 1200 0       
99990042 27/12/2019 1200 10.8    
99990042 28/12/2019 1200 0       
99990042 29/12/2019 1200 0       
99990042 30/12/2019 1200 0       
99990042 31/12/2019 1200 0       
99990042 01/01/2020 1200 61.8    
99990042 02/01/2020 1200 5       
99990042 03/01/2020 1200 26.8    
99990042 04/01/2020 1200 6.2     
99990042 05/01/2020 1200 69.6    
99990042 06/01/2020 1200 60.8    
99990042 07/01/2020 1200 2       
99990042 08/01/2020 1200 1.4     
99990042 09/01/2020 1200 0       
99990042 10/01/2020 1200 8       
99990042 11/01/2020 1200 0       
99990042 12/01/2020 1200 0       
99990042 13/01/2020 1200 0       
99990042 14/01/2020 1200 0       
99990042 15/01/2020 1200 0       
99990042 16/01/2020 1200 0       
99990042 17/01/2020 1200 0       
99990042 18/01/2020 1200 12      
99990042 19/01/2020 1200 0       
99990042 20/01/2020 1200 10.2    
99990042 21/01/2020 1200 0       
99990042 22/01/2020 1200 6.6     
99990042 23/01/2020 1200 40      
99990042 24/01/2020 1200 20.6    
99990042 25/01/2020 1200 58      
99990042 26/01/2020 1200 47.6    
99990042 27/01/2020 1200 18.8    
