99990035 13/12/2019 1200 1.6     
99990035 14/12/2019 1200 18.4    
99990035 15/12/2019 1200 0       
99990035 16/12/2019 1200 0       
99990035 17/12/2019 1200 0       
99990035 18/12/2019 1200 0       
99990035 19/12/2019 1200 0       
99990035 20/12/2019 1200 0       
99990035 21/12/2019 1200 30.2    
99990035 22/12/2019 1200 17.8    
99990035 23/12/2019 1200 23.6    
99990035 24/12/2019 1200 34.6    
99990035 25/12/2019 1200 0       
99990035 26/12/2019 1200 0       
99990035 27/12/2019 1200 0       
99990035 28/12/2019 1200 0       
99990035 29/12/2019 1200 0       
99990035 30/12/2019 1200 0       
99990035 31/12/2019 1200 6.8     
99990035 01/01/2020 1200 0       
99990035 02/01/2020 1200 2.6     
99990035 03/01/2020 1200 33      
99990035 04/01/2020 1200 46.6    
99990035 05/01/2020 1200 18.4    
99990035 06/01/2020 1200 0       
99990035 07/01/2020 1200 0.2     
99990035 08/01/2020 1200 0.2     
99990035 09/01/2020 1200 40.8    
99990035 10/01/2020 1200 51.6    
99990035 11/01/2020 1200 0       
99990035 12/01/2020 1200 0       
99990035 13/01/2020 1200 0       
99990035 14/01/2020 1200 0       
99990035 15/01/2020 1200 0       
99990035 16/01/2020 1200 0       
99990035 17/01/2020 1200 0       
99990035 18/01/2020 1200 2.2     
99990035 19/01/2020 1200 28.2    
99990035 20/01/2020 1200 7       
99990035 21/01/2020 1200 10.8    
99990035 22/01/2020 1200 42.8    
99990035 23/01/2020 1200 1.6     
99990035 24/01/2020 1200 8.8     
99990035 25/01/2020 1200 96.2    
99990035 26/01/2020 1200 0       
99990035 27/01/2020 1200 0       
