99990036 13/12/2019 1200 0.2     
99990036 14/12/2019 1200 1.8     
99990036 15/12/2019 1200 0       
99990036 16/12/2019 1200 0       
99990036 17/12/2019 1200 0       
99990036 18/12/2019 1200 2       
99990036 19/12/2019 1200 11.8    
99990036 20/12/2019 1200 0.2     
99990036 21/12/2019 1200 0       
99990036 22/12/2019 1200 0       
99990036 23/12/2019 1200 37      
99990036 24/12/2019 1200 12      
99990036 25/12/2019 1200 1.6     
99990036 26/12/2019 1200 0       
99990036 27/12/2019 1200 5.4     
99990036 28/12/2019 1200 0       
99990036 29/12/2019 1200 0       
99990036 30/12/2019 1200 2.6     
99990036 31/12/2019 1200 0       
99990036 01/01/2020 1200 8.8     
99990036 02/01/2020 1200 14      
99990036 03/01/2020 1200 10.6    
99990036 04/01/2020 1200 9       
99990036 05/01/2020 1200 44      
99990036 06/01/2020 1200 0.4     
99990036 07/01/2020 1200 7.2     
99990036 08/01/2020 1200 16.8    
99990036 09/01/2020 1200 0.4     
99990036 10/01/2020 1200 0.2     
99990036 11/01/2020 1200 0       
99990036 12/01/2020 1200 0       
99990036 13/01/2020 1200 0       
99990036 14/01/2020 1200 0       
99990036 15/01/2020 1200 0       
99990036 16/01/2020 1200 0       
99990036 17/01/2020 1200 10.8    
99990036 18/01/2020 1200 2.8     
99990036 19/01/2020 1200 0       
99990036 20/01/2020 1200 11.4    
99990036 21/01/2020 1200 22.2    
99990036 22/01/2020 1200 26.6    
99990036 23/01/2020 1200 32.8    
99990036 24/01/2020 1200 50.6    
99990036 25/01/2020 1200 31      
99990036 26/01/2020 1200 84.4    
99990036 27/01/2020 1200 2.6     
