99990003 13/12/2019 1200 9       
99990003 14/12/2019 1200 20.2    
99990003 15/12/2019 1200 0.2     
99990003 16/12/2019 1200 0       
99990003 17/12/2019 1200 0       
99990003 18/12/2019 1200 0       
99990003 19/12/2019 1200 33.4    
99990003 20/12/2019 1200 0.4     
99990003 21/12/2019 1200 0.2     
99990003 22/12/2019 1200 26.8    
99990003 23/12/2019 1200 16      
99990003 24/12/2019 1200 7       
99990003 25/12/2019 1200 10.2    
99990003 26/12/2019 1200 0.2     
99990003 27/12/2019 1200 0.2     
99990003 28/12/2019 1200 0       
99990003 29/12/2019 1200 0       
99990003 30/12/2019 1200 0       
99990003 31/12/2019 1200 0.2     
99990003 01/01/2020 1200 0       
99990003 02/01/2020 1200 0       
99990003 03/01/2020 1200 0       
99990003 04/01/2020 1200 31.6    
99990003 05/01/2020 1200 15.2    
99990003 06/01/2020 1200 4       
99990003 07/01/2020 1200 4       
99990003 08/01/2020 1200 3       
99990003 09/01/2020 1200 4.4     
99990003 10/01/2020 1200 0       
99990003 11/01/2020 1200 0       
99990003 12/01/2020 1200 0       
99990003 13/01/2020 1200 0       
99990003 14/01/2020 1200 0       
99990003 15/01/2020 1200 0       
99990003 16/01/2020 1200 0       
99990003 17/01/2020 1200 0.6     
99990003 18/01/2020 1200 25.2    
99990003 19/01/2020 1200 27      
99990003 20/01/2020 1200 0       
99990003 21/01/2020 1200 0       
99990003 22/01/2020 1200 3.4     
99990003 23/01/2020 1200 9.6     
99990003 24/01/2020 1200 6.8     
99990003 25/01/2020 1200 40.8    
99990003 26/01/2020 1200 1.2     
99990003 27/01/2020 1200 0.2     
