99990523 13/12/2019 1200 2.6     
99990523 14/12/2019 1200 0.8     
99990523 15/12/2019 1200 0.2     
99990523 16/12/2019 1200 0       
99990523 17/12/2019 1200 0       
99990523 18/12/2019 1200 0       
99990523 19/12/2019 1200 40.2    
99990523 20/12/2019 1200 0.2     
99990523 21/12/2019 1200 37.6    
99990523 22/12/2019 1200 3.8     
99990523 23/12/2019 1200 23      
99990523 24/12/2019 1200 9.6     
99990523 25/12/2019 1200 0.2     
99990523 26/12/2019 1200 5.8     
99990523 27/12/2019 1200 65      
99990523 28/12/2019 1200 0.2     
99990523 29/12/2019 1200 0       
99990523 30/12/2019 1200 0       
99990523 31/12/2019 1200 1.8     
99990523 01/01/2020 1200 16      
99990523 02/01/2020 1200 3       
99990523 03/01/2020 1200 1.4     
99990523 04/01/2020 1200 11.2    
99990523 05/01/2020 1200 0.2     
99990523 06/01/2020 1200 0       
99990523 07/01/2020 1200 0       
99990523 08/01/2020 1200 1.8     
99990523 09/01/2020 1200 0.4     
99990523 10/01/2020 1200 9.6     
99990523 11/01/2020 1200 2.2     
99990523 12/01/2020 1200 10.6    
99990523 13/01/2020 1200 0       
99990523 14/01/2020 1200 0       
99990523 15/01/2020 1200 1.2     
99990523 16/01/2020 1200 0.2     
99990523 17/01/2020 1200 6       
99990523 18/01/2020 1200 0.8     
99990523 19/01/2020 1200 12.8    
99990523 20/01/2020 1200 20.2    
99990523 21/01/2020 1200 1       
99990523 22/01/2020 1200 18.4    
99990523 23/01/2020 1200 13.6    
99990523 24/01/2020 1200 53.4    
99990523 25/01/2020 0000 -       
99990523 26/01/2020 1200 6.2     
99990523 27/01/2020 1200 0.2     
