99990046 13/12/2019 1200 0.6     
99990046 14/12/2019 1200 25.2    
99990046 15/12/2019 1200 0       
99990046 16/12/2019 1200 0       
99990046 17/12/2019 1200 0       
99990046 18/12/2019 1200 0       
99990046 19/12/2019 1200 26.8    
99990046 20/12/2019 1200 2.2     
99990046 21/12/2019 1200 0       
99990046 22/12/2019 1200 0       
99990046 23/12/2019 1200 17.8    
99990046 24/12/2019 1200 11      
99990046 25/12/2019 1200 0.2     
99990046 26/12/2019 1200 0       
99990046 27/12/2019 1200 5       
99990046 28/12/2019 1200 0       
99990046 29/12/2019 1200 0       
99990046 30/12/2019 1200 0.2     
99990046 31/12/2019 1200 0       
99990046 01/01/2020 1200 5.6     
99990046 02/01/2020 1200 17.2    
99990046 03/01/2020 1200 35      
99990046 04/01/2020 1200 2.8     
99990046 05/01/2020 1200 64.6    
99990046 06/01/2020 1200 26      
99990046 07/01/2020 1200 0       
99990046 08/01/2020 1200 3.8     
99990046 09/01/2020 1200 0       
99990046 10/01/2020 1200 27.4    
99990046 11/01/2020 1200 2.8     
99990046 12/01/2020 1200 0       
99990046 13/01/2020 1200 0       
99990046 14/01/2020 1200 0       
99990046 15/01/2020 1200 0       
99990046 16/01/2020 1200 0       
99990046 17/01/2020 1200 0       
99990046 18/01/2020 1200 20.6    
99990046 19/01/2020 1200 0.4     
99990046 20/01/2020 1200 9.2     
99990046 21/01/2020 1200 1.4     
99990046 22/01/2020 1200 6.4     
99990046 23/01/2020 1200 52.8    
99990046 24/01/2020 1200 25.4    
99990046 25/01/2020 1200 18.2    
99990046 26/01/2020 1200 69.6    
99990046 27/01/2020 1200 7       
