99990505 13/12/2019 1200 3.8     
99990505 14/12/2019 1200 0.4     
99990505 15/12/2019 1200 0       
99990505 16/12/2019 1200 0       
99990505 17/12/2019 1200 0       
99990505 18/12/2019 1200 0       
99990505 19/12/2019 1200 32.4    
99990505 20/12/2019 1200 0       
99990505 21/12/2019 1200 15.2    
99990505 22/12/2019 1200 1.6     
99990505 23/12/2019 1200 3.2     
99990505 24/12/2019 1200 10      
99990505 25/12/2019 1200 0       
99990505 26/12/2019 1200 5       
99990505 27/12/2019 1200 2.6     
99990505 28/12/2019 1200 0       
99990505 29/12/2019 1200 0.2     
99990505 30/12/2019 1200 1.2     
99990505 31/12/2019 1200 5.4     
99990505 01/01/2020 1200 13.4    
99990505 02/01/2020 1200 0.4     
99990505 03/01/2020 1200 9.2     
99990505 04/01/2020 1200 23      
99990505 05/01/2020 1200 1.4     
99990505 06/01/2020 1200 0.4     
99990505 07/01/2020 1200 0       
99990505 08/01/2020 1200 4.8     
99990505 09/01/2020 1200 0       
99990505 10/01/2020 1200 5       
99990505 11/01/2020 1200 0       
99990505 12/01/2020 1200 0       
99990505 13/01/2020 1200 0       
99990505 14/01/2020 1200 0       
99990505 15/01/2020 1200 0       
99990505 16/01/2020 1200 0       
99990505 17/01/2020 1200 13.4    
99990505 18/01/2020 1200 65      
99990505 19/01/2020 1200 7       
99990505 20/01/2020 1200 2.6     
99990505 21/01/2020 1200 16      
99990505 22/01/2020 1200 0       
99990505 23/01/2020 1200 6.6     
99990505 24/01/2020 1200 53      
99990505 25/01/2020 1200 77.2    
99990505 26/01/2020 1200 0.2     
99990505 27/01/2020 1200 0       
