99990001 13/12/2019 1200 0       
99990001 14/12/2019 1200 29      
99990001 15/12/2019 1200 0       
99990001 16/12/2019 1200 0       
99990001 17/12/2019 1200 0       
99990001 18/12/2019 1200 0       
99990001 19/12/2019 1200 22.4    
99990001 20/12/2019 1200 1       
99990001 21/12/2019 1200 0       
99990001 22/12/2019 1200 0       
99990001 23/12/2019 1200 0       
99990001 24/12/2019 1200 13.6    
99990001 25/12/2019 1200 1.6     
99990001 26/12/2019 1200 0       
99990001 27/12/2019 1200 0       
99990001 28/12/2019 1200 0.2     
99990001 29/12/2019 1200 0       
99990001 30/12/2019 1200 0       
99990001 31/12/2019 1200 0       
99990001 01/01/2020 1200 8.6     
99990001 02/01/2020 1200 0.2     
99990001 03/01/2020 1200 31.4    
99990001 04/01/2020 1200 5.2     
99990001 05/01/2020 1200 61.4    
99990001 06/01/2020 1200 11.4    
99990001 07/01/2020 1200 0       
99990001 08/01/2020 1200 3       
99990001 09/01/2020 1200 0       
99990001 10/01/2020 1200 12.2    
99990001 11/01/2020 1200 0.6     
99990001 12/01/2020 1200 0       
99990001 13/01/2020 1200 0       
99990001 14/01/2020 1200 0       
99990001 15/01/2020 1200 0       
99990001 16/01/2020 1200 0       
99990001 17/01/2020 1200 0       
99990001 18/01/2020 1200 1.6     
99990001 19/01/2020 1200 0       
99990001 20/01/2020 1200 4.8     
99990001 21/01/2020 1200 9.2     
99990001 22/01/2020 1200 0.6     
99990001 23/01/2020 1200 8.4     
99990001 24/01/2020 1200 10.2    
99990001 25/01/2020 1200 30      
99990001 26/01/2020 1200 52      
99990001 27/01/2020 1200 56      
