99990546 13/12/2019 1200 4.4     
99990546 14/12/2019 1200 0       
99990546 15/12/2019 1200 0       
99990546 16/12/2019 1200 0       
99990546 17/12/2019 1200 0       
99990546 18/12/2019 1200 0       
99990546 19/12/2019 1200 8.2     
99990546 20/12/2019 1200 0       
99990546 21/12/2019 1200 0       
99990546 22/12/2019 1200 0       
99990546 23/12/2019 1200 11.2    
99990546 24/12/2019 1200 2       
99990546 25/12/2019 1200 0.2     
99990546 26/12/2019 1200 0       
99990546 27/12/2019 1200 0       
99990546 28/12/2019 1200 0       
99990546 29/12/2019 1200 0       
99990546 30/12/2019 1200 1.4     
99990546 31/12/2019 1200 0       
99990546 01/01/2020 1200 1.6     
99990546 02/01/2020 1200 42.8    
99990546 03/01/2020 1200 14.6    
99990546 04/01/2020 1200 19.2    
99990546 05/01/2020 1200 3.4     
99990546 06/01/2020 1200 0.4     
99990546 07/01/2020 1200 1.2     
99990546 08/01/2020 1200 8.8     
99990546 09/01/2020 1200 0       
99990546 10/01/2020 1200 1.6     
99990546 11/01/2020 1200 0       
99990546 12/01/2020 1200 0       
99990546 13/01/2020 1200 0       
99990546 14/01/2020 1200 0       
99990546 15/01/2020 1200 0       
99990546 16/01/2020 1200 0       
99990546 17/01/2020 1200 0.4     
99990546 18/01/2020 1200 5.8     
99990546 19/01/2020 1200 0       
99990546 20/01/2020 1200 3.6     
99990546 21/01/2020 1200 1.6     
99990546 22/01/2020 1200 72.6    
99990546 23/01/2020 1200 39.6    
99990546 24/01/2020 1200 20.4    
99990546 25/01/2020 1200 22      
99990546 26/01/2020 1200 18.6    
99990546 27/01/2020 1200 0       
