99990507 13/12/2019 0000 -       
99990507 14/12/2019 0000 -       
99990507 15/12/2019 0000 -       
99990507 16/12/2019 0000 -       
99990507 17/12/2019 1200 0       
99990507 18/12/2019 1200 0       
99990507 19/12/2019 1200 0.6     
99990507 20/12/2019 1200 15.8    
99990507 21/12/2019 1200 71.8    
99990507 22/12/2019 1200 9       
99990507 23/12/2019 1200 5.6     
99990507 24/12/2019 1200 7       
99990507 25/12/2019 1200 0       
99990507 26/12/2019 1200 0       
99990507 27/12/2019 1200 19.2    
99990507 28/12/2019 1200 0.8     
99990507 29/12/2019 1200 0       
99990507 30/12/2019 1200 0       
99990507 31/12/2019 1200 0       
99990507 01/01/2020 1200 29      
99990507 02/01/2020 1200 5.8     
99990507 03/01/2020 1200 22.6    
99990507 04/01/2020 1200 1.4     
99990507 05/01/2020 1200 0.2     
99990507 06/01/2020 1200 11.6    
99990507 07/01/2020 1200 0       
99990507 08/01/2020 1200 18.6    
99990507 09/01/2020 1200 0       
99990507 10/01/2020 1200 31.8    
99990507 11/01/2020 1200 0       
99990507 12/01/2020 1200 18.8    
99990507 13/01/2020 1200 0       
99990507 14/01/2020 1200 0       
99990507 15/01/2020 1200 0       
99990507 16/01/2020 1200 0.4     
99990507 17/01/2020 1200 30.4    
99990507 18/01/2020 1200 27.2    
99990507 19/01/2020 1200 0.4     
99990507 20/01/2020 1200 0       
99990507 21/01/2020 0000 -       
99990507 22/01/2020 0000 -       
99990507 23/01/2020 0000 -       
99990507 24/01/2020 0000 -       
99990507 25/01/2020 1200 30.6    
99990507 26/01/2020 1200 0       
99990507 27/01/2020 1200 0       
