02353054 18/01/2020 1100 0.5     
02353054 19/01/2020 1100 0       
02353054 20/01/2020 1100 0       
02353054 21/01/2020 1100 0       
02353054 22/01/2020 1100 0       
02353054 23/01/2020 1100 11.3    
02353054 24/01/2020 1100 6.5     
02353054 25/01/2020 1100 0       
02353054 26/01/2020 1100 0       
02353054 27/01/2020 1100 0       
02353054 28/01/2020 1100 0       
02353054 29/01/2020 1100 0       
02353054 30/01/2020 1100 33.5    
02353054 31/01/2020 1100 4.3     
02353054 01/02/2020 1100 0       
02353054 02/02/2020 1100 2.5     
02353054 03/02/2020 1100 8.5     
02353054 04/02/2020 1100 0       
02353054 05/02/2020 1100 0       
02353054 06/02/2020 1100 2.5     
02353054 07/02/2020 1100 0       
02353054 08/02/2020 1100 0       
02353054 09/02/2020 1100 1.5     
02353054 10/02/2020 1100 0       
02353054 11/02/2020 1100 1.3     
02353054 12/02/2020 1100 0       
02353054 13/02/2020 1100 0       
02353054 14/02/2020 1100 0       
02353054 15/02/2020 1100 0       
02353054 16/02/2020 1100 0       
02353054 17/02/2020 1100 0       
02353054 18/02/2020 1100 3.3     
02353054 19/02/2020 1100 8.3     
02353054 20/02/2020 1100 0       
02353054 21/02/2020 1100 0.8     
02353054 22/02/2020 1100 0       
02353054 23/02/2020 1100 0       
02353054 24/02/2020 1100 0       
02353054 25/02/2020 1100 0       
02353054 26/02/2020 1100 19.5    
02353054 27/02/2020 1100 35.8    
02353054 28/02/2020 1100 0       
02353054 29/02/2020 1100 0       
02353054 01/03/2020 1100 0       
02353054 02/03/2020 1100 0       
02353054 03/03/2020 1100 0       
02353054 04/03/2020 1100 0       
02353054 05/03/2020 1100 0       
02353054 06/03/2020 1100 0       
02353054 07/03/2020 1100 0       
02353054 08/03/2020 1100 0.5     
02353054 09/03/2020 1100 3.570988671790573