02451010 18/01/2020 1000 0       
02451010 19/01/2020 1000 0       
02451010 20/01/2020 1000 0       
02451010 21/01/2020 1000 0       
02451010 22/01/2020 1000 0       
02451010 23/01/2020 1000 5.8     
02451010 24/01/2020 1000 1.8     
02451010 25/01/2020 1000 0       
02451010 26/01/2020 1000 0       
02451010 27/01/2020 1000 0       
02451010 28/01/2020 1000 0       
02451010 29/01/2020 1000 0       
02451010 30/01/2020 1000 0       
02451010 31/01/2020 1000 14.8    
02451010 01/02/2020 1000 0       
02451010 02/02/2020 1000 1       
02451010 03/02/2020 1000 52.8    
02451010 04/02/2020 1000 0       
02451010 05/02/2020 1000 0       
02451010 06/02/2020 1000 0       
02451010 07/02/2020 1000 0.5     
02451010 08/02/2020 1000 0       
02451010 09/02/2020 1000 0       
02451010 10/02/2020 1000 31.8    
02451010 11/02/2020 1000 0       
02451010 12/02/2020 1000 0       
02451010 13/02/2020 1000 0       
02451010 14/02/2020 1000 0       
02451010 15/02/2020 1000 0       
02451010 16/02/2020 1000 0       
02451010 17/02/2020 1000 0       
02451010 18/02/2020 1000 0       
02451010 19/02/2020 1000 0       
02451010 20/02/2020 1000 0       
02451010 21/02/2020 1000 0       
02451010 22/02/2020 1000 0       
02451010 23/02/2020 1000 0       
02451010 24/02/2020 1000 0       
02451010 25/02/2020 1000 0       
02451010 26/02/2020 1000 66      
02451010 27/02/2020 1000 1.5     
02451010 28/02/2020 1000 6.5     
02451010 29/02/2020 1000 18.3    
02451010 01/03/2020 1000 5       
02451010 02/03/2020 1000 0       
02451010 03/03/2020 1000 0       
02451010 04/03/2020 1000 0       
02451010 05/03/2020 1000 4       
02451010 06/03/2020 1000 0       
02451010 07/03/2020 1000 0       
02451010 08/03/2020 1000 20.3    
02451010 09/03/2020 1000 21.709978617136073