02453064 18/01/2020 1200 0       
02453064 19/01/2020 1200 0       
02453064 20/01/2020 1200 0       
02453064 21/01/2020 1200 0       
02453064 22/01/2020 1200 0.2     
02453064 23/01/2020 1200 0       
02453064 24/01/2020 1200 0       
02453064 25/01/2020 1200 0       
02453064 26/01/2020 1200 0       
02453064 27/01/2020 1200 0       
02453064 28/01/2020 1200 0       
02453064 29/01/2020 1200 27.6    
02453064 30/01/2020 1200 1       
02453064 31/01/2020 1200 12.6    
02453064 01/02/2020 1200 0       
02453064 02/02/2020 1200 0.4     
02453064 03/02/2020 1200 27.4    
02453064 04/02/2020 1200 0       
02453064 05/02/2020 1200 0       
02453064 06/02/2020 1200 2.2     
02453064 07/02/2020 1200 9.8     
02453064 08/02/2020 1200 1       
02453064 09/02/2020 1200 0       
02453064 10/02/2020 1200 0       
02453064 11/02/2020 1200 14.2    
02453064 12/02/2020 1200 15      
02453064 13/02/2020 1200 1       
02453064 14/02/2020 1200 0       
02453064 15/02/2020 1200 0       
02453064 16/02/2020 1200 0       
02453064 17/02/2020 1200 0       
02453064 18/02/2020 1200 0       
02453064 19/02/2020 1200 1.2     
02453064 20/02/2020 1200 2.2     
02453064 21/02/2020 1200 0       
02453064 22/02/2020 1200 0       
02453064 23/02/2020 1200 0       
02453064 24/02/2020 1200 0       
02453064 25/02/2020 1200 25.2    
02453064 26/02/2020 1200 26.8    
02453064 27/02/2020 1200 0       
02453064 28/02/2020 1200 0       
02453064 29/02/2020 1200 0       
02453064 01/03/2020 1200 0       
02453064 02/03/2020 1200 0       
02453064 03/03/2020 1200 1.8     
02453064 04/03/2020 1200 0       
02453064 05/03/2020 1200 0       
02453064 06/03/2020 1200 0       
02453064 07/03/2020 1200 0       
02453064 08/03/2020 1200 1.4     
02453064 09/03/2020 1200 22.445285702751725