99990743 18/01/2020 1200 0       
99990743 19/01/2020 1200 0       
99990743 20/01/2020 1200 0       
99990743 21/01/2020 1200 0       
99990743 22/01/2020 1200 15.6    
99990743 23/01/2020 1200 1.2     
99990743 24/01/2020 1200 0.2     
99990743 25/01/2020 1200 0       
99990743 26/01/2020 1200 0       
99990743 27/01/2020 1200 0       
99990743 28/01/2020 1200 0       
99990743 29/01/2020 1200 0       
99990743 30/01/2020 1200 12      
99990743 31/01/2020 1200 1.8     
99990743 01/02/2020 1200 1.8     
99990743 02/02/2020 1200 1.8     
99990743 03/02/2020 1200 2       
99990743 04/02/2020 1200 2.2     
99990743 05/02/2020 1200 4.2     
99990743 06/02/2020 1200 5       
99990743 07/02/2020 1200 5       
99990743 08/02/2020 1200 3.4     
99990743 09/02/2020 1200 1.2     
99990743 10/02/2020 1200 0.4     
99990743 11/02/2020 1200 0.8     
99990743 12/02/2020 1200 4       
99990743 13/02/2020 1200 2       
99990743 14/02/2020 1200 1       
99990743 15/02/2020 1200 1       
99990743 16/02/2020 1200 3       
99990743 17/02/2020 1200 1.2     
99990743 18/02/2020 1200 0.4     
99990743 19/02/2020 1200 0.2     
99990743 20/02/2020 1200 3.2     
99990743 21/02/2020 1200 1.4     
99990743 22/02/2020 1200 0.2     
99990743 23/02/2020 1200 0.2     
99990743 24/02/2020 1200 0.6     
99990743 25/02/2020 1200 3       
99990743 26/02/2020 1200 0.4     
99990743 27/02/2020 1200 1       
99990743 28/02/2020 1200 1.8     
99990743 29/02/2020 1200 0.6     
99990743 01/03/2020 1200 0.4     
99990743 02/03/2020 1200 0.4     
99990743 03/03/2020 1200 0       
99990743 04/03/2020 1200 0.2     
99990743 05/03/2020 1200 0       
99990743 06/03/2020 1200 0       
99990743 07/03/2020 1200 0       
99990743 08/03/2020 1200 0       
99990743 09/03/2020 1200 2.0537499999843787