99990709 18/01/2020 1200 0       
99990709 19/01/2020 1200 0       
99990709 20/01/2020 1200 0       
99990709 21/01/2020 1200 0       
99990709 22/01/2020 1200 0.8     
99990709 23/01/2020 1200 7.8     
99990709 24/01/2020 1200 0       
99990709 25/01/2020 1200 0       
99990709 26/01/2020 1200 0       
99990709 27/01/2020 1200 0       
99990709 28/01/2020 1200 0       
99990709 29/01/2020 1200 0.2     
99990709 30/01/2020 1200 22.6    
99990709 31/01/2020 1200 5.4     
99990709 01/02/2020 1200 17.6    
99990709 02/02/2020 1200 47.6    
99990709 03/02/2020 1200 35.4    
99990709 04/02/2020 1200 0       
99990709 05/02/2020 1200 0.2     
99990709 06/02/2020 1200 5.6     
99990709 07/02/2020 1200 0       
99990709 08/02/2020 1200 0       
99990709 09/02/2020 1200 0       
99990709 10/02/2020 1200 0       
99990709 11/02/2020 1200 2.8     
99990709 12/02/2020 1200 2       
99990709 13/02/2020 1200 0       
99990709 14/02/2020 1200 0       
99990709 15/02/2020 1200 0       
99990709 16/02/2020 1200 0       
99990709 17/02/2020 1200 0       
99990709 18/02/2020 1200 0       
99990709 19/02/2020 1200 0       
99990709 20/02/2020 1200 46.6    
99990709 21/02/2020 1200 20.4    
99990709 22/02/2020 1200 0       
99990709 23/02/2020 1200 0       
99990709 24/02/2020 1200 0       
99990709 25/02/2020 1200 4.6     
99990709 26/02/2020 1200 20.4    
99990709 27/02/2020 1200 14.2    
99990709 28/02/2020 1200 0       
99990709 29/02/2020 1200 0       
99990709 01/03/2020 1200 0       
99990709 02/03/2020 1200 0       
99990709 03/03/2020 1200 0       
99990709 04/03/2020 1200 0       
99990709 05/03/2020 1200 0       
99990709 06/03/2020 1200 0       
99990709 07/03/2020 1200 0       
99990709 08/03/2020 1200 3.2     
99990709 09/03/2020 1200 4.328125000035394