99990750 18/01/2020 1200 25.6    
99990750 19/01/2020 1200 0       
99990750 20/01/2020 1200 0       
99990750 21/01/2020 1200 0       
99990750 22/01/2020 1200 2.4     
99990750 23/01/2020 1200 1.8     
99990750 24/01/2020 1200 1       
99990750 25/01/2020 1200 0       
99990750 26/01/2020 1200 0       
99990750 27/01/2020 1200 0       
99990750 28/01/2020 1200 0       
99990750 29/01/2020 1200 0       
99990750 30/01/2020 1200 4.4     
99990750 31/01/2020 1200 14      
99990750 01/02/2020 1200 13      
99990750 02/02/2020 1200 23      
99990750 03/02/2020 1200 0.2     
99990750 04/02/2020 1200 0.2     
99990750 05/02/2020 1200 0.2     
99990750 06/02/2020 1200 0.2     
99990750 07/02/2020 1200 0       
99990750 08/02/2020 1200 0       
99990750 09/02/2020 1200 0       
99990750 10/02/2020 1200 0       
99990750 11/02/2020 1200 23.6    
99990750 12/02/2020 1200 0.2     
99990750 13/02/2020 1200 0       
99990750 14/02/2020 1200 0       
99990750 15/02/2020 1200 0       
99990750 16/02/2020 1200 0       
99990750 17/02/2020 1200 5.8     
99990750 18/02/2020 1200 0.2     
99990750 19/02/2020 1200 0       
99990750 20/02/2020 1200 1.2     
99990750 21/02/2020 1200 25.6    
99990750 22/02/2020 1200 0       
99990750 23/02/2020 1200 0       
99990750 24/02/2020 1200 0       
99990750 25/02/2020 1200 4       
99990750 26/02/2020 1200 27.2    
99990750 27/02/2020 1200 0.2     
99990750 28/02/2020 1200 0       
99990750 29/02/2020 1200 0       
99990750 01/03/2020 1200 0       
99990750 02/03/2020 1200 0       
99990750 03/03/2020 1200 0       
99990750 04/03/2020 1200 0       
99990750 05/03/2020 1200 0       
99990750 06/03/2020 1200 0       
99990750 07/03/2020 1200 0       
99990750 08/03/2020 1200 0       
99990750 09/03/2020 1200 1.9781249999969968