ONS-Operador Nacional Do Sistema Eletrico
Modelo Computacional SMAP
Versao: 3.0.0 Data: 23/09/2019

Iniciando execucao: 12-02-2020 13:57:36

Parametros
   Amplitude inicial: 0.5
   dm alvo: 0 (nao e necessario multiplicar por 100)
   Limite de iteracoes: 10000
   Particulas: 24
   Pulso inicial: 0.1
   Uso de pesos: on
   Gerar graficos: off
   Semente: 9952

Sub bacia: SMesa
cef: 0.99611844
*dm: 0.016697162
ebin: 198.78
mape: 0.016239725
somacoef: 1.9798787
supin: 418.97939
Iteracoes: 10000
Iteracao otima: 9630
Tempo: 9.858 s

Qcal
[34](0,0,0,617.75939,493.2983,441.6022,379.42991,347.07747,363.71103,392.83678,398.95136,466.09473,427.18876,516.53244,716.6682,854.67686,1516.644,1781.5358,2090.0469,1878.9013,1509.9516,1232.1027,1000.7761,831.60145,708.64828,620.42786,686.36157,728.84599,787.95338,1390.7444,2503.3005,3281.1979,3191.3649,2916.0596)
Rsolo
[34](0,0,33.237992,32.051909,31.905106,31.294998,30.953206,31.758695,33.271704,34.17656,37.240107,37.170055,40.954772,47.059973,50.13919,58.289459,58.865022,60.062985,54.92464,48.008782,44.48713,41.226532,39.314413,37.534353,35.926128,38.578798,41.027974,43.793473,53.8868,63.394011,65.297916,60.739816,57.442802,46.824408)
Rsub
[34](0,0,31.609882,31.274591,30.942857,30.614642,30.289908,29.968618,29.650737,29.336227,29.025053,28.71718,28.412573,28.426224,30.720311,34.360161,42.299383,50.499779,59.348592,65.10665,67.418121,68.266883,67.946984,67.226261,66.513182,65.807667,65.109635,64.757946,65.374378,70.513041,81.311685,93.309065,102.12915,108.85083)
Rsup
[34](0,0,2.4128597,1.7082435,1.4225447,1.0763872,0.90183299,1.0092595,1.1885039,1.2351071,1.6330481,1.4201422,1.9456947,3.0977619,3.8094592,7.4898435,8.7278089,10.207515,8.6710887,6.3378166,4.654003,3.2910786,2.328404,1.6464303,1.164202,1.5694578,1.8394006,2.1925304,5.6416187,11.862619,15.951377,14.999553,13.094678,9.2593353)
Peso chuva 
[34](2,2,0.5,0.5,1.2283265,2,2,2,1.0286449,1.375819,1.2840605,1.5629711,1.6013278,1.2343244,0.83985431,0.84890699,0.6866388,1.0291151,0.57368445,0.5,0.5,0.5,0.58507304,0.66356201,0.69000505,0.87114011,0.90423459,0.69662961,0.73837423,0.6765832,0.71182567,0.7769164,1.8983397,1)
Previsao ETA40_LIMITES
[13] (10.951538,10.506154,7.5223077,7.255,6.7076923,12.147308,16.367692,17.130385,11.696154,5.5942308,10.587846,10.587846,10.587846)
Previsao PMEDIA_ORIG
[13] (7,6.7,4.1,3.3,2.6,3.8,6.1,5.8,7.3,12.1,13.7,13,7.125)
Previsao PRECMEDIA_ETA40.GEFS
[13] (8.82,8.5,6.03,5.36,4.4,7.55,10.23,11.43,9,10.03,8.135,8.135,8.135)
Previsao PRECZERADA_
[13] (0,0,0,0,0,0,0,0,0,0,0,0,0)


Tempo de execucao em: 10 s

Finalizando execucao: 12-02-2020 13:57:46

