00083566 07/02/2020 1200 33      
00083566 08/02/2020 1200 0       
00083566 09/02/2020 1200 2       
00083566 10/02/2020 1200 7       
00083566 11/02/2020 1200 1       
00083566 12/02/2020 1200 19      
00083566 13/02/2020 1200 0       
00083566 14/02/2020 1200 7       
00083566 15/02/2020 1200 0       
00083566 16/02/2020 1200 0       
00083566 17/02/2020 1200 18      
00083566 18/02/2020 1200 0       
00083566 19/02/2020 1200 0       
00083566 20/02/2020 1200 0       
00083566 21/02/2020 1200 0       
00083566 22/02/2020 1200 4       
00083566 23/02/2020 1200 14      
00083566 24/02/2020 1200 0       
00083566 25/02/2020 1200 11      
00083566 26/02/2020 1200 0       
00083566 27/02/2020 1200 1       
00083566 28/02/2020 1200 1       
00083566 29/02/2020 1200 24      
00083566 01/03/2020 1200 20      
00083566 02/03/2020 1200 27      
00083566 03/03/2020 1200 11      
00083566 04/03/2020 1200 38      
00083566 05/03/2020 1200 0       
00083566 06/03/2020 1200 1       
00083566 07/03/2020 1200 4       
00083566 08/03/2020 1200 0       
00083566 09/03/2020 1200 0       
00083566 10/03/2020 1200 0       
00083566 11/03/2020 1200 0       
00083566 12/03/2020 1200 0       
00083566 13/03/2020 1200 0       
00083566 14/03/2020 1200 0       
00083566 15/03/2020 1200 0       
00083566 16/03/2020 1200 0       
00083566 17/03/2020 1200 0       
00083566 18/03/2020 1200 0       
00083566 19/03/2020 1200 9       
00083566 20/03/2020 1200 36      
00083566 21/03/2020 1200 76      
00083566 22/03/2020 1200 44      
00083566 23/03/2020 1200 0       
00083566 24/03/2020 1200 0.09831548878323206