01547045 07/02/2020 1000 15      
01547045 08/02/2020 1000 20      
01547045 09/02/2020 1000 5       
01547045 10/02/2020 1000 2       
01547045 11/02/2020 1000 28      
01547045 12/02/2020 1000 3       
01547045 13/02/2020 1000 1       
01547045 14/02/2020 1000 40      
01547045 15/02/2020 1000 0       
01547045 16/02/2020 1000 15      
01547045 17/02/2020 1000 3       
01547045 18/02/2020 1000 14      
01547045 19/02/2020 1000 1       
01547045 20/02/2020 1000 10      
01547045 21/02/2020 1000 19      
01547045 22/02/2020 1000 0       
01547045 23/02/2020 1000 35      
01547045 24/02/2020 1000 3       
01547045 25/02/2020 1000 17      
01547045 26/02/2020 1000 10      
01547045 27/02/2020 1000 10      
01547045 28/02/2020 1000 0       
01547045 29/02/2020 1000 10      
01547045 01/03/2020 1000 5       
01547045 02/03/2020 1000 15      
01547045 03/03/2020 1000 47      
01547045 04/03/2020 1000 0       
01547045 05/03/2020 1000 4       
01547045 06/03/2020 1000 60      
01547045 07/03/2020 1000 17      
01547045 08/03/2020 1000 42      
01547045 09/03/2020 1000 0       
01547045 10/03/2020 1000 0       
01547045 11/03/2020 1000 0       
01547045 12/03/2020 1000 0       
01547045 13/03/2020 1000 0       
01547045 14/03/2020 1000 0       
01547045 15/03/2020 1000 0       
01547045 16/03/2020 1000 0       
01547045 17/03/2020 1000 0       
01547045 18/03/2020 1000 0       
01547045 19/03/2020 1000 0       
01547045 20/03/2020 1000 30      
01547045 21/03/2020 1000 0       
01547045 22/03/2020 1000 0       
01547045 23/03/2020 1000 10      
01547045 24/03/2020 1000 97.01137031253806