01945045 07/02/2020 1000 15      
01945045 08/02/2020 1000 8       
01945045 09/02/2020 1000 7       
01945045 10/02/2020 1000 0       
01945045 11/02/2020 1000 1       
01945045 12/02/2020 1000 33      
01945045 13/02/2020 1000 8       
01945045 14/02/2020 1000 5       
01945045 15/02/2020 1000 0       
01945045 16/02/2020 1000 10      
01945045 17/02/2020 1000 40      
01945045 18/02/2020 1000 10      
01945045 19/02/2020 1000 0       
01945045 20/02/2020 1000 0       
01945045 21/02/2020 1000 0       
01945045 22/02/2020 1000 0       
01945045 23/02/2020 1000 10      
01945045 24/02/2020 1000 0       
01945045 25/02/2020 1000 30      
01945045 26/02/2020 1000 5       
01945045 27/02/2020 1000 20      
01945045 28/02/2020 1000 20      
01945045 29/02/2020 1000 40      
01945045 01/03/2020 1000 5       
01945045 02/03/2020 1000 25      
01945045 03/03/2020 1000 2       
01945045 04/03/2020 1000 20      
01945045 05/03/2020 1000 2       
01945045 06/03/2020 1000 0       
01945045 07/03/2020 1000 20      
01945045 08/03/2020 1000 0       
01945045 09/03/2020 1000 0       
01945045 10/03/2020 1000 0       
01945045 11/03/2020 1000 0       
01945045 12/03/2020 1000 0       
01945045 13/03/2020 1000 0       
01945045 14/03/2020 1000 0       
01945045 15/03/2020 1000 0       
01945045 16/03/2020 1000 0       
01945045 17/03/2020 1000 0       
01945045 18/03/2020 1000 0       
01945045 19/03/2020 1000 0       
01945045 20/03/2020 1000 5       
01945045 21/03/2020 1000 25      
01945045 22/03/2020 1000 10      
01945045 23/03/2020 1000 15      
01945045 24/03/2020 1000 0.0