01944060 07/02/2020 1000 6       
01944060 08/02/2020 1000 1       
01944060 09/02/2020 1000 3       
01944060 10/02/2020 1000 1       
01944060 11/02/2020 1000 0       
01944060 12/02/2020 1000 20      
01944060 13/02/2020 1000 6       
01944060 14/02/2020 1000 4       
01944060 15/02/2020 1000 0       
01944060 16/02/2020 1000 0       
01944060 17/02/2020 1000 25      
01944060 18/02/2020 1000 0       
01944060 19/02/2020 1000 0       
01944060 20/02/2020 1000 0       
01944060 21/02/2020 1000 0       
01944060 22/02/2020 1000 0       
01944060 23/02/2020 1000 5       
01944060 24/02/2020 1000 10      
01944060 25/02/2020 1000 50      
01944060 26/02/2020 1000 0       
01944060 27/02/2020 1000 10      
01944060 28/02/2020 1000 10      
01944060 29/02/2020 1000 15      
01944060 01/03/2020 1000 5       
01944060 02/03/2020 1000 50      
01944060 03/03/2020 1000 5       
01944060 04/03/2020 1000 5       
01944060 05/03/2020 1000 0       
01944060 06/03/2020 1000 0       
01944060 07/03/2020 1000 10      
01944060 08/03/2020 1000 0       
01944060 09/03/2020 1000 0       
01944060 10/03/2020 1000 0       
01944060 11/03/2020 1000 0       
01944060 12/03/2020 1000 0       
01944060 13/03/2020 1000 0       
01944060 14/03/2020 1000 0       
01944060 15/03/2020 1000 0       
01944060 16/03/2020 1000 0       
01944060 17/03/2020 1000 0       
01944060 18/03/2020 1000 0       
01944060 19/03/2020 1000 0       
01944060 20/03/2020 1000 5       
01944060 21/03/2020 1000 30      
01944060 22/03/2020 1000 10      
01944060 23/03/2020 1000 5       
01944060 24/03/2020 1000 0.0