02044059 07/02/2020 1000 74      
02044059 08/02/2020 1000 13      
02044059 09/02/2020 1000 0       
02044059 10/02/2020 1000 1       
02044059 11/02/2020 1000 26      
02044059 12/02/2020 1000 58      
02044059 13/02/2020 1000 1       
02044059 14/02/2020 1000 30      
02044059 15/02/2020 1000 1       
02044059 16/02/2020 1000 57      
02044059 17/02/2020 1000 8       
02044059 18/02/2020 1000 0       
02044059 19/02/2020 1000 0       
02044059 20/02/2020 1000 0       
02044059 21/02/2020 1000 0       
02044059 22/02/2020 1000 2       
02044059 23/02/2020 1000 2       
02044059 24/02/2020 1000 0       
02044059 25/02/2020 1000 17      
02044059 26/02/2020 1000 0       
02044059 27/02/2020 1000 16      
02044059 28/02/2020 1000 3       
02044059 29/02/2020 1000 15      
02044059 01/03/2020 1000 3       
02044059 02/03/2020 1000 32      
02044059 03/03/2020 1000 3       
02044059 04/03/2020 1000 27      
02044059 05/03/2020 1000 0       
02044059 06/03/2020 1000 13      
02044059 07/03/2020 1000 0       
02044059 08/03/2020 1000 0       
02044059 09/03/2020 1000 0       
02044059 10/03/2020 1000 0       
02044059 11/03/2020 1000 0       
02044059 12/03/2020 1000 0       
02044059 13/03/2020 1000 0       
02044059 14/03/2020 1000 0       
02044059 15/03/2020 1000 0       
02044059 16/03/2020 1000 0       
02044059 17/03/2020 1000 0       
02044059 18/03/2020 1000 0       
02044059 19/03/2020 1000 8       
02044059 20/03/2020 1000 0       
02044059 21/03/2020 1000 11      
02044059 22/03/2020 1000 1       
02044059 23/03/2020 1000 0       
02044059 24/03/2020 1000 0.0