02043076 07/02/2020 1000 20      
02043076 08/02/2020 1000 0       
02043076 09/02/2020 1000 5       
02043076 10/02/2020 1000 10      
02043076 11/02/2020 1000 16      
02043076 12/02/2020 1000 32      
02043076 13/02/2020 1000 12      
02043076 14/02/2020 1000 7       
02043076 15/02/2020 1000 0       
02043076 16/02/2020 1000 0       
02043076 17/02/2020 1000 0       
02043076 18/02/2020 1000 4       
02043076 19/02/2020 1000 0       
02043076 20/02/2020 1000 0       
02043076 21/02/2020 1000 31      
02043076 22/02/2020 1000 0       
02043076 23/02/2020 1000 7       
02043076 24/02/2020 1000 0       
02043076 25/02/2020 1000 6       
02043076 26/02/2020 1000 35      
02043076 27/02/2020 1000 10      
02043076 28/02/2020 1000 20      
02043076 29/02/2020 1000 17      
02043076 01/03/2020 1000 7       
02043076 02/03/2020 1000 22      
02043076 03/03/2020 1000 16      
02043076 04/03/2020 1000 25      
02043076 05/03/2020 1000 9       
02043076 06/03/2020 1000 12      
02043076 07/03/2020 1000 5       
02043076 08/03/2020 1000 1       
02043076 09/03/2020 1000 0       
02043076 10/03/2020 1000 0       
02043076 11/03/2020 1000 21      
02043076 12/03/2020 1000 3       
02043076 13/03/2020 1000 0       
02043076 14/03/2020 1000 0       
02043076 15/03/2020 1000 0       
02043076 16/03/2020 1000 0       
02043076 17/03/2020 1000 0       
02043076 18/03/2020 1000 0       
02043076 19/03/2020 1000 0       
02043076 20/03/2020 1000 15      
02043076 21/03/2020 1000 31      
02043076 22/03/2020 1000 31      
02043076 23/03/2020 1000 0       
02043076 24/03/2020 1000 0.17789062501863173