02549105 29/12/2019 1000 0       
02549105 30/12/2019 1000 0       
02549105 31/12/2019 1000 0       
02549105 01/01/2020 1000 0       
02549105 02/01/2020 1000 1.2     
02549105 03/01/2020 1000 5       
02549105 04/01/2020 1000 0       
02549105 05/01/2020 1000 10.4    
02549105 06/01/2020 1000 0       
02549105 07/01/2020 1000 0       
02549105 08/01/2020 1000 28.6    
02549105 09/01/2020 1000 0       
02549105 10/01/2020 1000 0       
02549105 11/01/2020 1000 0.4     
02549105 12/01/2020 1000 12.6    
02549105 13/01/2020 1000 0       
02549105 14/01/2020 1000 0       
02549105 15/01/2020 1000 0       
02549105 16/01/2020 1000 2.8     
02549105 17/01/2020 1000 20.8    
02549105 18/01/2020 1000 0       
02549105 19/01/2020 1000 0       
02549105 20/01/2020 1000 0       
02549105 21/01/2020 1000 0       
02549105 22/01/2020 1000 0       
02549105 23/01/2020 1000 0.2     
02549105 24/01/2020 1000 0       
02549105 25/01/2020 1000 0       
02549105 26/01/2020 1000 0       
02549105 27/01/2020 1000 0       
02549105 28/01/2020 1000 0       
02549105 29/01/2020 1000 25.2    
02549105 30/01/2020 1000 0.8     
02549105 31/01/2020 1000 10.6    
02549105 01/02/2020 1000 0.8     
02549105 02/02/2020 1000 0       
02549105 03/02/2020 1000 3.6     
02549105 04/02/2020 1000 0       
02549105 05/02/2020 1000 0       
02549105 06/02/2020 1000 5.6     
02549105 07/02/2020 1000 24.4    
02549105 08/02/2020 1000 5.2     
02549105 09/02/2020 1000 0       
02549105 10/02/2020 1000 5.8     
02549105 11/02/2020 1000 0.2     
02549105 12/02/2020 1000 0       
