02650028 29/12/2019 1000 0       
02650028 30/12/2019 1000 0       
02650028 31/12/2019 1000 0       
02650028 01/01/2020 1000 0       
02650028 02/01/2020 1000 11.8    
02650028 03/01/2020 1000 0       
02650028 04/01/2020 1000 0       
02650028 05/01/2020 1000 33.8    
02650028 06/01/2020 1000 0.4     
02650028 07/01/2020 1000 0       
02650028 08/01/2020 1000 0       
02650028 09/01/2020 1000 0       
02650028 10/01/2020 1000 20      
02650028 11/01/2020 1000 9.6     
02650028 12/01/2020 1000 0       
02650028 13/01/2020 1000 0       
02650028 14/01/2020 1000 0       
02650028 15/01/2020 1000 0       
02650028 16/01/2020 1000 1       
02650028 17/01/2020 1000 6.2     
02650028 18/01/2020 1000 0       
02650028 19/01/2020 1000 0       
02650028 20/01/2020 1000 0       
02650028 21/01/2020 1000 0       
02650028 22/01/2020 1000 0       
02650028 23/01/2020 1000 1.2     
02650028 24/01/2020 1000 0       
02650028 25/01/2020 1000 1.2     
02650028 26/01/2020 1000 0       
02650028 27/01/2020 1000 0       
02650028 28/01/2020 1000 0       
02650028 29/01/2020 1000 0.2     
02650028 30/01/2020 1000 14      
02650028 31/01/2020 1000 28.4    
02650028 01/02/2020 1000 0       
02650028 02/02/2020 1000 0       
02650028 03/02/2020 1000 0       
02650028 04/02/2020 1000 0.2     
02650028 05/02/2020 1000 0       
02650028 06/02/2020 1000 0.6     
02650028 07/02/2020 1000 16.8    
02650028 08/02/2020 1000 4.6     
02650028 09/02/2020 1000 0       
02650028 10/02/2020 1000 6.4     
02650028 11/02/2020 1000 0       
02650028 12/02/2020 1000 0       
