99990843 29/12/2019 1200 0       
99990843 30/12/2019 1200 0       
99990843 31/12/2019 1200 0       
99990843 01/01/2020 1200 0       
99990843 02/01/2020 1200 4.8     
99990843 03/01/2020 1200 0       
99990843 04/01/2020 1200 0       
99990843 05/01/2020 1200 0       
99990843 06/01/2020 1200 2.2     
99990843 07/01/2020 1200 0.2     
99990843 08/01/2020 1200 0       
99990843 09/01/2020 1200 0       
99990843 10/01/2020 1200 0       
99990843 11/01/2020 1200 37.8    
99990843 12/01/2020 1200 25.4    
99990843 13/01/2020 1200 0.4     
99990843 14/01/2020 1200 0       
99990843 15/01/2020 1200 0       
99990843 16/01/2020 1200 1.6     
99990843 17/01/2020 1200 23.2    
99990843 18/01/2020 1200 0       
99990843 19/01/2020 1200 0       
99990843 20/01/2020 1200 0       
99990843 21/01/2020 1200 0       
99990843 22/01/2020 1200 0       
99990843 23/01/2020 1200 3.6     
99990843 24/01/2020 1200 1.6     
99990843 25/01/2020 1200 0       
99990843 26/01/2020 1200 0       
99990843 27/01/2020 1200 0       
99990843 28/01/2020 1200 0       
99990843 29/01/2020 1200 1.4     
99990843 30/01/2020 1200 12      
99990843 31/01/2020 1200 19.6    
99990843 01/02/2020 1200 0       
99990843 02/02/2020 1200 0       
99990843 03/02/2020 1200 18.6    
99990843 04/02/2020 1200 0.2     
99990843 05/02/2020 1200 0       
99990843 06/02/2020 1200 0       
99990843 07/02/2020 1200 0       
99990843 08/02/2020 1200 0       
99990843 09/02/2020 1200 0       
99990843 10/02/2020 1200 1       
99990843 11/02/2020 1200 7.2     
99990843 12/02/2020 1200 0       
