99990875 29/12/2019 1200 0       
99990875 30/12/2019 1200 0       
99990875 31/12/2019 1200 3.4     
99990875 01/01/2020 1200 17.4    
99990875 02/01/2020 1200 0.2     
99990875 03/01/2020 1200 0.8     
99990875 04/01/2020 1200 0.2     
99990875 05/01/2020 1200 0       
99990875 06/01/2020 1200 6.6     
99990875 07/01/2020 1200 0       
99990875 08/01/2020 1200 1.2     
99990875 09/01/2020 1200 0       
99990875 10/01/2020 1200 1       
99990875 11/01/2020 1200 17.4    
99990875 12/01/2020 1200 0.2     
99990875 13/01/2020 1200 0       
99990875 14/01/2020 1200 0       
99990875 15/01/2020 1200 0       
99990875 16/01/2020 1200 0.2     
99990875 17/01/2020 1200 3       
99990875 18/01/2020 1200 1       
99990875 19/01/2020 1200 0.2     
99990875 20/01/2020 1200 0       
99990875 21/01/2020 1200 0       
99990875 22/01/2020 1200 0.8     
99990875 23/01/2020 1200 1.4     
99990875 24/01/2020 1200 1.4     
99990875 25/01/2020 1200 1.8     
99990875 26/01/2020 1200 0       
99990875 27/01/2020 1200 0       
99990875 28/01/2020 1200 0       
99990875 29/01/2020 1200 3.8     
99990875 30/01/2020 1200 20.6    
99990875 31/01/2020 1200 4.6     
99990875 01/02/2020 1200 0.2     
99990875 02/02/2020 1200 0       
99990875 03/02/2020 1200 1.8     
99990875 04/02/2020 1200 0.2     
99990875 05/02/2020 1200 0.6     
99990875 06/02/2020 1200 0       
99990875 07/02/2020 1200 2       
99990875 08/02/2020 1200 0.2     
99990875 09/02/2020 1200 1.4     
99990875 10/02/2020 1200 10      
99990875 11/02/2020 1200 0.6     
99990875 12/02/2020 1200 0       
