ONS-Operador Nacional Do Sistema Eletrico
Modelo Computacional SMAP
Versao: 3.0.0 Data: 23/09/2019

Iniciando execucao: 11-02-2020 13:20:34

Parametros
   Amplitude inicial: 0.5
   somacoef alvo: 2 (nao e necessario multiplicar por 100)
   Limite de iteracoes: 10000
   Particulas: 24
   Pulso inicial: 0.1
   Uso de pesos: on
   Gerar graficos: off
   Semente: 9952

Sub bacia: AVERMELHA
cef: 0.96907627
dm: 0.035887818
ebin: 184.03046
mape: 0.018211491
*somacoef: 1.9508648
supin: 257.23917
Iteracoes: 10000
Iteracao otima: 9988
Tempo: 8.771 s

Qcal
[33](0,0,441.26963,426.48186,444.88678,414.40745,387.34357,363.33478,342.06256,333.53135,333.31022,350.25301,370.73736,358.07699,399.73808,462.52637,561.8398,583.4884,549.37762,510.08352,475.08544,443.98813,418.42181,397.41872,386.40004,380.22955,371.84302,436.09328,461.48562,506.79907,564.60473,535.09885,503.97887)
Rsolo
[33](0,66.0066,65.500295,68.913655,64.123233,59.760285,56.085895,52.829329,53.247461,55.074611,59.088339,62.98379,61.358099,66.867279,73.004477,79.905907,80.987464,76.009517,69.475005,63.947748,59.564874,57.141547,55.344721,55.101953,55.618757,55.399275,63.409081,67.159756,71.883785,76.545527,72.174611,67.937589,62.46605)
Rsub
[33](0,157.16758,159.0476,160.84503,163.14525,164.72711,165.72132,166.26969,166.46076,166.69454,167.12442,168.02315,169.42405,170.60086,172.54277,175.44872,179.57977,183.8989,187.27068,189.53082,190.96059,191.8034,192.34792,192.68382,192.99107,193.35461,193.69175,195.02678,196.89423,199.49564,202.88795,205.50847,207.44264)
Rsup
[33](0,8.2063016,7.6643241,8.1843263,7.1260693,6.2036036,5.4005506,4.7014524,4.4221572,4.4063702,4.9308118,5.5507214,5.0945078,6.3795982,8.3100975,11.369791,11.906101,10.656581,9.2770927,8.0761783,7.0307216,6.1836368,5.4932676,5.1292084,4.9208839,4.6397619,6.6768445,7.4370283,8.8128363,10.559747,9.4917509,8.4010917,7.3135751)
Peso chuva 
[33](0.93067817,2,0.83238611,2,1.7324835,0.5,0.5,0.56252873,2,2,2,2,2,1.3924522,0.89556456,0.90481455,0.60900975,0.5,0.5,0.5,0.5,0.5,0.5,0.66083768,0.89565809,1.8636967,2,1.1404513,0.92159671,1.0610946,0.5,0.5,1)
Previsao ETA40_LIMITES
[13] (26.850909,11.801818,1.4672727,0.085454545,4.7736364,12.464545,11.526364,14.43,6.1681818,5.4354545,9.5003636,9.5003636,9.5003636)
Previsao PMEDIA_ORIG
[13] (17.8,11.3,4.8,1.3,3,2.5,5,6.5,5.4,5.7,3.9,4,5.9333333)
Previsao PRECMEDIA_ETA40.GEFS
[13] (18.76,10.11,3.97,0.78,3.14,5.11,4.8,7.75,5.29,5.57,6.528,6.528,6.528)
Previsao PRECZERADA_ETA40
[13] (0,0,0,0,0,0,0,0,0,0,0,0,0)


Sub bacia: Camargos
cef: 0.99549654
dm: 0.016107536
ebin: 64.793461
mape: 0.015465173
*somacoef: 1.9800314
supin: 58.782411
Iteracoes: 10000
Iteracao otima: 9911
Tempo: 9.039 s

Qcal
[33](0,0,123.57587,117.14598,113.58974,129.1523,122.68815,116.0151,109.8182,104.51256,101.26774,101.1138,107.09477,102.30131,97.58116,110.87132,116.33912,111.05947,105.66955,100.62597,96.145168,92.977853,89.334263,86.088148,83.370241,87.060845,129.33252,199.69202,231.8319,253.28989,296.61398,294.97075,270.94717)
Rsolo
[33](0,47.07,43.383477,43.645022,50.389644,44.131052,40.968962,39.118394,38.32357,38.490235,40.661852,45.413671,41.91992,39.885965,46.781723,48.83602,43.971661,40.823879,38.775165,37.202057,36.907429,35.333485,33.730425,32.961491,36.170688,48.625711,59.428997,57.819093,56.876245,59.412911,54.57419,45.376016,41.376113)
Rsub
[33](0,193.38522,194.8801,194.58184,194.40273,197.73398,197.76282,196.85107,195.94352,195.04016,194.14096,193.24591,193.90526,193.01129,192.12145,193.47268,195.91915,195.88287,194.97979,194.08087,193.18609,192.29544,191.4089,190.52644,189.64806,188.77372,191.12521,200.60194,208.82356,216.32186,225.67007,231.49192,231.95657)
Rsup
[33](0,6.8310408,6.0256259,5.6239716,7.4394542,6.5585578,5.7819672,5.0973317,4.5161048,4.1742003,4.191322,4.9212133,4.3384986,3.8247824,5.403864,5.98666,5.2778634,4.6529182,4.101972,3.6162627,3.283031,2.8942914,2.551582,2.2700959,2.7331777,7.6795666,15.764412,19.13037,21.303866,26.04656,25.491624,22.473192,19.81217)
Peso chuva 
[33](0.5,2,1.0490016,0.74479839,1.7843162,0.5,1.8524371,0.5,0.5,1.86594,2,2,0.5,0.5,1.1240078,0.7432492,0.5,1.3624738,1.0064436,0.5,2,0.52710107,0.52108783,0.5,0.89270311,0.78950389,1.2934102,1.2799194,0.53168588,1.1625738,2,0.5,1)
Previsao ETA40_LIMITES
[13] (17.726,28.022,12.242,5.2,6.458,4.654,15.072,1.362,0.108,0.162,9.1006,9.1006,9.1006)
Previsao PMEDIA_ORIG
[13] (13.2,15.8,8.7,2.8,3,7.8,9.7,6.6,6.2,4.4,8.2,6,7.7)
Previsao PRECMEDIA_ETA40.GEFS
[13] (17.34,19.41,8.09,3.97,4.35,8.71,12.67,10.82,9.59,4.25,9.92,9.92,9.92)
Previsao PRECZERADA_ETA40
[13] (0,0,0,0,0,0,0,0,0,0,0,0,0)


Sub bacia: CAPESCURO
cef: 0.98929677
dm: 0.021942279
ebin: 69.730878
mape: 0.019154748
*somacoef: 1.970142
supin: 39.247037
Iteracoes: 10000
Iteracao otima: 9760
Tempo: 8.62 s

Qcal
[33](0,0,108.97791,106.74707,103.78995,101.44243,97.913471,93.995073,90.50563,87.393054,90.668711,103.84671,113.31878,120.66376,126.42202,141.81784,161.00504,160.54221,154.86289,147.86921,145.94205,145.06978,152.52668,149.15916,145.75391,140.66375,136.51688,141.53331,188.02225,214.67009,221.56242,215.13567,205.50363)
Rsolo
[33](0,117.624,115.29894,113.34509,113.55589,110.4116,108.65018,106.56051,105.21496,111.43546,122.34787,124.64808,124.46231,123.80823,128.23593,131.07799,122.68972,115.06895,110.41851,115.96599,118.11664,123.5679,116.42831,115.14901,111.35141,111.8755,119.26611,134.9444,135.14003,129.58894,120.57475,114.75104,110.12101)
Rsub
[33](0,118.24697,120.76735,122.07901,122.41673,122.85386,121.79935,120.74859,119.70691,118.67421,118.13119,123.2029,129.54003,135.71511,141.46118,149.77084,159.77224,164.67649,165.49439,164.0752,165.34918,167.72049,173.05329,174.48481,175.25806,174.18755,173.37265,176.28292,188.56268,200.86667,209.49495,212.7994,213.04395)
Rsup
[33](0,4.435341,4.015266,3.5936657,3.3058637,2.8779215,2.5053762,2.1810566,1.8987231,2.3377302,3.8631755,4.5956276,5.0033641,5.2425827,6.5995423,8.2141226,7.4952928,6.5266342,5.6817651,5.5585537,5.375076,6.0597547,5.3237946,4.8435626,4.2167883,3.8194891,4.4407076,9.5005128,11.693646,11.652579,10.351271,9.042527,7.871977)
Peso chuva 
[33](2,1.9999201,2,1.0461984,1.7073944,0.63972671,2,1.9753308,2,1.1205059,1.2192005,0.85880225,0.83267917,0.95537591,0.54080653,0.93577589,0.79834939,1.2903296,2,0.98756918,2,2,2,2,2,2,2,1.6679398,1.278427,1.5447483,2,2,1)
Previsao ETA40_LIMITES
[13] (30.01,13.4525,1.9225,0.78,3.4075,17.98,23.0225,9.095,1.56,1.77,10.3,10.3,10.3)
Previsao PMEDIA_ORIG
[13] (29.6,14.2,3.7,1.5,2.1,6.2,11.3,6.9,7,7.4,4.6,7.4,8.4916667)
Previsao PRECMEDIA_ETA40.GEFS
[13] (22.06,14.05,3.99,1.14,2.38,7.71,8.74,7.74,8.24,6.88,8.293,8.293,8.293)
Previsao PRECZERADA_ETA40
[13] (0,0,0,0,0,0,0,0,0,0,0,0,0)


Sub bacia: EDACUNHA
cef: 0.98532005
dm: 0.032521358
ebin: 62.943785
mape: 0.02901961
*somacoef: 1.9563004
supin: 73.224903
Iteracoes: 10000
Iteracao otima: 9749
Tempo: 8.71 s

Qcal
[33](0,0,136.16869,119.94374,104.58353,106.31899,107.36624,98.765633,89.702407,87.577735,83.550168,78.414013,74.512645,74.27568,100.76458,144.38775,134.45192,117.38933,103.78321,93.701584,88.305254,88.518315,109.61854,102.44151,106.1239,96.214132,88.68061,143.18911,227.64261,285.6586,236.53872,192.69331,160.56821)
Rsolo
[33](0,48.8865,43.202685,38.616847,41.709496,43.215683,40.157499,36.922005,37.644922,36.598053,34.736397,33.799843,34.264988,42.667313,50.749671,46.75088,41.265576,37.403113,35.062483,34.88375,37.06948,43.973558,41.262491,42.967154,38.403499,35.960402,48.024315,57.360164,59.096601,48.231971,41.539136,37.811232,35.260804)
Rsub
[33](0,161.39595,166.27341,168.26714,168.35862,169.68178,171.65523,172.31385,171.76946,171.48112,170.8332,169.59396,168.29283,167.00168,168.75067,174.62701,178.2676,179.32762,178.89603,177.69503,176.44815,175.92269,178.19548,179.25477,181.04308,180.95765,180.026,184.29263,194.28101,205.43026,209.61349,210.54793,210.02131)
Rsup
[33](0,4.9181401,3.7006337,2.6167432,2.730909,2.7665886,2.1372375,1.5112551,1.3828116,1.1198535,0.79185601,0.56228182,0.58044802,2.3933915,5.2775227,4.4562588,3.2148908,2.2732711,1.6074454,1.2764608,1.3234318,2.7543894,2.2128116,2.4323916,1.7199606,1.2162103,4.9016694,10.462217,14.097216,10.506043,7.4515963,5.2694423,3.7260584)
Peso chuva 
[33](0.5,1.794466,0.87134283,0.5,1.6954209,1.7733232,1.8697697,0.5,1.9568363,1.7779166,0.5,0.5,1.8468607,1.211895,0.91842736,0.5,0.5,0.5,0.5,1.0527681,1.6407317,1.2755651,0.65827761,1.6757996,0.5,0.5,1.2146787,0.9330439,0.91975477,0.5,0.5,0.5,1)
Previsao ETA40_LIMITES
[13] (18,16.6,6.2,0.5,4.5,19.5,23.7,3.5,3.8,1.2,9.75,9.75,9.75)
Previsao PMEDIA_ORIG
[13] (13.7,8.5,4.3,0.6,0.9,3.1,3.8,5,5,7.1,4.4,5.2,5.1333333)
Previsao PRECMEDIA_ETA40.GEFS
[13] (18.07,12.72,4.89,0.64,2.19,6.84,6.59,5.22,6.64,5.69,6.949,6.949,6.949)
Previsao PRECZERADA_ETA40
[13] (0,0,0,0,0,0,0,0,0,0,0,0,0)


Sub bacia: FUNIL MG
cef: 0.97304879
dm: 0.051412221
ebin: 51.784
mape: 0.043781831
*somacoef: 1.929267
supin: 140.77098
Iteracoes: 10000
Iteracao otima: 9953
Tempo: 8.548 s

Qcal
[33](0,0,192.55498,170.44275,175.51542,168.9389,176.88629,158.86828,147.89725,156.68157,141.6465,137.76128,150.58813,144.51114,134.67916,160.15901,330.9179,393.54995,346.36445,302.92283,275.2553,253.93147,236.6045,211.16123,188.85477,215.34282,266.08307,403.97347,528.26838,484.12031,431.63751,378.91163,333.1289)
Rsolo
[33](0,59.4375,57.436372,62.732119,62.645804,65.149037,58.373635,58.776585,63.218202,58.17928,60.001237,64.062889,61.848673,59.477052,65.556042,77.801603,75.143502,61.619233,56.98762,59.118344,60.784351,61.549765,57.068683,54.853368,63.079193,70.301677,77.534587,78.247113,68.188667,63.358056,59.1438,56.632854,53.965537)
Rsub
[33](0,92.049221,92.499094,92.025382,94.179871,96.276455,99.770017,99.667046,99.756891,102.13797,101.93105,102.60965,105.44766,107.05931,107.45175,111.12644,123.19331,133.16876,134.51736,133.82846,133.90848,134.8198,136.12344,135.42632,134.73277,136.85821,143.35716,155.04998,167.24314,172.21741,174.30468,174.18978,173.29771)
Rsup
[33](0,7.8700265,6.6196579,6.9181524,6.4827202,6.861091,5.7438885,5.1337745,5.62205,4.7066026,4.4959009,5.1916632,4.7626607,4.1622991,5.5744485,15.005423,18.127449,15.175727,12.704639,11.179509,9.9848491,8.9874952,7.5240469,6.2988942,7.8015642,10.571431,18.076013,24.657164,21.805506,18.714923,15.701552,13.145609,11.005088)
Peso chuva 
[33](0.55715009,2,0.5042531,1.3439599,0.81123171,2,0.5,2,2,0.5,0.94237336,0.88464755,1.2424249,1.3394015,0.73416907,1.1268635,1.532647,0.5,0.5,0.92114181,0.70648743,1.7122934,0.51370239,0.5,1.3856332,0.8260422,1.3511371,1.7160818,0.5,0.5,0.5,0.5,1)
Previsao ETA40_LIMITES
[13] (22.106,31,17.084,2.652,1.654,6.3,9.816,2.004,0.458,0.028,9.3102,9.3102,9.3102)
Previsao PMEDIA_ORIG
[13] (24.3,28.5,17.3,2.8,2,3.6,8.1,8.5,10.2,6.9,5.9,6.5,10.383333)
Previsao PRECMEDIA_ETA40.GEFS
[13] (21.43,28.76,9.57,2.94,1.77,4.23,9.12,6.99,10.7,5.52,10.103,10.103,10.103)
Previsao PRECZERADA_ETA40
[13] (0,0,0,0,0,0,0,0,0,0,0,0,0)


Sub bacia: FURNAS
cef: 0.98573762
dm: 0.038247503
ebin: 84.528
mape: 0.035488815
*somacoef: 1.9502488
supin: 384.55845
Iteracoes: 10000
Iteracao otima: 9982
Tempo: 8.636 s

Qcal
[33](0,0,469.08645,431.90096,409.39257,432.72744,421.97832,395.15916,374.04834,374.06198,380.74179,356.48182,351.93841,340.26641,338.16715,352.19635,482.78168,593.3984,554.60855,512.6953,472.95512,437.18051,404.9575,376.21189,391.5,427.86707,508.49561,604.62242,677.26081,830.10272,986.0388,915.9691,842.28117)
Rsolo
[33](0,39.8905,37.686829,38.939575,44.09473,42.762986,39.673376,39.117996,41.698495,43.271572,39.387887,40.974447,40.383701,41.407016,43.457637,50.358353,50.898156,41.377536,37.013803,35.667523,34.379631,33.129385,32.13086,37.220633,43.620052,48.381775,50.052772,49.619804,52.330528,52.695795,42.236414,37.693556,35.05955)
Rsub
[33](0,72.130099,72.942653,72.709576,73.055775,76.167935,78.489842,79.163283,79.562952,81.27872,83.866384,84.373344,85.67971,86.674117,88.198033,90.859505,98.087959,105.68624,107.10052,106.57157,106.04523,105.52149,105.00034,104.48177,103.96575,106.64427,112.36837,119.26407,125.80851,134.37919,143.19815,144.89413,144.30871)
Rsup
[33](0,16.022835,14.433807,13.507363,14.462719,13.862893,12.632086,11.71961,11.700664,11.895206,10.758053,10.543996,9.9938899,9.857869,10.367995,15.678951,19.934911,17.947709,16.132316,14.502347,13.037478,11.720462,10.548207,11.210515,12.750964,15.979611,19.705295,22.395115,28.44381,34.522489,31.172393,28.019335,25.185207)
Peso chuva 
[33](2,0.5,2,1.4628588,2,2,2,2,2,2,0.81670844,1.2424861,2,1.1801502,0.5,0.9044532,1.2371241,0.5,1.9305973,1.0037775,1.28746,0.80675245,1.6780732,1.3534444,2,1.3039443,2,1.1627033,1.2890041,1.9734356,0.5,0.54369039,1)
Previsao ETA40_LIMITES
[13] (23.391667,23.064167,6.4325,0.61083333,0.825,10.785,17.125833,7.1716667,3.3925,0.20416667,9.3003333,9.3003333,9.3003333)
Previsao PMEDIA_ORIG
[13] (18.7,15.2,5.3,0.8,1,1.7,5.2,5.2,6.3,4.8,5.3,6,6.2916667)
Previsao PRECMEDIA_ETA40.GEFS
[13] (21.66,20.06,5.92,1.04,1,4.57,7.87,7.28,8.11,5.52,8.303,8.303,8.303)
Previsao PRECZERADA_ETA40
[13] (0,0,0,0,0,0,0,0,0,0,0,0,0)


Sub bacia: MARIMBONDO
cef: 0.99559065
dm: 0.0083469291
ebin: 194.56227
mape: 0.007087235
*somacoef: 1.9885034
supin: 222.75334
Iteracoes: 10000
Iteracao otima: 9808
Tempo: 8.443 s

Qcal
[33](0,0,417.31561,400.79366,372.27751,347.16358,324.91429,304.69399,287.38423,277.44014,276.58311,279.21217,273.646,263.88059,260.01028,273.71131,307.00334,368.42416,349.91045,330.3882,312.85907,297.99508,286.62907,275.83087,271.30676,270.65171,270.26611,289.88076,327.16956,382.75966,449.72645,475.6762,458.37004)
Rsolo
[33](0,97.776,93.205363,86.437266,82.477536,79.813231,77.068443,75.239746,76.060209,79.308114,82.139747,81.263174,78.869604,78.980156,83.692302,90.067925,97.445075,88.670056,82.452295,79.118472,77.259506,76.45614,75.546663,76.311304,78.019182,79.093606,84.521088,90.877825,97.094709,101.99025,100.93163,94.320783,85.49476)
Rsub
[33](0,218.18637,225.95208,231.59521,234.42233,235.77231,236.20055,235.74183,234.83577,234.07211,234.33947,235.57045,236.49127,236.60564,236.75565,238.53326,242.78749,250.30156,253.93845,255.20447,255.32828,254.85573,254.13597,253.15922,252.40162,252.18051,252.3078,254.33022,258.86231,266.14923,275.80705,284.8929,290.80491)
Rsup
[33](0,5.3437683,4.7812879,3.9764773,3.3135254,2.7508945,2.256656,1.8512147,1.632042,1.6278187,1.6851694,1.525306,1.2713391,1.1760451,1.5015185,2.2621551,3.6446099,3.0397309,2.4935987,2.0459986,1.6867686,1.4242113,1.1805637,1.0929269,1.093419,1.0888987,1.5567239,2.408004,3.6446384,5.0952634,5.5111865,4.9016526,4.0209989)
Peso chuva 
[33](0.60516536,0.55362595,2,2,2,2,2,0.68184715,0.90584108,1.0790317,1.0974607,1.3759952,0.59422945,0.77772006,0.54146013,0.73410877,1.3128518,2,1.7795396,0.5,0.5,0.5,0.5,0.85934402,1.6585733,1.2381928,0.72372304,0.70330362,0.80384922,1.5243872,2,1.4148242,1)
Previsao ETA40_LIMITES
[13] (24.338,11.407,1.881,0.396,2.48,15.877,21.856,10.182,2.465,1.961,9.2843,9.2843,9.2843)
Previsao PMEDIA_ORIG
[13] (20.4,9.5,3.5,0.9,1.7,3.3,5.8,5.6,5,6.3,4.1,4.9,5.9166667)
Previsao PRECMEDIA_ETA40.GEFS
[13] (17.75,10.11,3.27,0.68,1.81,6.09,6.82,6.47,6.07,5.33,6.44,6.44,6.44)
Previsao PRECZERADA_ETA40
[13] (0,0,0,0,0,0,0,0,0,0,0,0,0)


Sub bacia: PARAGUACU
cef: 0.99420591
dm: 0.03181682
ebin: 68.052
mape: 0.031284797
*somacoef: 1.9629211
supin: 126.39887
Iteracoes: 10000
Iteracao otima: 9489
Tempo: 8.462 s

Qcal
[33](0,0,194.45087,181.66282,170.01739,164.00039,201.00034,191.60126,178.74299,166.2755,155.09854,145.20524,136.56277,129.56951,125.03334,130.39926,132.5999,132.82043,128.18338,121.9128,115.89177,112.06453,111.50828,108.82185,125.26327,130.36842,193.0523,195.60715,223.62179,307.15351,362.06932,362.46746,334.00721)
Rsolo
[33](0,65.5845,59.581373,58.331639,60.108279,68.567734,62.374604,58.019119,56.634933,55.490249,54.377252,53.514569,53.181995,53.878306,58.262865,61.21808,61.577474,59.317888,56.070283,54.685136,54.663331,56.360561,56.799286,62.86068,63.055092,71.215246,65.830274,68.995826,74.390658,73.329424,68.758849,59.796844,56.070698)
Rsub
[33](0,125.30331,129.29505,129.73485,129.51594,130.23959,136.1954,138.16668,137.7462,137.0659,136.38895,135.71535,135.04508,134.37812,133.71445,133.44055,134.76076,136.27851,136.54314,135.86878,135.19775,134.53003,133.86561,133.20448,135.47683,137.85362,145.66613,149.71527,155.87293,166.02926,175.30285,181.16877,181.4683)
Rsup
[33](0,9.7074203,8.5588046,7.6460932,7.1931187,10.004527,9.0342632,7.9645274,7.0245634,6.1945496,5.4629799,4.8273355,4.3182105,3.9976519,4.4374359,4.6178692,4.5797394,4.1603093,3.6676923,3.2334054,2.967462,2.9525922,2.7739877,4.0642631,4.3615585,9.0765383,8.9468915,10.929524,17.087916,20.881826,20.525603,18.095192,15.952563)
Peso chuva 
[33](1.9266613,0.5,2,1.69926,1.1106065,1.9485693,0.8939993,2,1.0171706,0.6447275,0.87099178,1.7868511,1.6216371,2,1.7469482,0.85363798,0.89319272,2,2,2,2,2,2,2,0.80608713,2,2,2,1.6420779,1.1050716,1.1896316,0.58589941,1)
Previsao ETA40_LIMITES
[13] (16.214,22.934,2.884,2.116,6.102,18.368,18.292,2.882,2.546,0.652,9.299,9.299,9.299)
Previsao PMEDIA_ORIG
[13] (10.1,6.3,3.9,0.6,0.9,1.8,1.9,3.9,4.8,6.2,6.1,5.1,4.3)
Previsao PRECMEDIA_ETA40.GEFS
[13] (16.23,15.72,4.3,1.34,3.07,6.85,5.88,4.74,6.58,6.12,7.083,7.083,7.083)
Previsao PRECZERADA_ETA40
[13] (0,0,0,0,0,0,0,0,0,0,0,0,0)


Sub bacia: PASSAGEM
cef: 0.99746447
dm: 0.0095544828
ebin: 57.829313
mape: 0.0092119065
*somacoef: 1.9882526
supin: 232.51896
Iteracoes: 10000
Iteracao otima: 9886
Tempo: 8.469 s

Qcal
[33](0,0,290.34828,296.19895,319.13085,333.92642,327.25239,321.08278,283.28686,251.34407,227.20936,211.88129,207.98912,203.94664,185.0112,180.70408,197.60803,209.11401,198.90351,181.53366,166.77442,154.21363,147.64486,146.06404,151.99995,155.93731,172.04307,190.07356,196.7868,226.96028,301.12141,350.71583,349.20159)
Rsolo
[33](0,102.36,104.91082,108.26403,111.25731,111.45659,111.7183,106.09417,101.89145,99.460201,98.34471,98.901067,99.242918,95.371436,95.510415,98.303469,100.36936,99.370212,95.13769,91.353893,88.069364,87.226488,87.503245,89.026814,90.178886,92.983166,95.885454,97.377769,101.04839,107.06449,111.12155,111.67635,105.90221)
Rsub
[33](0,60.760981,62.32794,64.112093,66.196321,68.55865,70.928937,73.313369,75.150561,76.606078,77.849613,78.995681,80.18143,81.389387,82.282655,83.182249,84.298635,85.579837,86.771623,87.62031,88.183564,88.515382,88.789203,89.080073,89.472631,89.943286,90.613827,91.501376,92.502199,93.800113,95.625497,97.829143,100.07657)
Rsup
[33](0,7.5836437,7.7258237,8.4183683,9.1651835,8.4671224,8.1952724,6.8913752,5.7952586,4.9655479,4.4295488,4.2694631,4.1031512,3.4503251,3.2842876,3.8097744,4.1523969,3.7815409,3.1798842,2.6739532,2.2485177,2.0256318,1.9671668,2.1532715,2.2709787,2.7830803,3.351699,3.5444159,4.4987263,6.8784311,8.4404695,8.3238045,6.9994574)
Peso chuva 
[33](2,2,0.70524546,2,1.7013237,1.1352207,1.2104379,1.9903855,0.50943692,0.5,0.5,0.9147704,1.9323026,2,2,0.91366836,0.84211764,0.68255195,0.57610754,2,0.5,2,1.3434782,1.8735073,1.0010372,1.8034712,1.4805753,1.8556391,1.0568164,1.1931987,1.2610704,2,1)
Previsao ETA40_LIMITES
[13] (9.5744444,6.0444444,1.7844444,0.40666667,4.4766667,19.168889,18.533333,3.7922222,0.85111111,0.86888889,6.5501111,6.5501111,6.5501111)
Previsao PMEDIA_ORIG
[13] (7.2,4.5,2.2,1.2,2.3,7.2,8.5,6,5.4,5.4,3.6,5,4.875)
Previsao PRECMEDIA_ETA40.GEFS
[13] (12.72,6.85,2.71,1.23,4.02,11.14,11.14,8.14,8.31,6.31,7.257,7.257,7.257)
Previsao PRECZERADA_ETA40
[13] (0,0,0,0,0,0,0,0,0,0,0,0,0)


Sub bacia: PBUENOS
cef: 0.99730903
dm: 0.018543096
ebin: 47.667089
mape: 0.0183468
*somacoef: 1.9789622
supin: 88.521398
Iteracoes: 10000
Iteracao otima: 9956
Tempo: 8.427 s

Qcal
[33](0,0,136.18849,125.13711,119.96455,121.74995,115.60288,106.37484,100.21549,102.59838,102.01407,104.67761,105.38414,108.67011,110.00024,107.78407,108.1018,103.50393,96.432697,90.020051,84.555764,82.508314,94.135753,92.461876,88.000055,84.769512,100.99898,118.52103,164.62127,206.47015,225.98662,217.44779,195.01102)
Rsolo
[33](0,56.837,50.984657,51.025106,53.039623,51.00586,48.040106,47.623844,50.786768,51.19421,52.410683,52.319538,53.1111,52.903496,51.557376,51.876338,49.757862,46.454862,44.411823,43.02246,43.621564,49.338577,49.222018,47.363786,46.706881,52.863934,56.067095,61.315911,62.557279,60.962296,56.630123,49.536145,45.607773)
Rsub
[33](0,140.32485,145.17405,146.72242,148.28418,150.89846,152.4312,152.53207,152.44529,153.86017,155.47514,157.71749,159.90102,162.50069,164.9755,166.72593,168.63425,169.46617,168.79251,168.01432,167.23972,166.46869,167.10897,167.69082,167.41881,166.86218,169.29546,173.54422,181.16999,189.63717,196.94418,201.40584,201.97965)
Rsup
[33](0,7.5511902,6.4679543,5.9818491,6.0888955,5.4887749,4.6571762,4.1288388,4.3346225,4.2437803,4.4241922,4.4194857,4.6365188,4.6746536,4.4138945,4.3902753,3.9427641,3.3154562,2.7879553,2.3443816,2.1921722,3.2063761,3.0450352,2.6475659,2.379871,3.7804319,5.2046162,9.0140151,12.362902,13.782375,12.842248,10.799027,9.0808628)
Peso chuva 
[33](2,2,0.5,0.53766962,0.61515912,0.5,0.50027264,2,1.9404099,1.4834898,2,2,2,1.4129206,0.71818823,0.65187654,0.5,0.5,0.6011826,0.5,1.1581442,2,2,0.5,0.5,0.98981469,1.9872565,1.3326565,0.92579143,0.77118983,0.87899351,0.5,1)
Previsao ETA40_LIMITES
[13] (15.0225,23.2425,3.1675,4.845,3.75,10.465,17.2675,3.7125,1.02,0.0575,8.255,8.255,8.255)
Previsao PMEDIA_ORIG
[13] (12.7,12.8,2.5,2.9,2.4,12.1,15.3,15.4,9.6,4,9.2,6.1,8.75)
Previsao PRECMEDIA_ETA40.GEFS
[13] (15.23,15.37,2.6,3.9,3.16,13.99,19.22,16.65,10.12,3.92,10.416,10.416,10.416)
Previsao PRECZERADA_ETA40
[13] (0,0,0,0,0,0,0,0,0,0,0,0,0)


Sub bacia: PCOLOMBIA
cef: 0.90644368
dm: 0.10393661
ebin: 79.016
mape: 0.045277306
*somacoef: 1.8611664
supin: 375.13098
Iteracoes: 10000
Iteracao otima: 9058
Tempo: 8.57 s

Qcal
[33](0,0,454.14698,430.2745,416.78598,391.30208,365.5947,341.97417,373.02802,437.87545,478.3736,464.6184,493.48793,501.10411,510.33559,599.78872,994.33079,996.64733,938.7722,877.3387,819.82081,765.85641,716.40563,670.83046,629.76032,591.18523,575.74299,653.43024,739.18005,877.4882,839.40225,790.57782,741.89745)
Rsolo
[33](0,58.2475,50.36543,51.851697,47.752799,45.395014,43.191659,51.838124,60.950935,61.630839,54.615028,59.253758,58.205024,58.212457,64.775383,75.437371,62.090108,51.728722,47.45905,46.516605,44.45689,43.077648,41.039213,40.02549,38.29625,42.235428,55.740052,64.153151,68.236678,54.870526,49.338944,46.618803,43.934452)
Rsub
[33](0,50.990187,55.676381,56.196373,57.4096,57.013043,56.619226,56.228128,57.434599,63.742968,70.44693,72.959409,78.099366,82.57313,87.020395,95.699295,112.83975,119.50578,120.22258,119.39214,118.56744,117.74844,116.93509,116.12736,115.32521,114.5286,113.73749,116.55801,124.59662,135.56565,137.76426,137.25839,136.31028)
Rsup
[33](0,20.147388,18.475236,17.707523,16.23787,14.890192,13.654367,15.354744,18.737133,20.387166,19.090456,20.431864,20.413127,20.53659,24.970771,45.438363,44.136231,40.473102,37.113998,34.093965,31.264304,28.676583,26.296543,24.157989,22.152973,21.389907,25.628145,29.998819,36.757989,33.799565,30.994338,28.421933,26.063027)
Peso chuva 
[33](0.56476405,0.95095963,0.50119296,2,0.5,0.77386275,0.5,2,1.8107518,0.87089852,0.5,1.1776297,1.1517929,0.93247407,0.5,1.3587566,2,0.5,1.7260268,0.5,0.5,0.5,0.5,0.5,0.5,1.1071854,1.6303428,1.1657749,1.0033661,0.5,0.5,0.64300121,1)
Previsao ETA40_LIMITES
[13] (20.586,20.573,4.469,1.408,3.14,14.294,19.809,10.011,1.913,1.797,9.8,9.8,9.8)
Previsao PMEDIA_ORIG
[13] (19.2,18.2,6.2,1.6,2.1,5.9,10.1,10.1,6.9,7,5,8.8,8.425)
Previsao PRECMEDIA_ETA40.GEFS
[13] (14.33,17.42,5.31,1.49,2.34,6.4,8,10.07,8.15,6.9,8.041,8.041,8.041)
Previsao PRECZERADA_ETA40
[13] (0,0,0,0,0,0,0,0,0,0,0,0,0)


Tempo de execucao em: 96 s

Finalizando execucao: 11-02-2020 13:22:10

