99990815 08/02/2020 1200 4.8     
99990815 09/02/2020 1200 7.2     
99990815 10/02/2020 1200 0.8     
99990815 11/02/2020 1200 0       
99990815 12/02/2020 1200 0       
99990815 13/02/2020 1200 0.8     
99990815 14/02/2020 1200 0       
99990815 15/02/2020 1200 0.2     
99990815 16/02/2020 1200 0       
99990815 17/02/2020 1200 4.4     
99990815 18/02/2020 1200 0       
99990815 19/02/2020 1200 1.6     
99990815 20/02/2020 1200 0.2     
99990815 21/02/2020 1200 0       
99990815 22/02/2020 1200 0.2     
99990815 23/02/2020 1200 0       
99990815 24/02/2020 1200 0       
99990815 25/02/2020 1200 3       
99990815 26/02/2020 1200 22.4    
99990815 27/02/2020 1200 11.2    
99990815 28/02/2020 1200 0       
99990815 29/02/2020 1200 0.2     
99990815 01/03/2020 1200 0       
99990815 02/03/2020 0000 -       
99990815 03/03/2020 0000 -       
99990815 04/03/2020 0000 -       
99990815 05/03/2020 0000 -       
99990815 06/03/2020 1200 0       
99990815 07/03/2020 1200 0.2     
99990815 08/03/2020 1200 0.2     
99990815 09/03/2020 1200 0       
99990815 10/03/2020 1200 0       
99990815 11/03/2020 1200 0       
99990815 12/03/2020 1200 0       
99990815 13/03/2020 1200 0       
99990815 14/03/2020 1200 0       
99990815 15/03/2020 1200 0       
99990815 16/03/2020 1200 1.6     
99990815 17/03/2020 1200 3.4     
99990815 18/03/2020 1200 0       
99990815 19/03/2020 1200 5.6     
99990815 20/03/2020 1200 0       
99990815 21/03/2020 1200 0.2     
99990815 22/03/2020 1200 0.2     
99990815 23/03/2020 1200 0.2     
99990815 24/03/2020 1200 0.2     
99990815 25/03/2020 1200 0.111162312311637