02253016 08/12/2019 1000 0       
02253016 09/12/2019 1000 2.3     
02253016 10/12/2019 1000 20.3    
02253016 11/12/2019 1000 0       
02253016 12/12/2019 1000 16.8    
02253016 13/12/2019 1000 2.8     
02253016 14/12/2019 1000 0.5     
02253016 15/12/2019 1000 18.8    
02253016 16/12/2019 1000 10.8    
02253016 17/12/2019 1000 14.8    
02253016 18/12/2019 1000 57      
02253016 19/12/2019 1000 37.5    
02253016 20/12/2019 1000 4.5     
02253016 21/12/2019 1000 14      
02253016 22/12/2019 1000 33.3    
02253016 23/12/2019 1000 0       
02253016 24/12/2019 1000 0       
02253016 25/12/2019 1000 0       
02253016 26/12/2019 1000 0       
02253016 27/12/2019 1000 0       
02253016 28/12/2019 1000 0       
02253016 29/12/2019 1000 0       
02253016 30/12/2019 1000 0       
02253016 31/12/2019 1000 0       
02253016 01/01/2020 1000 0       
02253016 02/01/2020 1000 18      
02253016 03/01/2020 1000 0       
02253016 04/01/2020 1000 0       
02253016 05/01/2020 1000 0       
02253016 06/01/2020 1000 0       
02253016 07/01/2020 1000 0       
02253016 08/01/2020 1000 51.3    
02253016 09/01/2020 1000 6.3     
02253016 10/01/2020 1000 2.3     
02253016 11/01/2020 1000 0.3     
02253016 12/01/2020 1000 8.3     
02253016 13/01/2020 1000 2       
02253016 14/01/2020 1000 0.5     
02253016 15/01/2020 1000 0.3     
02253016 16/01/2020 1000 0       
02253016 17/01/2020 1000 0       
02253016 18/01/2020 1000 0.3     
02253016 19/01/2020 1000 0       
02253016 20/01/2020 1000 0       
02253016 21/01/2020 1000 0       
02253016 22/01/2020 1000 0       
02253016 23/01/2020 1000 19.3    
02253016 24/01/2020 1000 0       
02253016 25/01/2020 1000 0       
02253016 26/01/2020 1000 0       
02253016 27/01/2020 1000 0       
