02253018 08/12/2019 1000 0       
02253018 09/12/2019 1000 4.5     
02253018 10/12/2019 1000 13      
02253018 11/12/2019 1000 0       
02253018 12/12/2019 1000 15.3    
02253018 13/12/2019 1000 3.5     
02253018 14/12/2019 1000 0.8     
02253018 15/12/2019 1000 17.8    
02253018 16/12/2019 1000 10.8    
02253018 17/12/2019 1000 9.5     
02253018 18/12/2019 1000 47.3    
02253018 19/12/2019 1000 29.3    
02253018 20/12/2019 1000 2.8     
02253018 21/12/2019 1000 15.3    
02253018 22/12/2019 1000 23      
02253018 23/12/2019 1000 0       
02253018 24/12/2019 1000 0       
02253018 25/12/2019 1000 0       
02253018 26/12/2019 1000 0       
02253018 27/12/2019 1000 0       
02253018 28/12/2019 1000 0       
02253018 29/12/2019 1000 0       
02253018 30/12/2019 1000 0       
02253018 31/12/2019 1000 0       
02253018 01/01/2020 1000 0       
02253018 02/01/2020 1000 23      
02253018 03/01/2020 1000 0       
02253018 04/01/2020 1000 0.3     
02253018 05/01/2020 1000 0       
02253018 06/01/2020 1000 0       
02253018 07/01/2020 1000 1.8     
02253018 08/01/2020 1000 49      
02253018 09/01/2020 1000 6.5     
02253018 10/01/2020 1000 2.5     
02253018 11/01/2020 1000 0       
02253018 12/01/2020 1000 8.5     
02253018 13/01/2020 1000 0.5     
02253018 14/01/2020 1000 0.8     
02253018 15/01/2020 1000 0.5     
02253018 16/01/2020 1000 0       
02253018 17/01/2020 1000 0       
02253018 18/01/2020 1000 0.3     
02253018 19/01/2020 1000 0       
02253018 20/01/2020 1000 0       
02253018 21/01/2020 1000 0       
02253018 22/01/2020 1000 0       
02253018 23/01/2020 1000 23.5    
02253018 24/01/2020 1000 0       
02253018 25/01/2020 1000 0       
02253018 26/01/2020 1000 0       
02253018 27/01/2020 1000 0       
