02354001 08/12/2019 1100 0       
02354001 09/12/2019 1100 22.3    
02354001 10/12/2019 1100 19.3    
02354001 11/12/2019 1100 0.3     
02354001 12/12/2019 1100 12.3    
02354001 13/12/2019 1100 25.8    
02354001 14/12/2019 1100 0.3     
02354001 15/12/2019 1100 0       
02354001 16/12/2019 1100 45.8    
02354001 17/12/2019 1100 171.2   
02354001 18/12/2019 1100 112.3   
02354001 19/12/2019 1100 4.5     
02354001 20/12/2019 1100 10.3    
02354001 21/12/2019 1100 11.8    
02354001 22/12/2019 1100 22      
02354001 23/12/2019 1100 0       
02354001 24/12/2019 1100 0       
02354001 25/12/2019 1100 0       
02354001 26/12/2019 1100 0       
02354001 27/12/2019 1100 0       
02354001 28/12/2019 1100 0       
02354001 29/12/2019 1100 0       
02354001 30/12/2019 1100 0       
02354001 31/12/2019 1100 0       
02354001 01/01/2020 1100 4.3     
02354001 02/01/2020 1100 10      
02354001 03/01/2020 1100 0.5     
02354001 04/01/2020 1100 0       
02354001 05/01/2020 1100 0       
02354001 06/01/2020 1100 1       
02354001 07/01/2020 1100 57.3    
02354001 08/01/2020 1100 59      
02354001 09/01/2020 1100 0       
02354001 10/01/2020 1100 0       
02354001 11/01/2020 1100 0       
02354001 12/01/2020 1100 7       
02354001 13/01/2020 1100 0.3     
02354001 14/01/2020 1100 0       
02354001 15/01/2020 1100 10.8    
02354001 16/01/2020 1100 0.3     
02354001 17/01/2020 1100 8.5     
02354001 18/01/2020 1100 0.3     
02354001 19/01/2020 1100 0       
02354001 20/01/2020 1100 0       
02354001 21/01/2020 1100 0       
02354001 22/01/2020 1100 7.3     
02354001 23/01/2020 1100 9.8     
02354001 24/01/2020 1100 0.3     
02354001 25/01/2020 1100 0       
02354001 26/01/2020 1100 0       
02354001 27/01/2020 1100 0       
