02352000 08/12/2019 0000 -       
02352000 09/12/2019 1000 0       
02352000 10/12/2019 1000 9.3     
02352000 11/12/2019 1000 0       
02352000 12/12/2019 1000 7.8     
02352000 13/12/2019 1000 0       
02352000 14/12/2019 1000 0       
02352000 15/12/2019 1000 10.3    
02352000 16/12/2019 1000 8.8     
02352000 17/12/2019 1000 52.8    
02352000 18/12/2019 1000 38.5    
02352000 19/12/2019 1000 1.5     
02352000 20/12/2019 1000 31      
02352000 21/12/2019 1000 11.3    
02352000 22/12/2019 1000 27      
02352000 23/12/2019 1000 0.3     
02352000 24/12/2019 1000 0       
02352000 25/12/2019 1000 0       
02352000 26/12/2019 1000 0       
02352000 27/12/2019 1000 0       
02352000 28/12/2019 1000 0       
02352000 29/12/2019 1000 0       
02352000 30/12/2019 1000 0       
02352000 31/12/2019 1000 0       
02352000 01/01/2020 1000 0       
02352000 02/01/2020 1000 3.8     
02352000 03/01/2020 1000 3       
02352000 04/01/2020 1000 0       
02352000 05/01/2020 1000 0.5     
02352000 06/01/2020 1000 0.5     
02352000 07/01/2020 1000 0       
02352000 08/01/2020 1000 58      
02352000 09/01/2020 1000 0       
02352000 10/01/2020 1000 1       
02352000 11/01/2020 1000 0       
02352000 12/01/2020 1000 26.8    
02352000 13/01/2020 1000 4       
02352000 14/01/2020 1000 31.3    
02352000 15/01/2020 1000 3       
02352000 16/01/2020 1000 0       
02352000 17/01/2020 1000 3.3     
02352000 18/01/2020 1000 0       
02352000 19/01/2020 1000 0       
02352000 20/01/2020 1000 0       
02352000 21/01/2020 1000 0       
02352000 22/01/2020 1000 0       
02352000 23/01/2020 1000 9       
02352000 24/01/2020 1000 0.3     
02352000 25/01/2020 1000 0       
02352000 26/01/2020 1000 0       
02352000 27/01/2020 1000 0       
