02353054 08/12/2019 1100 0       
02353054 09/12/2019 1100 14      
02353054 10/12/2019 1100 23      
02353054 11/12/2019 1100 0       
02353054 12/12/2019 1100 8.5     
02353054 13/12/2019 1100 3.8     
02353054 14/12/2019 1100 4.5     
02353054 15/12/2019 1100 6.5     
02353054 16/12/2019 1100 14      
02353054 17/12/2019 1100 56.8    
02353054 18/12/2019 1100 49      
02353054 19/12/2019 1100 7.8     
02353054 20/12/2019 1100 1       
02353054 21/12/2019 1100 5.5     
02353054 22/12/2019 1100 17.3    
02353054 23/12/2019 1100 0.3     
02353054 24/12/2019 1100 0       
02353054 25/12/2019 1100 0       
02353054 26/12/2019 1100 0       
02353054 27/12/2019 1100 0       
02353054 28/12/2019 1100 0       
02353054 29/12/2019 1100 0       
02353054 30/12/2019 1100 0       
02353054 31/12/2019 1100 0       
02353054 01/01/2020 1100 0       
02353054 02/01/2020 1100 8.5     
02353054 03/01/2020 1100 6.3     
02353054 04/01/2020 1100 0       
02353054 05/01/2020 1100 0       
02353054 06/01/2020 1100 0       
02353054 07/01/2020 1100 2.8     
02353054 08/01/2020 1100 58      
02353054 09/01/2020 1100 2.3     
02353054 10/01/2020 1100 1       
02353054 11/01/2020 1100 0.5     
02353054 12/01/2020 1100 26      
02353054 13/01/2020 1100 1.5     
02353054 14/01/2020 1100 11      
02353054 15/01/2020 1100 14.3    
02353054 16/01/2020 1100 0       
02353054 17/01/2020 1100 0       
02353054 18/01/2020 1100 0.5     
02353054 19/01/2020 1100 0       
02353054 20/01/2020 1100 0       
02353054 21/01/2020 1100 0       
02353054 22/01/2020 1100 0       
02353054 23/01/2020 1100 11.3    
02353054 24/01/2020 1100 0       
02353054 25/01/2020 1100 0       
02353054 26/01/2020 1100 0       
02353054 27/01/2020 1100 0       
