02454042 08/12/2019 1100 0       
02454042 09/12/2019 1100 37.8    
02454042 10/12/2019 1100 41.5    
02454042 11/12/2019 1100 3.8     
02454042 12/12/2019 1100 1       
02454042 13/12/2019 1100 14.5    
02454042 14/12/2019 1100 0.3     
02454042 15/12/2019 1100 0       
02454042 16/12/2019 1100 220.5   
02454042 17/12/2019 1100 157.8   
02454042 18/12/2019 1100 54      
02454042 19/12/2019 1100 1.3     
02454042 20/12/2019 1100 1.3     
02454042 21/12/2019 1100 46      
02454042 22/12/2019 1100 21      
02454042 23/12/2019 1100 0       
02454042 24/12/2019 1100 0       
02454042 25/12/2019 1100 0       
02454042 26/12/2019 1100 0       
02454042 27/12/2019 1100 0       
02454042 28/12/2019 1100 0       
02454042 29/12/2019 1100 0       
02454042 30/12/2019 1100 0       
02454042 31/12/2019 1100 0       
02454042 01/01/2020 1100 19      
02454042 02/01/2020 1100 1.5     
02454042 03/01/2020 1100 4.5     
02454042 04/01/2020 1100 0       
02454042 05/01/2020 1100 0       
02454042 06/01/2020 1100 0       
02454042 07/01/2020 1100 39      
02454042 08/01/2020 1100 30.8    
02454042 09/01/2020 1100 0       
02454042 10/01/2020 1100 12      
02454042 11/01/2020 1100 0       
02454042 12/01/2020 1100 0.3     
02454042 13/01/2020 1100 1.5     
02454042 14/01/2020 1100 0.3     
02454042 15/01/2020 1100 0.5     
02454042 16/01/2020 1100 0       
02454042 17/01/2020 1100 1.5     
02454042 18/01/2020 1100 0       
02454042 19/01/2020 1100 0       
02454042 20/01/2020 1100 0       
02454042 21/01/2020 1100 0       
02454042 22/01/2020 1100 5       
02454042 23/01/2020 1100 0       
02454042 24/01/2020 1100 2       
02454042 25/01/2020 1100 0       
02454042 26/01/2020 1100 0       
02454042 27/01/2020 1100 0       
