02451003 08/12/2019 1000 0       
02451003 09/12/2019 1000 6       
02451003 10/12/2019 1000 36.3    
02451003 11/12/2019 1000 0       
02451003 12/12/2019 1000 0.3     
02451003 13/12/2019 1000 0       
02451003 14/12/2019 1000 0.5     
02451003 15/12/2019 1000 1.3     
02451003 16/12/2019 1000 27.8    
02451003 17/12/2019 1000 36.5    
02451003 18/12/2019 1000 4.8     
02451003 19/12/2019 1000 1.5     
02451003 20/12/2019 1000 1.8     
02451003 21/12/2019 1000 29.3    
02451003 22/12/2019 1000 8.8     
02451003 23/12/2019 1000 0       
02451003 24/12/2019 1000 0       
02451003 25/12/2019 1000 0       
02451003 26/12/2019 1000 0       
02451003 27/12/2019 1000 0       
02451003 28/12/2019 1000 0       
02451003 29/12/2019 1000 0       
02451003 30/12/2019 1000 0       
02451003 31/12/2019 1000 0       
02451003 01/01/2020 1000 0       
02451003 02/01/2020 1000 1       
02451003 03/01/2020 1000 0.3     
02451003 04/01/2020 1000 0       
02451003 05/01/2020 1000 0.5     
02451003 06/01/2020 1000 0.3     
02451003 07/01/2020 1000 0       
02451003 08/01/2020 1000 11.3    
02451003 09/01/2020 1000 0       
02451003 10/01/2020 1000 11.3    
02451003 11/01/2020 1000 7.5     
02451003 12/01/2020 1000 14.8    
02451003 13/01/2020 1000 2.5     
02451003 14/01/2020 1000 12      
02451003 15/01/2020 1000 0       
02451003 16/01/2020 1000 0       
02451003 17/01/2020 1000 20      
02451003 18/01/2020 1000 0       
02451003 19/01/2020 1000 0       
02451003 20/01/2020 1000 0       
02451003 21/01/2020 1000 0       
02451003 22/01/2020 1000 0       
02451003 23/01/2020 1000 10.5    
02451003 24/01/2020 1000 0       
02451003 25/01/2020 1000 0       
02451003 26/01/2020 1000 0       
02451003 27/01/2020 1000 0       
