02451020 08/12/2019 1000 0       
02451020 09/12/2019 1000 0       
02451020 10/12/2019 1000 16.5    
02451020 11/12/2019 1000 0       
02451020 12/12/2019 1000 21.5    
02451020 13/12/2019 1000 0.3     
02451020 14/12/2019 1000 0       
02451020 15/12/2019 1000 6.5     
02451020 16/12/2019 1000 18.8    
02451020 17/12/2019 1000 52.8    
02451020 18/12/2019 1000 22.8    
02451020 19/12/2019 1000 25      
02451020 20/12/2019 1000 0       
02451020 21/12/2019 1000 0       
02451020 22/12/2019 1000 16.3    
02451020 23/12/2019 1000 0.3     
02451020 24/12/2019 1000 0       
02451020 25/12/2019 1000 0       
02451020 26/12/2019 1000 0       
02451020 27/12/2019 1000 0       
02451020 28/12/2019 1000 0       
02451020 29/12/2019 1000 0       
02451020 30/12/2019 1000 0       
02451020 31/12/2019 1000 0       
02451020 01/01/2020 1000 0       
02451020 02/01/2020 1000 6.3     
02451020 03/01/2020 1000 14.3    
02451020 04/01/2020 1000 0.3     
02451020 05/01/2020 1000 0       
02451020 06/01/2020 1000 0       
02451020 07/01/2020 1000 0       
02451020 08/01/2020 1000 55      
02451020 09/01/2020 1000 0       
02451020 10/01/2020 1000 3.5     
02451020 11/01/2020 1000 2.5     
02451020 12/01/2020 1000 2.8     
02451020 13/01/2020 1000 5.8     
02451020 14/01/2020 1000 5.3     
02451020 15/01/2020 1000 0       
02451020 16/01/2020 1000 0       
02451020 17/01/2020 1000 3.5     
02451020 18/01/2020 1000 7.8     
02451020 19/01/2020 1000 0       
02451020 20/01/2020 1000 0       
02451020 21/01/2020 1000 0       
02451020 22/01/2020 1000 0       
02451020 23/01/2020 1000 0.3     
02451020 24/01/2020 1000 1       
02451020 25/01/2020 1000 0       
02451020 26/01/2020 1000 0       
02451020 27/01/2020 1000 0       
