02454030 08/12/2019 1200 0       
02454030 09/12/2019 1200 46      
02454030 10/12/2019 1200 0.4     
02454030 11/12/2019 1200 2.8     
02454030 12/12/2019 1200 8       
02454030 13/12/2019 1200 6.8     
02454030 14/12/2019 1200 0       
02454030 15/12/2019 1200 7.4     
02454030 16/12/2019 1200 80.6    
02454030 17/12/2019 1200 66.8    
02454030 18/12/2019 1200 9.2     
02454030 19/12/2019 1200 0       
02454030 20/12/2019 1200 0       
02454030 21/12/2019 1200 39.4    
02454030 22/12/2019 1200 6       
02454030 23/12/2019 1200 0       
02454030 24/12/2019 1200 0       
02454030 25/12/2019 1200 0       
02454030 26/12/2019 1200 0       
02454030 27/12/2019 1200 0       
02454030 28/12/2019 1200 0       
02454030 29/12/2019 1200 0       
02454030 30/12/2019 1200 0       
02454030 31/12/2019 1200 0       
02454030 01/01/2020 1200 0       
02454030 02/01/2020 1200 0       
02454030 03/01/2020 1200 0       
02454030 04/01/2020 1200 0       
02454030 05/01/2020 1200 0       
02454030 06/01/2020 1200 0       
02454030 07/01/2020 1200 17.2    
02454030 08/01/2020 1200 0.2     
02454030 09/01/2020 1200 0       
02454030 10/01/2020 1200 0       
02454030 11/01/2020 1200 13.2    
02454030 12/01/2020 1200 12      
02454030 13/01/2020 1200 0.2     
02454030 14/01/2020 1200 90.2    
02454030 15/01/2020 1200 0       
02454030 16/01/2020 1200 0       
02454030 17/01/2020 1200 32.8    
02454030 18/01/2020 1200 0       
02454030 19/01/2020 1200 0       
02454030 20/01/2020 1200 0       
02454030 21/01/2020 1200 0       
02454030 22/01/2020 1200 81      
02454030 23/01/2020 1200 1.2     
02454030 24/01/2020 1200 0       
02454030 25/01/2020 1200 0       
02454030 26/01/2020 1200 0       
02454030 27/01/2020 1200 0       
