02454044 08/12/2019 1100 0       
02454044 09/12/2019 1100 66      
02454044 10/12/2019 1100 31      
02454044 11/12/2019 1100 0.5     
02454044 12/12/2019 1100 50.3    
02454044 13/12/2019 1100 4.3     
02454044 14/12/2019 1100 0.3     
02454044 15/12/2019 1100 4.3     
02454044 16/12/2019 1100 130.5   
02454044 17/12/2019 1100 60.5    
02454044 18/12/2019 1100 40.8    
02454044 19/12/2019 1100 0.8     
02454044 20/12/2019 1100 2       
02454044 21/12/2019 1100 38.3    
02454044 22/12/2019 1100 47.3    
02454044 23/12/2019 1100 0       
02454044 24/12/2019 1100 0       
02454044 25/12/2019 1100 0       
02454044 26/12/2019 1100 0       
02454044 27/12/2019 1100 0       
02454044 28/12/2019 1100 0       
02454044 29/12/2019 1100 0       
02454044 30/12/2019 1100 0       
02454044 31/12/2019 1100 0       
02454044 01/01/2020 1100 10      
02454044 02/01/2020 1100 0.3     
02454044 03/01/2020 1100 25      
02454044 04/01/2020 1100 0.3     
02454044 05/01/2020 1100 0       
02454044 06/01/2020 1100 0       
02454044 07/01/2020 1100 36.8    
02454044 08/01/2020 1100 73      
02454044 09/01/2020 1100 36.5    
02454044 10/01/2020 1100 0       
02454044 11/01/2020 1100 0       
02454044 12/01/2020 1100 0       
02454044 13/01/2020 1100 0       
02454044 14/01/2020 1100 0       
02454044 15/01/2020 1100 0.3     
02454044 16/01/2020 1100 0       
02454044 17/01/2020 1100 6.3     
02454044 18/01/2020 1100 0       
02454044 19/01/2020 1100 0       
02454044 20/01/2020 1100 0       
02454044 21/01/2020 1100 0       
02454044 22/01/2020 1100 7.8     
02454044 23/01/2020 1100 11      
02454044 24/01/2020 1100 7       
02454044 25/01/2020 1100 0       
02454044 26/01/2020 1100 0       
02454044 27/01/2020 1100 0       
