02452009 08/12/2019 1000 0       
02452009 09/12/2019 1000 34.5    
02452009 10/12/2019 1000 37      
02452009 11/12/2019 1000 0       
02452009 12/12/2019 1000 1.5     
02452009 13/12/2019 1000 0       
02452009 14/12/2019 1000 0       
02452009 15/12/2019 1000 0       
02452009 16/12/2019 1000 39.5    
02452009 17/12/2019 1000 57.5    
02452009 18/12/2019 1000 23.8    
02452009 19/12/2019 1000 0.4     
02452009 20/12/2019 1000 14.8    
02452009 21/12/2019 1000 15.5    
02452009 22/12/2019 1000 16      
02452009 23/12/2019 1000 0       
02452009 24/12/2019 1000 0       
02452009 25/12/2019 1000 0       
02452009 26/12/2019 1000 0       
02452009 27/12/2019 1000 0       
02452009 28/12/2019 1000 0       
02452009 29/12/2019 1000 0       
02452009 30/12/2019 1000 0       
02452009 31/12/2019 1000 0       
02452009 01/01/2020 1000 0       
02452009 02/01/2020 1000 5       
02452009 03/01/2020 1000 5.8     
02452009 04/01/2020 1000 0       
02452009 05/01/2020 1000 0       
02452009 06/01/2020 1000 0       
02452009 07/01/2020 1000 17      
02452009 08/01/2020 1000 34.1    
02452009 09/01/2020 1000 0       
02452009 10/01/2020 1000 0       
02452009 11/01/2020 1000 17.3    
02452009 12/01/2020 1000 28.5    
02452009 13/01/2020 1000 2.8     
02452009 14/01/2020 1000 0.5     
02452009 15/01/2020 1000 0       
02452009 16/01/2020 1000 0.8     
02452009 17/01/2020 1000 3.8     
02452009 18/01/2020 1000 0       
02452009 19/01/2020 1000 0       
02452009 20/01/2020 1000 0       
02452009 21/01/2020 1000 0       
02452009 22/01/2020 1000 0       
02452009 23/01/2020 1000 0.3     
02452009 24/01/2020 1000 0.5     
02452009 25/01/2020 1000 0       
02452009 26/01/2020 1000 0       
02452009 27/01/2020 1000 0       
