02453065 08/12/2019 1200 0       
02453065 09/12/2019 1200 55.8    
02453065 10/12/2019 1200 3       
02453065 11/12/2019 1200 0       
02453065 12/12/2019 1200 0.2     
02453065 13/12/2019 1200 7.2     
02453065 14/12/2019 1200 0       
02453065 15/12/2019 1200 0       
02453065 16/12/2019 1200 63.4    
02453065 17/12/2019 1200 39.8    
02453065 18/12/2019 1200 3.8     
02453065 19/12/2019 1200 0.8     
02453065 20/12/2019 1200 0       
02453065 21/12/2019 1200 21.4    
02453065 22/12/2019 1200 0.4     
02453065 23/12/2019 1200 0       
02453065 24/12/2019 1200 0       
02453065 25/12/2019 1200 0       
02453065 26/12/2019 1200 0       
02453065 27/12/2019 1200 0       
02453065 28/12/2019 1200 0       
02453065 29/12/2019 1200 0       
02453065 30/12/2019 1200 0       
02453065 31/12/2019 1200 0       
02453065 01/01/2020 1200 0       
02453065 02/01/2020 1200 0       
02453065 03/01/2020 1200 25.4    
02453065 04/01/2020 1200 0       
02453065 05/01/2020 1200 0       
02453065 06/01/2020 1200 0       
02453065 07/01/2020 1200 9.4     
02453065 08/01/2020 1200 1.2     
02453065 09/01/2020 1200 0       
02453065 10/01/2020 1200 0.2     
02453065 11/01/2020 1200 17.8    
02453065 12/01/2020 1200 0.4     
02453065 13/01/2020 1200 0.2     
02453065 14/01/2020 1200 0       
02453065 15/01/2020 1200 1.8     
02453065 16/01/2020 1200 2.2     
02453065 17/01/2020 1200 5       
02453065 18/01/2020 1200 0       
02453065 19/01/2020 1200 0       
02453065 20/01/2020 1200 0       
02453065 21/01/2020 1200 0       
02453065 22/01/2020 1200 1       
02453065 23/01/2020 1200 0.4     
02453065 24/01/2020 1200 0.2     
02453065 25/01/2020 1200 0       
02453065 26/01/2020 1200 0       
02453065 27/01/2020 1200 0       
