02454034 08/12/2019 1100 0       
02454034 09/12/2019 1100 66.3    
02454034 10/12/2019 1100 38.8    
02454034 11/12/2019 1100 2       
02454034 12/12/2019 1100 28.3    
02454034 13/12/2019 1100 4.3     
02454034 14/12/2019 1100 0       
02454034 15/12/2019 1100 0.5     
02454034 16/12/2019 1100 148.5   
02454034 17/12/2019 1100 62.8    
02454034 18/12/2019 1100 40.5    
02454034 19/12/2019 1100 0.3     
02454034 20/12/2019 1100 1.3     
02454034 21/12/2019 1100 67.3    
02454034 22/12/2019 1100 44.5    
02454034 23/12/2019 1100 0       
02454034 24/12/2019 1100 0       
02454034 25/12/2019 1100 0       
02454034 26/12/2019 1100 0       
02454034 27/12/2019 1100 0       
02454034 28/12/2019 1100 0       
02454034 29/12/2019 1100 0       
02454034 30/12/2019 1100 0       
02454034 31/12/2019 1100 0       
02454034 01/01/2020 1100 20.8    
02454034 02/01/2020 1100 1.5     
02454034 03/01/2020 1100 2.5     
02454034 04/01/2020 1100 0       
02454034 05/01/2020 1100 0       
02454034 06/01/2020 1100 0       
02454034 07/01/2020 1100 48.8    
02454034 08/01/2020 1100 40.8    
02454034 09/01/2020 1100 0       
02454034 10/01/2020 1100 0.3     
02454034 11/01/2020 1100 1.3     
02454034 12/01/2020 1100 0.3     
02454034 13/01/2020 1100 0       
02454034 14/01/2020 1100 0.5     
02454034 15/01/2020 1100 0.5     
02454034 16/01/2020 1100 0       
02454034 17/01/2020 1100 0       
02454034 18/01/2020 1100 0       
02454034 19/01/2020 1100 0       
02454034 20/01/2020 1100 0       
02454034 21/01/2020 1100 0       
02454034 22/01/2020 1100 5.8     
02454034 23/01/2020 1100 1       
02454034 24/01/2020 1100 3.8     
02454034 25/01/2020 1100 0       
02454034 26/01/2020 1100 0       
02454034 27/01/2020 1100 0       
