02451015 08/12/2019 1000 0       
02451015 09/12/2019 1000 11.3    
02451015 10/12/2019 1000 48.3    
02451015 11/12/2019 1000 0.3     
02451015 12/12/2019 1000 18      
02451015 13/12/2019 1000 0       
02451015 14/12/2019 1000 0       
02451015 15/12/2019 1000 3.3     
02451015 16/12/2019 1000 16.5    
02451015 17/12/2019 1000 37      
02451015 18/12/2019 1000 3.8     
02451015 19/12/2019 1000 26      
02451015 20/12/2019 1000 0.3     
02451015 21/12/2019 1000 23.8    
02451015 22/12/2019 1000 12.8    
02451015 23/12/2019 1000 0.5     
02451015 24/12/2019 1000 0       
02451015 25/12/2019 1000 0       
02451015 26/12/2019 1000 0       
02451015 27/12/2019 1000 0       
02451015 28/12/2019 1000 0       
02451015 29/12/2019 1000 0       
02451015 30/12/2019 1000 0       
02451015 31/12/2019 1000 0       
02451015 01/01/2020 1000 0       
02451015 02/01/2020 1000 13.3    
02451015 03/01/2020 1000 0.3     
02451015 04/01/2020 1000 0       
02451015 05/01/2020 1000 4.5     
02451015 06/01/2020 1000 0       
02451015 07/01/2020 1000 0       
02451015 08/01/2020 1000 45.5    
02451015 09/01/2020 1000 0       
02451015 10/01/2020 1000 0.5     
02451015 11/01/2020 1000 10.3    
02451015 12/01/2020 1000 11.5    
02451015 13/01/2020 1000 10.8    
02451015 14/01/2020 1000 0.3     
02451015 15/01/2020 1000 0       
02451015 16/01/2020 1000 0       
02451015 17/01/2020 1000 13      
02451015 18/01/2020 1000 0       
02451015 19/01/2020 1000 0       
02451015 20/01/2020 1000 0       
02451015 21/01/2020 1000 0       
02451015 22/01/2020 1000 0       
02451015 23/01/2020 1000 8.5     
02451015 24/01/2020 1000 2       
02451015 25/01/2020 1000 0       
02451015 26/01/2020 1000 0       
02451015 27/01/2020 1000 0       
