02454031 08/12/2019 1000 0       
02454031 09/12/2019 1000 44.5    
02454031 10/12/2019 1000 39      
02454031 11/12/2019 1000 1       
02454031 12/12/2019 1000 16.3    
02454031 13/12/2019 1000 4.3     
02454031 14/12/2019 1000 0       
02454031 15/12/2019 1000 1       
02454031 16/12/2019 1000 52.5    
02454031 17/12/2019 1000 48.8    
02454031 18/12/2019 1000 36.8    
02454031 19/12/2019 1000 0       
02454031 20/12/2019 1000 0       
02454031 21/12/2019 1000 18      
02454031 22/12/2019 1000 28.5    
02454031 23/12/2019 1000 0.3     
02454031 24/12/2019 1000 0       
02454031 25/12/2019 1000 0       
02454031 26/12/2019 1000 0       
02454031 27/12/2019 1000 0       
02454031 28/12/2019 1000 0       
02454031 29/12/2019 1000 0       
02454031 30/12/2019 1000 0       
02454031 31/12/2019 1000 0       
02454031 01/01/2020 1000 0       
02454031 02/01/2020 1000 0       
02454031 03/01/2020 1000 62      
02454031 04/01/2020 1000 0       
02454031 05/01/2020 1000 0       
02454031 06/01/2020 1000 0       
02454031 07/01/2020 1000 14.8    
02454031 08/01/2020 1000 4.5     
02454031 09/01/2020 1000 0       
02454031 10/01/2020 1000 1.3     
02454031 11/01/2020 1000 13.5    
02454031 12/01/2020 1000 32      
02454031 13/01/2020 1000 0       
02454031 14/01/2020 1000 42.3    
02454031 15/01/2020 1000 0       
02454031 16/01/2020 1000 0       
02454031 17/01/2020 1000 19      
02454031 18/01/2020 1000 0       
02454031 19/01/2020 1000 0       
02454031 20/01/2020 1000 0       
02454031 21/01/2020 1000 0       
02454031 22/01/2020 1000 15.8    
02454031 23/01/2020 1000 1.5     
02454031 24/01/2020 1000 0       
02454031 25/01/2020 1000 0.3     
02454031 26/01/2020 1000 0       
02454031 27/01/2020 1000 0       
