02453043 08/12/2019 1000 0       
02453043 09/12/2019 1000 21.8    
02453043 10/12/2019 1000 21      
02453043 11/12/2019 1000 0       
02453043 12/12/2019 1000 1       
02453043 13/12/2019 1000 14.8    
02453043 14/12/2019 1000 0.3     
02453043 15/12/2019 1000 0       
02453043 16/12/2019 1000 33      
02453043 17/12/2019 1000 52      
02453043 18/12/2019 1000 31.5    
02453043 19/12/2019 1000 0.8     
02453043 20/12/2019 1000 25.5    
02453043 21/12/2019 1000 5       
02453043 22/12/2019 1000 18      
02453043 23/12/2019 1000 0       
02453043 24/12/2019 1000 0       
02453043 25/12/2019 1000 0       
02453043 26/12/2019 1000 0       
02453043 27/12/2019 1000 0       
02453043 28/12/2019 1000 0       
02453043 29/12/2019 1000 0       
02453043 30/12/2019 1000 0       
02453043 31/12/2019 1000 0       
02453043 01/01/2020 1000 0       
02453043 02/01/2020 1000 5.5     
02453043 03/01/2020 1000 3.5     
02453043 04/01/2020 1000 0       
02453043 05/01/2020 1000 0       
02453043 06/01/2020 1000 0       
02453043 07/01/2020 1000 16.3    
02453043 08/01/2020 1000 35.5    
02453043 09/01/2020 1000 0       
02453043 10/01/2020 1000 12.3    
02453043 11/01/2020 1000 0       
02453043 12/01/2020 1000 11.3    
02453043 13/01/2020 1000 0.3     
02453043 14/01/2020 1000 0       
02453043 15/01/2020 1000 23.3    
02453043 16/01/2020 1000 0.3     
02453043 17/01/2020 1000 7.8     
02453043 18/01/2020 1000 0       
02453043 19/01/2020 1000 0       
02453043 20/01/2020 1000 0       
02453043 21/01/2020 1000 0       
02453043 22/01/2020 1000 0       
02453043 23/01/2020 1000 0       
02453043 24/01/2020 1000 0       
02453043 25/01/2020 1000 0       
02453043 26/01/2020 1000 0       
02453043 27/01/2020 1000 0       
