02554047 08/12/2019 1100 0       
02554047 09/12/2019 1100 13      
02554047 10/12/2019 1100 10.5    
02554047 11/12/2019 1100 0       
02554047 12/12/2019 1100 0       
02554047 13/12/2019 1100 0       
02554047 14/12/2019 1100 0       
02554047 15/12/2019 1100 0       
02554047 16/12/2019 1100 16.8    
02554047 17/12/2019 1100 41.5    
02554047 18/12/2019 1100 12      
02554047 19/12/2019 1100 0       
02554047 20/12/2019 1100 1.5     
02554047 21/12/2019 1100 23.3    
02554047 22/12/2019 1100 26      
02554047 23/12/2019 1100 0       
02554047 24/12/2019 1100 0       
02554047 25/12/2019 1100 0       
02554047 26/12/2019 1100 0       
02554047 27/12/2019 1100 0       
02554047 28/12/2019 1100 0       
02554047 29/12/2019 1100 0       
02554047 30/12/2019 1100 0       
02554047 31/12/2019 1100 0       
02554047 01/01/2020 1100 0.5     
02554047 02/01/2020 1100 10.3    
02554047 03/01/2020 1100 1       
02554047 04/01/2020 1100 0       
02554047 05/01/2020 1100 0       
02554047 06/01/2020 1100 0       
02554047 07/01/2020 1100 1.8     
02554047 08/01/2020 1100 0.3     
02554047 09/01/2020 1100 0       
02554047 10/01/2020 1100 0       
02554047 11/01/2020 1100 15.3    
02554047 12/01/2020 1100 5.3     
02554047 13/01/2020 1100 0       
02554047 14/01/2020 1100 0.8     
02554047 15/01/2020 1100 11.3    
02554047 16/01/2020 1100 11.3    
02554047 17/01/2020 1100 15.8    
02554047 18/01/2020 1100 0       
02554047 19/01/2020 1100 0       
02554047 20/01/2020 1100 0       
02554047 21/01/2020 1100 0       
02554047 22/01/2020 1100 49.3    
02554047 23/01/2020 0000 -       
02554047 24/01/2020 0000 -       
02554047 25/01/2020 1100 0       
02554047 26/01/2020 1100 0       
02554047 27/01/2020 1100 0       
