99990820 08/12/2019 1200 0       
99990820 09/12/2019 1200 57.2    
99990820 10/12/2019 1200 1.8     
99990820 11/12/2019 1200 0       
99990820 12/12/2019 1200 6.6     
99990820 13/12/2019 1200 3.6     
99990820 14/12/2019 1200 0       
99990820 15/12/2019 1200 9.8     
99990820 16/12/2019 1200 74.8    
99990820 17/12/2019 1200 45      
99990820 18/12/2019 1200 6       
99990820 19/12/2019 1200 1.2     
99990820 20/12/2019 1200 4.4     
99990820 21/12/2019 1200 27.8    
99990820 22/12/2019 1200 0.4     
99990820 23/12/2019 1200 0       
99990820 24/12/2019 1200 0       
99990820 25/12/2019 1200 0       
99990820 26/12/2019 1200 0       
99990820 27/12/2019 1200 0       
99990820 28/12/2019 1200 0       
99990820 29/12/2019 1200 0       
99990820 30/12/2019 1200 0       
99990820 31/12/2019 1200 0       
99990820 01/01/2020 1200 0       
99990820 02/01/2020 1200 9.2     
99990820 03/01/2020 1200 9.2     
99990820 04/01/2020 1200 0       
99990820 05/01/2020 1200 0       
99990820 06/01/2020 1200 0       
99990820 07/01/2020 1200 40      
99990820 08/01/2020 1200 0       
99990820 09/01/2020 1200 0       
99990820 10/01/2020 1200 2.8     
99990820 11/01/2020 1200 0.4     
99990820 12/01/2020 1200 8.8     
99990820 13/01/2020 1200 0       
99990820 14/01/2020 1200 4.6     
99990820 15/01/2020 1200 1       
99990820 16/01/2020 1200 0       
99990820 17/01/2020 1200 52.2    
99990820 18/01/2020 1200 0       
99990820 19/01/2020 1200 0.2     
99990820 20/01/2020 1200 0       
99990820 21/01/2020 1200 0       
99990820 22/01/2020 1200 0.2     
99990820 23/01/2020 1200 0.2     
99990820 24/01/2020 1200 5       
99990820 25/01/2020 1200 0.2     
99990820 26/01/2020 1200 0       
99990820 27/01/2020 1200 0       
