99990743 08/12/2019 1200 0       
99990743 09/12/2019 1200 12.2    
99990743 10/12/2019 1200 0.2     
99990743 11/12/2019 1200 8.6     
99990743 12/12/2019 1200 11.4    
99990743 13/12/2019 1200 1.4     
99990743 14/12/2019 1200 0       
99990743 15/12/2019 1200 0.6     
99990743 16/12/2019 1200 0.2     
99990743 17/12/2019 1200 63.8    
99990743 18/12/2019 1200 11      
99990743 19/12/2019 1200 0.4     
99990743 20/12/2019 1200 15.4    
99990743 21/12/2019 1200 0.2     
99990743 22/12/2019 1200 14      
99990743 23/12/2019 1200 0       
99990743 24/12/2019 1200 0       
99990743 25/12/2019 1200 0       
99990743 26/12/2019 1200 13.2    
99990743 27/12/2019 1200 0       
99990743 28/12/2019 1200 0       
99990743 29/12/2019 1200 5       
99990743 30/12/2019 1200 0.6     
99990743 31/12/2019 1200 0       
99990743 01/01/2020 1200 0       
99990743 02/01/2020 1200 0.4     
99990743 03/01/2020 1200 0       
99990743 04/01/2020 1200 0       
99990743 05/01/2020 1200 0       
99990743 06/01/2020 1200 0       
99990743 07/01/2020 1200 0.4     
99990743 08/01/2020 1200 18.2    
99990743 09/01/2020 1200 3.6     
99990743 10/01/2020 1200 0       
99990743 11/01/2020 1200 0       
99990743 12/01/2020 1200 5.2     
99990743 13/01/2020 1200 21.4    
99990743 14/01/2020 1200 5.8     
99990743 15/01/2020 1200 0       
99990743 16/01/2020 1200 4       
99990743 17/01/2020 1200 0       
99990743 18/01/2020 1200 0       
99990743 19/01/2020 1200 0       
99990743 20/01/2020 1200 0       
99990743 21/01/2020 1200 0       
99990743 22/01/2020 1200 15.6    
99990743 23/01/2020 1200 1.2     
99990743 24/01/2020 1200 0.2     
99990743 25/01/2020 1200 0       
99990743 26/01/2020 1200 0       
99990743 27/01/2020 1200 0       
