99990709 08/12/2019 1200 0       
99990709 09/12/2019 1200 22      
99990709 10/12/2019 1200 0.6     
99990709 11/12/2019 1200 0.6     
99990709 12/12/2019 1200 14.8    
99990709 13/12/2019 1200 1       
99990709 14/12/2019 1200 3.8     
99990709 15/12/2019 1200 38      
99990709 16/12/2019 1200 1       
99990709 17/12/2019 1200 27.8    
99990709 18/12/2019 1200 23.4    
99990709 19/12/2019 1200 6.6     
99990709 20/12/2019 1200 7.4     
99990709 21/12/2019 1200 13      
99990709 22/12/2019 1200 8.2     
99990709 23/12/2019 1200 0       
99990709 24/12/2019 1200 0       
99990709 25/12/2019 1200 0       
99990709 26/12/2019 1200 0       
99990709 27/12/2019 1200 0       
99990709 28/12/2019 1200 0       
99990709 29/12/2019 1200 0       
99990709 30/12/2019 1200 0       
99990709 31/12/2019 1200 0       
99990709 01/01/2020 1200 0       
99990709 02/01/2020 1200 0       
99990709 03/01/2020 1200 0       
99990709 04/01/2020 1200 29.8    
99990709 05/01/2020 1200 0.8     
99990709 06/01/2020 1200 0.8     
99990709 07/01/2020 1200 11      
99990709 08/01/2020 1200 32.4    
99990709 09/01/2020 1200 0       
99990709 10/01/2020 1200 0       
99990709 11/01/2020 1200 0       
99990709 12/01/2020 1200 1.4     
99990709 13/01/2020 1200 51.6    
99990709 14/01/2020 1200 0.2     
99990709 15/01/2020 1200 0.6     
99990709 16/01/2020 1200 0       
99990709 17/01/2020 1200 0       
99990709 18/01/2020 1200 0       
99990709 19/01/2020 1200 0       
99990709 20/01/2020 1200 0       
99990709 21/01/2020 1200 0       
99990709 22/01/2020 1200 0.8     
99990709 23/01/2020 1200 7.8     
99990709 24/01/2020 1200 0       
99990709 25/01/2020 1200 0       
99990709 26/01/2020 1200 0       
99990709 27/01/2020 1200 0       
