99999803 08/12/2019 1200 0       
99999803 09/12/2019 1200 0.6     
99999803 10/12/2019 1200 0       
99999803 11/12/2019 1200 3.6     
99999803 12/12/2019 1200 0.2     
99999803 13/12/2019 1200 0       
99999803 14/12/2019 1200 0       
99999803 15/12/2019 1200 0       
99999803 16/12/2019 1200 0       
99999803 17/12/2019 1200 11.2    
99999803 18/12/2019 1200 13.6    
99999803 19/12/2019 1200 0.2     
99999803 20/12/2019 1200 7.4     
99999803 21/12/2019 1200 4.2     
99999803 22/12/2019 1200 7.2     
99999803 23/12/2019 1200 0       
99999803 24/12/2019 1200 0       
99999803 25/12/2019 1200 0       
99999803 26/12/2019 1200 0       
99999803 27/12/2019 1200 0       
99999803 28/12/2019 1200 0       
99999803 29/12/2019 1200 0       
99999803 30/12/2019 1200 0       
99999803 31/12/2019 1200 0       
99999803 01/01/2020 1200 0       
99999803 02/01/2020 1200 0.4     
99999803 03/01/2020 1200 5.6     
99999803 04/01/2020 1200 0       
99999803 05/01/2020 1200 0       
99999803 06/01/2020 1200 0       
99999803 07/01/2020 1200 0       
99999803 08/01/2020 1200 1       
99999803 09/01/2020 1200 0       
99999803 10/01/2020 1200 16.6    
99999803 11/01/2020 1200 9.6     
99999803 12/01/2020 1200 0       
99999803 13/01/2020 1200 0       
99999803 14/01/2020 1200 0       
99999803 15/01/2020 1200 0.4     
99999803 16/01/2020 1200 0       
99999803 17/01/2020 1200 6       
99999803 18/01/2020 1200 0.4     
99999803 19/01/2020 1200 0       
99999803 20/01/2020 1200 0       
99999803 21/01/2020 1200 0       
99999803 22/01/2020 1200 0       
99999803 23/01/2020 1200 0       
99999803 24/01/2020 1200 0.2     
99999803 25/01/2020 1200 0       
99999803 26/01/2020 1200 0       
99999803 27/01/2020 1200 0       
