99990721 08/12/2019 1200 0       
99990721 09/12/2019 1200 10.2    
99990721 10/12/2019 1200 0.2     
99990721 11/12/2019 1200 0.2     
99990721 12/12/2019 1200 1.8     
99990721 13/12/2019 1200 14.4    
99990721 14/12/2019 1200 0       
99990721 15/12/2019 1200 7.8     
99990721 16/12/2019 1200 2.2     
99990721 17/12/2019 1200 3.8     
99990721 18/12/2019 1200 0.2     
99990721 19/12/2019 1200 11.2    
99990721 20/12/2019 1200 2.2     
99990721 21/12/2019 1200 1.2     
99990721 22/12/2019 1200 8.8     
99990721 23/12/2019 1200 0       
99990721 24/12/2019 1200 0       
99990721 25/12/2019 1200 0       
99990721 26/12/2019 1200 0       
99990721 27/12/2019 1200 0       
99990721 28/12/2019 1200 0       
99990721 29/12/2019 1200 0       
99990721 30/12/2019 1200 0       
99990721 31/12/2019 1200 0       
99990721 01/01/2020 1200 0       
99990721 02/01/2020 1200 1       
99990721 03/01/2020 1200 0       
99990721 04/01/2020 1200 0       
99990721 05/01/2020 1200 8.4     
99990721 06/01/2020 1200 0       
99990721 07/01/2020 1200 7.8     
99990721 08/01/2020 1200 12.4    
99990721 09/01/2020 1200 1.6     
99990721 10/01/2020 1200 3.6     
99990721 11/01/2020 1200 0       
99990721 12/01/2020 1200 13.8    
99990721 13/01/2020 1200 9.8     
99990721 14/01/2020 1200 6.2     
99990721 15/01/2020 1200 4.2     
99990721 16/01/2020 1200 0       
99990721 17/01/2020 1200 0.6     
99990721 18/01/2020 1200 0       
99990721 19/01/2020 1200 0       
99990721 20/01/2020 1200 0       
99990721 21/01/2020 1200 0       
99990721 22/01/2020 1200 39.6    
99990721 23/01/2020 1200 76.6    
99990721 24/01/2020 1200 6.2     
99990721 25/01/2020 1200 0       
99990721 26/01/2020 1200 0       
99990721 27/01/2020 1200 0       
