99990750 08/12/2019 1200 0       
99990750 09/12/2019 1200 4.6     
99990750 10/12/2019 1200 1       
99990750 11/12/2019 1200 0.4     
99990750 12/12/2019 1200 0       
99990750 13/12/2019 1200 37      
99990750 14/12/2019 1200 0.2     
99990750 15/12/2019 1200 19.8    
99990750 16/12/2019 1200 78.2    
99990750 17/12/2019 1200 65      
99990750 18/12/2019 1200 30.2    
99990750 19/12/2019 1200 0       
99990750 20/12/2019 1200 31.6    
99990750 21/12/2019 1200 10.2    
99990750 22/12/2019 1200 5.4     
99990750 23/12/2019 1200 0       
99990750 24/12/2019 1200 0       
99990750 25/12/2019 1200 0       
99990750 26/12/2019 1200 0.2     
99990750 27/12/2019 1200 10.6    
99990750 28/12/2019 1200 0       
99990750 29/12/2019 1200 0       
99990750 30/12/2019 1200 39      
99990750 31/12/2019 1200 0.2     
99990750 01/01/2020 1200 0       
99990750 02/01/2020 1200 7.4     
99990750 03/01/2020 1200 0       
99990750 04/01/2020 1200 3       
99990750 05/01/2020 1200 15.4    
99990750 06/01/2020 1200 0.2     
99990750 07/01/2020 1200 54.4    
99990750 08/01/2020 1200 0.4     
99990750 09/01/2020 1200 0       
99990750 10/01/2020 1200 0       
99990750 11/01/2020 1200 0       
99990750 12/01/2020 1200 0       
99990750 13/01/2020 1200 0       
99990750 14/01/2020 1200 21.8    
99990750 15/01/2020 1200 0       
99990750 16/01/2020 1200 0       
99990750 17/01/2020 1200 0       
99990750 18/01/2020 1200 25.6    
99990750 19/01/2020 1200 0       
99990750 20/01/2020 1200 0       
99990750 21/01/2020 1200 0       
99990750 22/01/2020 1200 2.4     
99990750 23/01/2020 1200 1.8     
99990750 24/01/2020 1200 1       
99990750 25/01/2020 1200 0       
99990750 26/01/2020 1200 0       
99990750 27/01/2020 1200 0       
