99990818 08/12/2019 1200 0       
99990818 09/12/2019 1200 24.8    
99990818 10/12/2019 1200 8.6     
99990818 11/12/2019 1200 16.6    
99990818 12/12/2019 1200 0       
99990818 13/12/2019 1200 0       
99990818 14/12/2019 1200 0       
99990818 15/12/2019 1200 2.6     
99990818 16/12/2019 1200 20.6    
99990818 17/12/2019 1200 8       
99990818 18/12/2019 1200 2.2     
99990818 19/12/2019 1200 2       
99990818 20/12/2019 1200 87      
99990818 21/12/2019 1200 27.6    
99990818 22/12/2019 1200 4.8     
99990818 23/12/2019 1200 0       
99990818 24/12/2019 1200 0       
99990818 25/12/2019 1200 0       
99990818 26/12/2019 1200 0       
99990818 27/12/2019 1200 0       
99990818 28/12/2019 1200 0       
99990818 29/12/2019 1200 0       
99990818 30/12/2019 1200 0       
99990818 31/12/2019 1200 0       
99990818 01/01/2020 1200 0       
99990818 02/01/2020 1200 0.4     
99990818 03/01/2020 1200 4.8     
99990818 04/01/2020 1200 0       
99990818 05/01/2020 1200 0.8     
99990818 06/01/2020 1200 3.4     
99990818 07/01/2020 1200 0       
99990818 08/01/2020 1200 7.2     
99990818 09/01/2020 1200 0       
99990818 10/01/2020 1200 4.2     
99990818 11/01/2020 1200 19.6    
99990818 12/01/2020 1200 23.4    
99990818 13/01/2020 1200 4.6     
99990818 14/01/2020 1200 0       
99990818 15/01/2020 1200 0       
99990818 16/01/2020 1200 0       
99990818 17/01/2020 1200 30.4    
99990818 18/01/2020 1200 0       
99990818 19/01/2020 1200 0       
99990818 20/01/2020 1200 0       
99990818 21/01/2020 1200 0       
99990818 22/01/2020 1200 0       
99990818 23/01/2020 1200 4.8     
99990818 24/01/2020 1200 0.2     
99990818 25/01/2020 1200 0       
99990818 26/01/2020 1200 0       
99990818 27/01/2020 1200 0       
