02043064 08/02/2020 1000 0       
02043064 09/02/2020 1000 17.5    
02043064 10/02/2020 1000 0       
02043064 11/02/2020 1000 10.5    
02043064 12/02/2020 1000 5       
02043064 13/02/2020 1000 18      
02043064 14/02/2020 1000 33.5    
02043064 15/02/2020 1000 0       
02043064 16/02/2020 1000 6       
02043064 17/02/2020 1000 16.5    
02043064 18/02/2020 1000 7.5     
02043064 19/02/2020 1000 0       
02043064 20/02/2020 1000 0       
02043064 21/02/2020 1000 4       
02043064 22/02/2020 1000 0.5     
02043064 23/02/2020 1000 5.5     
02043064 24/02/2020 1000 0       
02043064 25/02/2020 1000 10.5    
02043064 26/02/2020 1000 11      
02043064 27/02/2020 1000 7       
02043064 28/02/2020 1000 35      
02043064 29/02/2020 1000 6.5     
02043064 01/03/2020 1000 10      
02043064 02/03/2020 1000 26.5    
02043064 03/03/2020 1000 15      
02043064 04/03/2020 1000 30      
02043064 05/03/2020 1000 10      
02043064 06/03/2020 1000 3       
02043064 07/03/2020 1000 1       
02043064 08/03/2020 1000 0       
02043064 09/03/2020 1000 0.5     
02043064 10/03/2020 1000 0       
02043064 11/03/2020 1000 0       
02043064 12/03/2020 1000 0       
02043064 13/03/2020 1000 0       
02043064 14/03/2020 1000 0       
02043064 15/03/2020 1000 0       
02043064 16/03/2020 1000 0       
02043064 17/03/2020 1000 0       
02043064 18/03/2020 1000 0       
02043064 19/03/2020 1000 0       
02043064 20/03/2020 1000 0       
02043064 21/03/2020 1000 25      
02043064 22/03/2020 1000 36      
02043064 23/03/2020 1000 0       
02043064 24/03/2020 1000 0       
02043064 25/03/2020 1000 0.07802448373972148