00083840 06/02/2020 1200 0       
00083840 07/02/2020 1200 1       
00083840 08/02/2020 1200 4       
00083840 09/02/2020 1200 0       
00083840 10/02/2020 1200 18      
00083840 11/02/2020 1200 0       
00083840 12/02/2020 1200 1       
00083840 13/02/2020 1200 0       
00083840 14/02/2020 1200 0       
00083840 15/02/2020 1200 0       
00083840 16/02/2020 1200 0       
00083840 17/02/2020 1200 0       
00083840 18/02/2020 1200 0       
00083840 19/02/2020 1200 4       
00083840 20/02/2020 1200 9       
00083840 21/02/2020 1200 0       
00083840 22/02/2020 1200 1       
00083840 23/02/2020 1200 1       
00083840 24/02/2020 1200 0       
00083840 25/02/2020 1200 0       
00083840 26/02/2020 1200 10      
00083840 27/02/2020 1200 16      
00083840 28/02/2020 1200 0       
00083840 29/02/2020 1200 0       
00083840 01/03/2020 1200 0       
00083840 02/03/2020 1200 3       
00083840 03/03/2020 1200 4       
00083840 04/03/2020 1200 0       
00083840 05/03/2020 1200 0       
00083840 06/03/2020 1200 0       
00083840 07/03/2020 1200 0       
00083840 08/03/2020 1200 0       
00083840 09/03/2020 1200 0       
00083840 10/03/2020 1200 0       
00083840 11/03/2020 1200 0       
00083840 12/03/2020 1200 0       
00083840 13/03/2020 1200 0       
00083840 14/03/2020 1200 0       
00083840 15/03/2020 1200 0       
00083840 16/03/2020 1200 0       
00083840 17/03/2020 1200 16      
00083840 18/03/2020 1200 0       
00083840 19/03/2020 1200 3       
00083840 20/03/2020 1200 0       
00083840 21/03/2020 1200 0       
00083840 22/03/2020 1200 0       
00083840 23/03/2020 1200 0.0