02551063 06/02/2020 1000 0       
02551063 07/02/2020 1000 2       
02551063 08/02/2020 1000 0       
02551063 09/02/2020 1000 0       
02551063 10/02/2020 1000 22      
02551063 11/02/2020 1000 0       
02551063 12/02/2020 1000 0       
02551063 13/02/2020 1000 0       
02551063 14/02/2020 1000 0       
02551063 15/02/2020 1000 0       
02551063 16/02/2020 1000 0       
02551063 17/02/2020 1000 0       
02551063 18/02/2020 1000 0       
02551063 19/02/2020 1000 5       
02551063 20/02/2020 1000 0       
02551063 21/02/2020 1000 0       
02551063 22/02/2020 1000 0       
02551063 23/02/2020 1000 0       
02551063 24/02/2020 1000 0       
02551063 25/02/2020 1000 0       
02551063 26/02/2020 1000 12      
02551063 27/02/2020 1000 3       
02551063 28/02/2020 1000 0       
02551063 29/02/2020 1000 0       
02551063 01/03/2020 1000 0       
02551063 02/03/2020 1000 0       
02551063 03/03/2020 1000 1       
02551063 04/03/2020 1000 0       
02551063 05/03/2020 1000 0       
02551063 06/03/2020 1000 0       
02551063 07/03/2020 1000 0       
02551063 08/03/2020 1000 31      
02551063 09/03/2020 1000 0       
02551063 10/03/2020 1000 0       
02551063 11/03/2020 1000 0       
02551063 12/03/2020 1000 0       
02551063 13/03/2020 1000 0       
02551063 14/03/2020 1000 0       
02551063 15/03/2020 1000 0       
02551063 16/03/2020 1000 0       
02551063 17/03/2020 1000 0       
02551063 18/03/2020 1000 0       
02551063 19/03/2020 1000 16      
02551063 20/03/2020 1000 0       
02551063 21/03/2020 1000 0       
02551063 22/03/2020 1000 0       
02551063 23/03/2020 1000 18.446171874782756