02551073 06/02/2020 1000 0       
02551073 07/02/2020 1000 0.8     
02551073 08/02/2020 1000 0       
02551073 09/02/2020 1000 0       
02551073 10/02/2020 1000 0       
02551073 11/02/2020 1000 0       
02551073 12/02/2020 1000 0       
02551073 13/02/2020 1000 0       
02551073 14/02/2020 1000 0       
02551073 15/02/2020 1000 0       
02551073 16/02/2020 1000 0       
02551073 17/02/2020 1000 0       
02551073 18/02/2020 1000 0       
02551073 19/02/2020 1000 1.2     
02551073 20/02/2020 1000 0       
02551073 21/02/2020 1000 0       
02551073 22/02/2020 1000 0       
02551073 23/02/2020 1000 0       
02551073 24/02/2020 1000 0       
02551073 25/02/2020 1000 0       
02551073 26/02/2020 1000 15      
02551073 27/02/2020 1000 1       
02551073 28/02/2020 1000 0       
02551073 29/02/2020 1000 0       
02551073 01/03/2020 1000 0       
02551073 02/03/2020 1000 0       
02551073 03/03/2020 1000 0       
02551073 04/03/2020 1000 0       
02551073 05/03/2020 1000 0       
02551073 06/03/2020 1000 0       
02551073 07/03/2020 1000 0       
02551073 08/03/2020 1000 6       
02551073 09/03/2020 1000 0.2     
02551073 10/03/2020 1000 0       
02551073 11/03/2020 1000 0       
02551073 12/03/2020 1000 0       
02551073 13/03/2020 1000 0       
02551073 14/03/2020 1000 0       
02551073 15/03/2020 1000 0       
02551073 16/03/2020 1000 0       
02551073 17/03/2020 1000 0       
02551073 18/03/2020 1000 43.6    
02551073 19/03/2020 1000 65.6    
02551073 20/03/2020 1000 0.2     
02551073 21/03/2020 1000 0.2     
02551073 22/03/2020 1000 0       
02551073 23/03/2020 1000 0.8175440094653338