02552073 06/02/2020 1000 0       
02552073 07/02/2020 1000 0       
02552073 08/02/2020 1000 0       
02552073 09/02/2020 1000 1.6     
02552073 10/02/2020 1000 7.4     
02552073 11/02/2020 1000 0       
02552073 12/02/2020 1000 0       
02552073 13/02/2020 1000 0       
02552073 14/02/2020 1000 0       
02552073 15/02/2020 1000 0       
02552073 16/02/2020 1000 0       
02552073 17/02/2020 1000 0       
02552073 18/02/2020 1000 0       
02552073 19/02/2020 1000 8.4     
02552073 20/02/2020 1000 0       
02552073 21/02/2020 1000 0       
02552073 22/02/2020 1000 0       
02552073 23/02/2020 1000 0       
02552073 24/02/2020 1000 0       
02552073 25/02/2020 1000 0       
02552073 26/02/2020 1000 15.6    
02552073 27/02/2020 1000 0.4     
02552073 28/02/2020 1000 0       
02552073 29/02/2020 1000 0       
02552073 01/03/2020 1000 0       
02552073 02/03/2020 1000 0       
02552073 03/03/2020 1000 0       
02552073 04/03/2020 1000 0       
02552073 05/03/2020 1000 0       
02552073 06/03/2020 1000 0       
02552073 07/03/2020 1000 0       
02552073 08/03/2020 1000 4.8     
02552073 09/03/2020 1000 0       
02552073 10/03/2020 1000 0       
02552073 11/03/2020 1000 0       
02552073 12/03/2020 1000 0       
02552073 13/03/2020 1000 0       
02552073 14/03/2020 1000 0       
02552073 15/03/2020 1000 0       
02552073 16/03/2020 1000 0       
02552073 17/03/2020 1000 0       
02552073 18/03/2020 1000 18      
02552073 19/03/2020 1000 45.6    
02552073 20/03/2020 1000 0.6     
02552073 21/03/2020 1000 0       
02552073 22/03/2020 1000 0       
02552073 23/03/2020 1000 10.657795549270586