02552057 06/02/2020 1000 0       
02552057 07/02/2020 1000 0       
02552057 08/02/2020 1000 0       
02552057 09/02/2020 1000 2       
02552057 10/02/2020 1000 0       
02552057 11/02/2020 1000 0       
02552057 12/02/2020 1000 0       
02552057 13/02/2020 1000 0       
02552057 14/02/2020 1000 0       
02552057 15/02/2020 1000 0       
02552057 16/02/2020 1000 0.4     
02552057 17/02/2020 1000 0       
02552057 18/02/2020 1000 0       
02552057 19/02/2020 1000 10      
02552057 20/02/2020 1000 0       
02552057 21/02/2020 1000 0       
02552057 22/02/2020 1000 0       
02552057 23/02/2020 1000 0       
02552057 24/02/2020 1000 0       
02552057 25/02/2020 1000 0       
02552057 26/02/2020 1000 80.6    
02552057 27/02/2020 1000 0.8     
02552057 28/02/2020 1000 0       
02552057 29/02/2020 1000 0       
02552057 01/03/2020 1000 2.4     
02552057 02/03/2020 1000 0       
02552057 03/03/2020 1000 0       
02552057 04/03/2020 1000 0       
02552057 05/03/2020 1000 0       
02552057 06/03/2020 1000 0       
02552057 07/03/2020 1000 0       
02552057 08/03/2020 1000 3.2     
02552057 09/03/2020 1000 0       
02552057 10/03/2020 1000 0       
02552057 11/03/2020 1000 0       
02552057 12/03/2020 1000 0       
02552057 13/03/2020 1000 0       
02552057 14/03/2020 1000 0       
02552057 15/03/2020 1000 0       
02552057 16/03/2020 1000 0       
02552057 17/03/2020 1000 0       
02552057 18/03/2020 1000 0.8     
02552057 19/03/2020 1000 44.2    
02552057 20/03/2020 1000 3.8     
02552057 21/03/2020 1000 0       
02552057 22/03/2020 1000 0       
02552057 23/03/2020 1000 8.27375992054801102552057 24/03/2020 1000 8.273759920548011