02651054 06/02/2020 1000 0       
02651054 07/02/2020 1000 8.2     
02651054 08/02/2020 1000 0.2     
02651054 09/02/2020 1000 0       
02651054 10/02/2020 1000 0       
02651054 11/02/2020 1000 0       
02651054 12/02/2020 1000 0       
02651054 13/02/2020 1000 0       
02651054 14/02/2020 1000 0       
02651054 15/02/2020 1000 0       
02651054 16/02/2020 1000 1.2     
02651054 17/02/2020 1000 1       
02651054 18/02/2020 1000 0       
02651054 19/02/2020 1000 20.8    
02651054 20/02/2020 1000 0       
02651054 21/02/2020 1000 0       
02651054 22/02/2020 1000 0       
02651054 23/02/2020 1000 0       
02651054 24/02/2020 1000 0       
02651054 25/02/2020 1000 11      
02651054 26/02/2020 1000 84.6    
02651054 27/02/2020 1000 0.8     
02651054 28/02/2020 1000 0       
02651054 29/02/2020 1000 0       
02651054 01/03/2020 1000 0       
02651054 02/03/2020 1000 0       
02651054 03/03/2020 1000 0       
02651054 04/03/2020 1000 0       
02651054 05/03/2020 1000 0.4     
02651054 06/03/2020 1000 0       
02651054 07/03/2020 1000 0       
02651054 08/03/2020 1000 4.4     
02651054 09/03/2020 1000 0       
02651054 10/03/2020 1000 0       
02651054 11/03/2020 1000 0       
02651054 12/03/2020 1000 0       
02651054 13/03/2020 1000 0       
02651054 14/03/2020 1000 0       
02651054 15/03/2020 1000 0       
02651054 16/03/2020 1000 0       
02651054 17/03/2020 1000 0       
02651054 18/03/2020 1000 0       
02651054 19/03/2020 1000 42      
02651054 20/03/2020 1000 1.8     
02651054 21/03/2020 1000 0       
02651054 22/03/2020 1000 0       
02651054 23/03/2020 1000 7.240789062256301