02652048 06/02/2020 1000 0       
02652048 07/02/2020 1000 0       
02652048 08/02/2020 1000 0.2     
02652048 09/02/2020 1000 3.2     
02652048 10/02/2020 1000 0.2     
02652048 11/02/2020 1000 4       
02652048 12/02/2020 1000 0       
02652048 13/02/2020 1000 0       
02652048 14/02/2020 1000 0       
02652048 15/02/2020 1000 0       
02652048 16/02/2020 1000 0       
02652048 17/02/2020 1000 0       
02652048 18/02/2020 1000 0       
02652048 19/02/2020 1000 0       
02652048 20/02/2020 1000 0       
02652048 21/02/2020 1000 0       
02652048 22/02/2020 1000 0       
02652048 23/02/2020 1000 0       
02652048 24/02/2020 1000 0       
02652048 25/02/2020 1000 7       
02652048 26/02/2020 1000 110.6   
02652048 27/02/2020 1000 0.2     
02652048 28/02/2020 1000 0       
02652048 29/02/2020 1000 0       
02652048 01/03/2020 1000 0       
02652048 02/03/2020 1000 0       
02652048 03/03/2020 1000 0.2     
02652048 04/03/2020 1000 1.2     
02652048 05/03/2020 1000 3       
02652048 06/03/2020 1000 0       
02652048 07/03/2020 1000 0       
02652048 08/03/2020 1000 3.2     
02652048 09/03/2020 1000 0       
02652048 10/03/2020 1000 0       
02652048 11/03/2020 1000 0       
02652048 12/03/2020 1000 0       
02652048 13/03/2020 1000 0       
02652048 14/03/2020 1000 0       
02652048 15/03/2020 1000 0       
02652048 16/03/2020 1000 0       
02652048 17/03/2020 1000 0       
02652048 18/03/2020 1000 0.8     
02652048 19/03/2020 1000 50.8    
02652048 20/03/2020 1000 17.2    
02652048 21/03/2020 1000 0       
02652048 22/03/2020 1000 0       
02652048 23/03/2020 1000 9.881584734412101