99999804 06/02/2020 1200 0       
99999804 07/02/2020 1200 0       
99999804 08/02/2020 1200 0.4     
99999804 09/02/2020 1200 0       
99999804 10/02/2020 1200 0.2     
99999804 11/02/2020 1200 0       
99999804 12/02/2020 1200 0       
99999804 13/02/2020 1200 0       
99999804 14/02/2020 1200 0       
99999804 15/02/2020 1200 0       
99999804 16/02/2020 1200 0       
99999804 17/02/2020 1200 0       
99999804 18/02/2020 1200 0       
99999804 19/02/2020 1200 14.6    
99999804 20/02/2020 1200 0.2     
99999804 21/02/2020 1200 0       
99999804 22/02/2020 1200 0       
99999804 23/02/2020 1200 0       
99999804 24/02/2020 1200 0       
99999804 25/02/2020 1200 0       
99999804 26/02/2020 1200 21.8    
99999804 27/02/2020 1200 0.8     
99999804 28/02/2020 1200 0       
99999804 29/02/2020 1200 0       
99999804 01/03/2020 1200 0       
99999804 02/03/2020 1200 0       
99999804 03/03/2020 1200 1.6     
99999804 04/03/2020 1200 0.6     
99999804 05/03/2020 1200 0.2     
99999804 06/03/2020 1200 0       
99999804 07/03/2020 1200 0       
99999804 08/03/2020 1200 1.8     
99999804 09/03/2020 1200 0       
99999804 10/03/2020 1200 0       
99999804 11/03/2020 1200 0       
99999804 12/03/2020 1200 0       
99999804 13/03/2020 1200 26.6    
99999804 14/03/2020 1200 0       
99999804 15/03/2020 1200 0       
99999804 16/03/2020 1200 0       
99999804 17/03/2020 1200 0       
99999804 18/03/2020 1200 3       
99999804 19/03/2020 1200 39      
99999804 20/03/2020 1200 0.8     
99999804 21/03/2020 1200 0       
99999804 22/03/2020 1200 0       
99999804 23/03/2020 1200 11.93150346096802