99990823 06/02/2020 1200 0       
99990823 07/02/2020 1200 1.4     
99990823 08/02/2020 1200 0       
99990823 09/02/2020 1200 0       
99990823 10/02/2020 1200 32.6    
99990823 11/02/2020 1200 0.4     
99990823 12/02/2020 1200 0       
99990823 13/02/2020 1200 0       
99990823 14/02/2020 1200 0       
99990823 15/02/2020 1200 0       
99990823 16/02/2020 1200 0       
99990823 17/02/2020 1200 0       
99990823 18/02/2020 1200 0       
99990823 19/02/2020 1200 11      
99990823 20/02/2020 1200 0       
99990823 21/02/2020 1200 0       
99990823 22/02/2020 1200 0       
99990823 23/02/2020 1200 0       
99990823 24/02/2020 1200 0       
99990823 25/02/2020 1200 0       
99990823 26/02/2020 1200 17.2    
99990823 27/02/2020 1200 0       
99990823 28/02/2020 1200 0       
99990823 29/02/2020 1200 0       
99990823 01/03/2020 1200 0       
99990823 02/03/2020 1200 0       
99990823 03/03/2020 1200 7.2     
99990823 04/03/2020 1200 0.2     
99990823 05/03/2020 1200 0.2     
99990823 06/03/2020 1200 0       
99990823 07/03/2020 1200 0       
99990823 08/03/2020 1200 3.6     
99990823 09/03/2020 1200 0.2     
99990823 10/03/2020 1200 0       
99990823 11/03/2020 1200 0       
99990823 12/03/2020 1200 0       
99990823 13/03/2020 1200 0       
99990823 14/03/2020 1200 0       
99990823 15/03/2020 1200 0       
99990823 16/03/2020 1200 0       
99990823 17/03/2020 1200 0.8     
99990823 18/03/2020 1200 0       
99990823 19/03/2020 1200 62      
99990823 20/03/2020 1200 0.8     
99990823 21/03/2020 1200 0       
99990823 22/03/2020 1200 0       
99990823 23/03/2020 1200 2.6143749999526786