00083726 09/02/2020 1200 0       
00083726 10/02/2020 1200 0       
00083726 11/02/2020 1200 37      
00083726 12/02/2020 1200 0.3     
00083726 13/02/2020 1200 0       
00083726 14/02/2020 1200 0       
00083726 15/02/2020 1200 0       
00083726 16/02/2020 1200 0       
00083726 17/02/2020 1200 0       
00083726 18/02/2020 1200 10      
00083726 19/02/2020 1200 1       
00083726 20/02/2020 1200 15      
00083726 21/02/2020 1200 72      
00083726 22/02/2020 1200 8       
00083726 23/02/2020 1200 0       
00083726 24/02/2020 1200 0       
00083726 25/02/2020 1200 6       
00083726 26/02/2020 1200 10      
00083726 27/02/2020 1200 106     
00083726 28/02/2020 1200 0       
00083726 29/02/2020 1200 5       
00083726 01/03/2020 1200 0       
00083726 02/03/2020 1200 0       
00083726 03/03/2020 1200 0       
00083726 04/03/2020 1200 0       
00083726 05/03/2020 1200 0       
00083726 06/03/2020 1200 0       
00083726 07/03/2020 1200 0       
00083726 08/03/2020 1200 0       
00083726 09/03/2020 1200 0       
00083726 10/03/2020 1200 0       
00083726 11/03/2020 1200 0       
00083726 12/03/2020 1200 0       
00083726 13/03/2020 1200 0       
00083726 14/03/2020 1200 0       
00083726 15/03/2020 1200 0       
00083726 16/03/2020 1200 0       
00083726 17/03/2020 1200 0       
00083726 18/03/2020 1200 0       
00083726 19/03/2020 1200 3       
00083726 20/03/2020 1200 3       
00083726 21/03/2020 1200 21      
00083726 22/03/2020 1200 0       
00083726 23/03/2020 1200 0       
00083726 24/03/2020 1200 0       
00083726 25/03/2020 1200 0       
00083726 26/03/2020 1200 0.0