02149099 09/02/2020 1000 0       
02149099 10/02/2020 1000 20      
02149099 11/02/2020 1000 10.8    
02149099 12/02/2020 1000 0.6     
02149099 13/02/2020 1000 0       
02149099 14/02/2020 1000 0       
02149099 15/02/2020 1000 0       
02149099 16/02/2020 1000 0       
02149099 17/02/2020 1000 0       
02149099 18/02/2020 1000 0       
02149099 19/02/2020 1000 0       
02149099 20/02/2020 1000 0       
02149099 21/02/2020 1000 20      
02149099 22/02/2020 1000 0       
02149099 23/02/2020 1000 0.4     
02149099 24/02/2020 1000 2.8     
02149099 25/02/2020 1000 25.6    
02149099 26/02/2020 1000 7.8     
02149099 27/02/2020 1000 13.6    
02149099 28/02/2020 1000 1.6     
02149099 29/02/2020 1000 0       
02149099 01/03/2020 1000 0       
02149099 02/03/2020 1000 0       
02149099 03/03/2020 1000 0       
02149099 04/03/2020 1000 0       
02149099 05/03/2020 1000 0       
02149099 06/03/2020 1000 0       
02149099 07/03/2020 1000 0       
02149099 08/03/2020 1000 0       
02149099 09/03/2020 1000 0       
02149099 10/03/2020 1000 0       
02149099 11/03/2020 1000 0       
02149099 12/03/2020 1000 0       
02149099 13/03/2020 1000 0       
02149099 14/03/2020 1000 0       
02149099 15/03/2020 1000 0       
02149099 16/03/2020 1000 14.8    
02149099 17/03/2020 1000 0       
02149099 18/03/2020 1000 0       
02149099 19/03/2020 1000 1.6     
02149099 20/03/2020 1000 0.8     
02149099 21/03/2020 1000 0       
02149099 22/03/2020 1000 0       
02149099 23/03/2020 1000 0       
02149099 24/03/2020 1000 0       
02149099 25/03/2020 1000 0       
02149099 26/03/2020 1000 0.056564062498459515