02248130 09/02/2020 1000 0       
02248130 10/02/2020 1000 20      
02248130 11/02/2020 1000 30      
02248130 12/02/2020 1000 0       
02248130 13/02/2020 1000 0       
02248130 14/02/2020 1000 0       
02248130 15/02/2020 1000 0       
02248130 16/02/2020 1000 0       
02248130 17/02/2020 1000 0       
02248130 18/02/2020 1000 0       
02248130 19/02/2020 1000 0       
02248130 20/02/2020 1000 0       
02248130 21/02/2020 1000 10.8    
02248130 22/02/2020 1000 1.6     
02248130 23/02/2020 1000 0       
02248130 24/02/2020 1000 0       
02248130 25/02/2020 1000 2.4     
02248130 26/02/2020 1000 83.2    
02248130 27/02/2020 1000 113.4   
02248130 28/02/2020 1000 38.6    
02248130 29/02/2020 1000 0       
02248130 01/03/2020 1000 0       
02248130 02/03/2020 1000 0       
02248130 03/03/2020 1000 13.2    
02248130 04/03/2020 1000 0       
02248130 05/03/2020 1000 0       
02248130 06/03/2020 1000 0       
02248130 07/03/2020 1000 0       
02248130 08/03/2020 1000 0       
02248130 09/03/2020 1000 0       
02248130 10/03/2020 1000 0       
02248130 11/03/2020 1000 0       
02248130 12/03/2020 1000 0       
02248130 13/03/2020 1000 0       
02248130 14/03/2020 1000 0       
02248130 15/03/2020 1000 6.2     
02248130 16/03/2020 1000 0       
02248130 17/03/2020 1000 15.6    
02248130 18/03/2020 1000 16.4    
02248130 19/03/2020 1000 0.2     
02248130 20/03/2020 1000 6.4     
02248130 21/03/2020 1000 27.2    
02248130 22/03/2020 1000 0       
02248130 23/03/2020 1000 0       
02248130 24/03/2020 1000 0       
02248130 25/03/2020 1000 0       
02248130 26/03/2020 1000 0.0