02248119 09/02/2020 1000 0       
02248119 10/02/2020 1000 20      
02248119 11/02/2020 1000 50      
02248119 12/02/2020 1000 2       
02248119 13/02/2020 1000 0       
02248119 14/02/2020 1000 0       
02248119 15/02/2020 1000 0       
02248119 16/02/2020 1000 0       
02248119 17/02/2020 1000 0       
02248119 18/02/2020 1000 0       
02248119 19/02/2020 1000 0       
02248119 20/02/2020 1000 0       
02248119 21/02/2020 1000 10      
02248119 22/02/2020 1000 0       
02248119 23/02/2020 1000 0       
02248119 24/02/2020 1000 0       
02248119 25/02/2020 1000 22.5    
02248119 26/02/2020 1000 44.1    
02248119 27/02/2020 1000 50.1    
02248119 28/02/2020 1000 0       
02248119 29/02/2020 1000 0       
02248119 01/03/2020 1000 0       
02248119 02/03/2020 1000 0       
02248119 03/03/2020 1000 0       
02248119 04/03/2020 1000 0       
02248119 05/03/2020 1000 0       
02248119 06/03/2020 1000 0       
02248119 07/03/2020 1000 0       
02248119 08/03/2020 1000 0       
02248119 09/03/2020 1000 0       
02248119 10/03/2020 1000 0       
02248119 11/03/2020 1000 0       
02248119 12/03/2020 1000 0       
02248119 13/03/2020 1000 0       
02248119 14/03/2020 1000 0       
02248119 15/03/2020 1000 0       
02248119 16/03/2020 1000 0       
02248119 17/03/2020 1000 0       
02248119 18/03/2020 1000 0       
02248119 19/03/2020 1000 2.4     
02248119 20/03/2020 1000 5.7     
02248119 21/03/2020 1000 2.1     
02248119 22/03/2020 1000 0       
02248119 23/03/2020 1000 0       
02248119 24/03/2020 1000 0       
02248119 25/03/2020 1000 0       
02248119 26/03/2020 1000 0.0