02347213 09/02/2020 1000 0       
02347213 10/02/2020 1000 50      
02347213 11/02/2020 1000 82.6    
02347213 12/02/2020 1000 2.2     
02347213 13/02/2020 1000 0       
02347213 14/02/2020 1000 0       
02347213 15/02/2020 1000 0       
02347213 16/02/2020 1000 0       
02347213 17/02/2020 1000 0       
02347213 18/02/2020 1000 0       
02347213 19/02/2020 1000 13.2    
02347213 20/02/2020 1000 6.4     
02347213 21/02/2020 1000 30      
02347213 22/02/2020 1000 0       
02347213 23/02/2020 1000 0       
02347213 24/02/2020 1000 3.4     
02347213 25/02/2020 1000 20      
02347213 26/02/2020 1000 19      
02347213 27/02/2020 1000 51.6    
02347213 28/02/2020 1000 0       
02347213 29/02/2020 1000 1.8     
02347213 01/03/2020 1000 0.6     
02347213 02/03/2020 1000 1       
02347213 03/03/2020 1000 0       
02347213 04/03/2020 1000 0       
02347213 05/03/2020 1000 0       
02347213 06/03/2020 1000 0       
02347213 07/03/2020 1000 0       
02347213 08/03/2020 1000 0       
02347213 09/03/2020 1000 0.2     
02347213 10/03/2020 1000 0       
02347213 11/03/2020 1000 0       
02347213 12/03/2020 1000 0       
02347213 13/03/2020 1000 0       
02347213 14/03/2020 1000 0       
02347213 15/03/2020 1000 0       
02347213 16/03/2020 1000 0       
02347213 17/03/2020 1000 23.6    
02347213 18/03/2020 1000 0       
02347213 19/03/2020 1000 2       
02347213 20/03/2020 1000 4.8     
02347213 21/03/2020 1000 0       
02347213 22/03/2020 1000 0       
02347213 23/03/2020 1000 0       
02347213 24/03/2020 1000 0       
02347213 25/03/2020 1000 0       
02347213 26/03/2020 1000 0.0