ONS-Operador Nacional Do Sistema Eletrico
Modelo Computacional SMAP
Versao: 3.0.0 Data: 23/09/2019

Iniciando execucao: 12-02-2020 13:23:30

Parametros
   Amplitude inicial: 0.5
   dm alvo: 0 (nao e necessario multiplicar por 100)
   Limite de iteracoes: 10000
   Particulas: 24
   Pulso inicial: 0.1
   Uso de pesos: on
   Gerar graficos: off
   Semente: 9952

Sub bacia: Balsa
cef: 0.98383993
*dm: 0.030796267
ebin: 163.62038
mape: 0.026215685
somacoef: 1.9576242
supin: 301.5101
Iteracoes: 10000
Iteracao otima: 8591
Tempo: 8.282 s

Qcal
[32](0,465.13048,707.65572,632.36608,500.12658,407.39137,342.86801,363.80378,336.19552,292.99942,262.47471,240.79282,225.26744,214.02228,205.74578,199.50241,194.63448,190.67345,187.73837,201.41162,208.80551,205.16434,202.32729,226.66649,299.37061,349.26401,297.94499,273.85898,245.45765,223.88197,208.25665,212.66999)
Rsolo
[32](100.9372,113.21056,116.12634,112.29336,108.89993,105.94392,108.88863,108.51281,104.37491,100.42071,96.705337,93.309552,90.246804,87.325514,84.502459,81.670188,78.983684,77.207867,77.769155,78.026317,77.234235,76.561905,79.262598,85.836577,91.781176,88.826095,88.390849,86.537276,84.120595,81.873737,82.27416,79.63643)
Rsub
[32](40.231244,40.584755,41.362711,42.239602,42.955364,43.534881,44.000577,44.562166,45.100894,45.48664,45.73539,45.863589,45.888575,45.826338,45.686191,45.475658,45.199204,44.864766,44.496284,44.146361,43.808025,43.457836,43.098861,42.805986,42.677673,42.712235,42.66438,42.605597,42.498781,42.332113,42.11323,41.907658)
Rsup
[32](4.2432077,7.6360771,6.5319852,4.6207647,3.2747178,2.3334995,2.6014781,2.180799,1.5420578,1.0903995,0.7710289,0.54519976,0.38551445,0.27259988,0.19275722,0.13629994,0.096378612,0.074214447,0.28773095,0.41181459,0.37993659,0.36005355,0.72312983,1.7630713,2.4725744,1.7483741,1.4121463,1.0158136,0.71828869,0.50792998,0.58256769,0.41193756)
Peso chuva 
[32](0.53026447,0.84941951,1.2397951,0.5,0.5199599,0.5,1.247466,2,0.5,2,0.71704896,0.73325679,0.5,0.56845347,2,2,0.64588426,1.7776418,1.2677113,0.74703459,0.65277299,2,0.99430646,0.63240531,2,0.5,1.5109665,0.5,0.62492327,0.96883603,1.5682961,1)
Previsao ETA40_LIMITES
[13] (0,0,0.07,8.0118182,8.5809091,3.2054545,15.630909,23.73,25.001818,0.52545455,8.4756364,8.4756364,8.4756364)
Previsao PMEDIA_ORIG
[13] (0.3,0,0.3,1.1,2.1,1.7,5.6,4.4,4.9,2.9,1.9,2.9,2.3416667)
Previsao PRECMEDIA_ETA40.GEFS
[13] (0.36,0.01,0.17,3.34,3.68,2.18,5.12,6.04,5.9,2.25,2.905,2.905,2.905)
Previsao PRECZERADA_ETA40
[13] (0,0,0,0,0,0,0,0,0,0,0,0,0)


Sub bacia: Flor+Estra
cef: 0.9713198
*dm: 0.031184072
ebin: 233.83721
mape: 0.01224307
somacoef: 1.9590767
supin: 149.54929
Iteracoes: 10000
Iteracao otima: 9510
Tempo: 8.765 s

Qcal
[34](0,0,0,353.83326,337.10642,345.16228,335.62042,315.245,294.34228,297.35617,283.71849,266.53036,255.98375,272.72372,373.93202,369.61541,353.15666,311.79867,285.19145,269.36563,259.52837,254.0608,278.21116,302.38779,313.35259,343.17651,306.99473,301.74859,291.78188,289.96998,276.47305,267.55661,260.31623,283.36878)
Rsolo
[34](0,0,79.178,76.152892,82.042631,81.116125,80.123606,77.715715,78.786656,76.633064,73.321409,71.143899,74.28895,87.313582,85.494117,79.282967,75.44232,72.676896,70.67131,69.257936,68.479324,72.486761,77.193768,79.94232,83.877956,78.770891,78.586891,77.091998,76.922113,74.439262,72.705868,71.08752,75.056856,72.199335)
Rsub
[34](0,0,240.72027,242.12121,242.43041,244.91888,247.03019,248.74879,249.56926,250.77384,251.19917,250.51128,249.14773,248.78675,253.43921,257.27798,258.62093,258.59023,257.65368,256.14463,254.64441,253.15298,252.18837,252.80268,254.41889,257.57689,258.72877,259.80642,260.3401,260.81076,260.43112,259.49295,258.05973,257.90213)
Rsup
[34](0,0,2.0550198,1.4009607,1.6814028,1.3426007,1.0344306,0.72425682,0.75471986,0.55123943,0.30937267,0.17362954,0.42186182,2.4984518,2.1789371,1.4489407,0.83235404,0.46714291,0.26217509,0.1471408,0.092034264,0.44380291,0.78890028,0.93137212,1.319621,0.7802775,0.69281223,0.54147042,0.50944845,0.31769891,0.20024198,0.11327202,0.44917817,0.25209272)
Peso chuva 
[34](0.5,1.4308397,0.51824687,2,1.8242823,1.0787515,2,2,1.7210968,2,0.5,0.5,1.0332475,1.6133854,1.0518725,0.5,0.5,0.5,0.5,0.5,2,1.5577723,1.4282455,0.96424046,1.2893219,0.61713394,1.7955442,0.83759447,1.4114689,1.3430335,0.97098152,0.5,1.2109395,1)
Previsao ETA40_LIMITES
[13] (0,0,0,0,0,0,5.14,6.0711111,14.447778,0,2.5658889,2.5658889,2.5658889)
Previsao PMEDIA_ORIG
[13] (0.1,0.2,0.2,0.7,1,1.1,3.4,2.2,3.4,3.3,3.7,2.1,1.7833333)
Previsao PRECMEDIA_ETA40.GEFS
[13] (0.07,0.08,0.16,0.52,0.9,0.71,2.47,1.86,3.92,1.86,1.255,1.255,1.255)
Previsao PRECZERADA_ETA40
[13] (0,0,0,0,0,0,0,0,0,0,0,0,0)


Sub bacia: Itaipu
cef: 0.86287384
*dm: 0.13948435
ebin: 662.25734
mape: 0.02554019
somacoef: 1.8373337
supin: 299.38341
Iteracoes: 10000
Iteracao otima: 9941
Tempo: 8.883 s

Qcal
[34](0,0,0,961.64075,972.94989,970.30801,938.82598,889.70297,884.09287,868.72661,830.96078,796.9307,766.54507,777.10596,914.13544,955.11759,910.27898,867.2457,828.23796,793.53854,764.77653,754.43383,780.53865,840.0665,875.30186,915.99896,885.07911,848.61503,815.34151,789.71627,762.92065,740.22505,721.15825,780.2687)
Rsolo
[34](0,0,64.9228,68.433453,69.462619,67.461851,64.283367,65.595087,65.245556,62.493152,60.451743,59.02265,61.353503,70.168099,71.964403,66.500028,63.081165,60.841083,59.309989,57.983311,57.976522,61.382544,66.842694,69.361226,71.263703,67.107854,63.571458,61.733942,60.9276,59.709314,58.608099,57.528745,62.823662,60.661638)
Rsub
[34](0,0,124.28768,124.51828,126.0112,127.88401,128.98338,128.95302,129.37282,129.66717,129.04396,127.84086,126.64899,125.69709,127.84884,130.70556,131.42931,130.97881,129.83029,128.61987,127.42073,126.23277,125.29368,126.19129,128.02315,130.59163,131.53613,131.24495,130.36789,129.25126,128.04624,126.85245,125.66979,125.18973)
Rsup
[34](0,0,2.3887458,2.4691763,2.3846259,2.0538122,1.6151257,1.5716538,1.4312005,1.1173571,0.87233098,0.68103681,0.8159734,1.9497859,2.1852963,1.7060809,1.331953,1.039868,0.81183446,0.63380662,0.60226467,0.86105797,1.375949,1.6189263,1.8657622,1.5098577,1.1787598,0.92565364,0.75848109,0.59215508,0.46230095,0.36092303,0.88283916,0.68924064)
Peso chuva 
[34](2,2,0.5253991,2,1.3128272,0.87331434,0.72874952,2,2,2,0.64369154,0.60664023,2,2,2,0.5,0.5,0.5,0.5,0.5,0.5,0.6663894,2,2,0.92824659,0.5,0.5,0.5,0.98918096,0.98222557,0.72950218,0.73558007,1.8530443,1)
Previsao ETA40_LIMITES
[13] (0.1,0.062962963,0.11851852,3.8851852,0.57037037,0.15555556,10.811111,11.581481,15.118519,0.21851852,4.2622222,4.2622222,4.2622222)
Previsao PMEDIA_ORIG
[13] (0.1,0.1,0.2,1.7,1.5,1.6,4.4,3.7,3.3,3.3,3.2,2.5,2.1333333)
Previsao PRECMEDIA_ETA40.GEFS
[13] (0.07,0.05,0.12,1.78,0.94,0.81,3.7,3.01,3.69,1.53,1.57,1.57,1.57)
Previsao PRECZERADA_ETA40
[13] (0,0,0,0,0,0,0,0,0,0,0,0,0)


Sub bacia: Ivinhema
cef: 0.98453706
*dm: 0.016824265
ebin: 163.83723
mape: 0.0066297278
somacoef: 1.9779073
supin: 502.62583
Iteracoes: 10000
Iteracao otima: 9087
Tempo: 12.743 s

Qcal
[46](0,0,0,0,0,0,0,0,0,0,0,0,0,0,0,418.99674,418.20928,435.07417,451.22465,458.90704,462.1236,463.65752,434.16966,379.10336,331.03509,289.64107,301.02312,315.60564,333.50834,374.82861,395.88142,413.95797,414.37507,410.09518,422.65184,429.53501,434.61812,475.92736,470.24821,462.37513,459.61509,453.56459,450.4014,450.98895,452.13155,447.42224)
Rsolo
[46](0,0,0,0,0,0,0,0,0,0,0,0,0,0,30.6215,33.469434,38.585255,41.885467,43.185425,43.619396,43.748249,40.628348,37.049404,33.809013,30.909015,30.220376,29.716485,29.572818,30.489786,30.846342,32.720672,33.85888,33.197771,35.901393,38.801221,40.831338,45.704291,43.238211,42.068847,42.219362,41.561735,41.70738,42.378365,42.87113,42.171921,37.339258)
Rsub
[46](0,0,0,0,0,0,0,0,0,0,0,0,0,0,99.71436,99.898162,100.31559,101.22751,102.50685,103.93783,105.41636,106.90443,108.01219,108.73061,109.13858,109.30264,109.41304,109.48534,109.54676,109.67657,109.83334,110.1419,110.54801,110.89426,111.48653,112.37169,113.47827,115.18299,116.56393,117.79666,119.04188,120.20351,121.3771,122.62545,123.92805,125.14024)
Rsup
[46](0,0,0,0,0,0,0,0,0,0,0,0,0,0,6.6162948,4.6835858,7.0256574,6.8064179,5.6533314,5.0769949,4.8621656,2.7765182,2.2252461,1.770001,1.4049177,1.5984615,1.7880301,2.0221279,2.5647171,2.8390373,3.7418072,3.7298815,3.073497,4.6640223,5.4481613,5.2493866,10.024148,3.6451342,3.5778222,4.259683,3.7867577,4.1767947,4.6455253,4.6856617,3.8935308,2.4514627)
Peso chuva 
[46](0.5,2,1.7246768,0.5,0.5,2,0.50052935,2,2,2,0.81680343,1.8779484,0.5,0.5,0.64537211,2,1.6805942,1.565777,2,2,2,0.82288407,0.5,0.5,0.5,0.5,0.5,1.1025057,1.5252289,1.4014004,2,2,2,2,1.6478627,2,2,0.5,0.94133339,1.1143345,0.65398152,1.3317422,1.6533576,1.8827067,1.678624,1)
Previsao ETA40_LIMITES
[13] (0.013333333,0.51111111,0.039444444,0.48555556,0,0,0.57666667,5.8827778,15.857778,0.445,2.3811667,2.3811667,2.3811667)
Previsao PMEDIA_ORIG
[13] (0.6,2.1,1,1.3,2.5,1.3,2.7,3.9,4.4,5.4,6.5,3.3,2.9166667)
Previsao PRECMEDIA_ETA40.GEFS
[13] (0.5,0.91,0.48,0.71,0.84,0.52,1.25,2.1,3.82,2.23,1.336,1.336,1.336)
Previsao PRECZERADA_ETA40
[13] (0,0,0,0,0,0,0,0,0,0,0,0,0)


Sub bacia: PTaquara
cef: 0.89364214
*dm: 0.12759992
ebin: 178.745
mape: 0.07049641
somacoef: 1.8231457
supin: 492.36789
Iteracoes: 10000
Iteracao otima: 9996
Tempo: 9.401 s

Qcal
[33](0,0,671.11289,600.63447,623.94323,753.77,705.97626,605.1326,528.681,562.95749,492.91583,437.45678,393.44243,358.45267,373.69335,358.06161,358.30397,331.21059,309.55773,292.17462,294.70011,342.21604,334.60747,338.12557,400.3416,493.83283,911.8027,844.9746,720.88493,622.4778,544.36497,482.3173,432.98378)
Rsolo
[33](0,114.1652,112.76471,114.96429,119.66705,119.63748,115.45879,112.27544,114.27205,110.06207,105.54201,101.26642,97.453026,98.284893,97.056123,96.826285,93.191509,89.665407,86.498157,85.857514,88.635333,87.909999,88.272241,92.21128,97.534824,109.66598,111.1141,107.11963,103.62087,100.07967,96.810754,93.65809,90.169905)
Rsub
[33](0,42.954582,43.877176,44.744243,45.674647,46.756088,47.825195,48.739932,49.540334,50.397656,51.110087,51.676392,52.112519,52.43894,52.784431,53.093195,53.3926,53.594472,53.707301,53.744765,53.767281,53.853772,53.922319,53.998636,54.169551,54.47668,55.134043,55.830349,56.394889,56.849316,57.198103,57.454209,57.625495)
Rsup
[33](0,5.9919777,5.0875539,5.3273056,6.8601437,6.2237418,4.9423621,3.9656444,4.3422461,3.446443,2.7354437,2.1711231,1.7232215,1.8921659,1.684436,1.6717492,1.3268682,1.053136,0.8358746,0.8647119,1.4418271,1.3448529,1.3841959,2.1374825,3.266589,8.3376104,7.4910417,5.9456437,4.7194678,3.745844,2.9730784,2.3597339,1.872922)
Peso chuva 
[33](0.5,1.9137533,0.5,0.84066936,2,1.4722609,0.5,0.5,1.3178229,0.5,0.5,1.7755993,0.5,2,0.72544905,1.9531275,0.5,0.5,0.5,2,1.4395141,0.5,0.87199861,1.5207354,0.67562172,1.0961227,2,0.5,0.5,0.5,0.5,0.5,1)
Previsao ETA40_LIMITES
[13] (0.048947368,0.02,0.23263158,2.7152632,8.4278947,1.53,8.2610526,15.632632,24,2.7963158,6.3664737,6.3664737,6.3664737)
Previsao PMEDIA_ORIG
[13] (0.2,0,0.3,1.7,4.3,2,3.7,5.2,5,3,2.8,3.5,2.6416667)
Previsao PRECMEDIA_ETA40.GEFS
[13] (0.26,0.02,0.18,1.45,3.53,1.68,3.64,5.04,5.82,3.12,2.474,2.474,2.474)
Previsao PRECZERADA_ETA40
[13] (0,0,0,0,0,0,0,0,0,0,0,0,0)


Tempo de execucao em: 49 s

Finalizando execucao: 12-02-2020 13:24:19

