ONS-Operador Nacional Do Sistema Eletrico
Modelo Computacional SMAP
Versao: 3.0.0 Data: 23/09/2019

Iniciando execucao: 02-03-2020 13:07:05

Parametros
   Amplitude inicial: 0.5
   somacoef alvo: 2 (nao e necessario multiplicar por 100)
   Limite de iteracoes: 10000
   Particulas: 24
   Pulso inicial: 0.1
   Uso de pesos: on
   Gerar graficos: off
   Semente: 9952

Sub bacia: CanoasI
cef: 0.96515742
dm: 0.042236453
ebin: 37.432
mape: 0.023872835
*somacoef: 1.9412846
supin: 37.121013
Iteracoes: 10000
Iteracao otima: 8876
Tempo: 9.233 s

Qcal
[34](0,0,0,74.553013,101.26473,130.02061,158.68605,192.55018,202.7641,198.18777,190.94887,178.46669,162.54247,189.42894,259.67605,301.49699,302.50207,273.50307,238.46318,212.65106,189.4691,170.53514,155.00641,145.85358,146.33471,146.6354,150.95704,151.19643,140.97378,191.65539,211.81777,200.95466,182.08509,163.69176)
Rsolo
[34](0,0,317.16,324.4136,332.47935,341.89843,352.61876,354.11373,352.08953,350.6332,348.26145,345.3249,353.09987,359.76959,359.60901,356.34332,350.67085,342.61788,338.73944,334.90491,331.42434,328.05178,327.73163,330.15311,332.59528,336.02842,338.70787,338.28429,348.1773,353.00452,348.67865,344.43901,342.91705,339.37815)
Rsub
[34](0,0,92.352207,92.112767,91.873947,91.635746,91.398163,97.456621,104.65543,110.27255,114.7614,117.44419,117.93157,124.29223,135.8814,147.31201,156.1234,160.52205,160.10586,159.69076,159.27673,158.86377,158.45189,158.04107,157.63132,157.22263,156.815,156.40843,156.00291,158.51556,164.69739,167.56463,167.26907,166.83539)
Rsup
[34](0,0,1.1510032,1.9822568,2.8768857,4.0390605,5.3437856,5.4093118,4.8454826,4.2780238,3.5860535,2.9006445,4.0443293,6.81727,7.9976424,7.3604196,5.6153981,3.9168209,2.919444,2.3171642,1.8391345,1.459722,1.2715034,1.3759353,1.4691105,1.6816784,1.762738,1.5148023,3.2041311,4.0584129,3.4490117,2.7286486,2.2163777,1.7591402)
Peso chuva 
[34](2,1.9259977,0.69412788,0.72776736,0.99813589,0.91461037,0.85030127,1.0631195,1.5374076,1.3867838,0.97678635,1.1719733,0.75671742,0.77174372,1.2171858,2,1.4261129,0.5,1.4116755,0.71894158,0.5,0.5,0.5,0.73155872,0.84258997,1.0438346,1.4808745,2,0.77937896,0.50308787,0.5,0.5,0.5,1)
Previsao ETA40_LIMITES
[13] (2.94,0.82666667,0.10444444,0.022222222,0,0,0,0,0.0077777778,0,0.39011111,0.39011111,0.39011111)
Previsao PMEDIA_ORIG
[13] (1.9,0.7,0.8,0.2,0.2,0.3,0.6,0.6,0.2,0.4,0.8,0.7,0.61666667)
Previsao PRECMEDIA_ETA40.GEFS
[13] (2.13,0.9,0.88,0.2,0.1,0.36,0.84,0.51,0.29,0.33,0.654,0.654,0.654)
Previsao PRECZERADA_ETA40
[13] (0,0,0,0,0,0,0,0,0,0,0,0,0)


Sub bacia: Capivara
cef: 0.95675644
dm: 0.051571959
ebin: 163.58817
mape: 0.02810092
*somacoef: 1.9286555
supin: 5.0961989
Iteracoes: 10000
Iteracao otima: 9960
Tempo: 8.181 s

Qcal
[33](0,0,168.68437,207.04717,251.10099,283.493,320.80777,431.39789,412.70515,335.88091,282.47674,267.31292,263.76916,261.54597,249.73985,233.70916,210.90931,194.71321,183.04571,174.48226,168.20714,169.31218,178.184,239.93415,283.62605,317.17392,282.68862,242.67745,230.34365,276.00703,298.97318,283.40201,242.66427)
Rsolo
[33](0,56.468,58.259453,61.434638,64.603383,68.348633,74.953177,77.07229,74.30861,71.915321,71.602212,71.906543,72.202045,71.658253,70.748614,68.142571,65.658558,63.383125,61.290922,59.488107,58.825346,58.668407,62.458405,66.139743,69.667223,69.163729,67.339018,66.98058,70.242646,72.723836,72.978905,70.467368,67.961785)
Rsub
[33](0,77.339738,76.835654,76.334855,75.83732,75.414251,75.183318,75.337319,75.62672,75.73763,75.703813,75.65199,75.618219,75.601995,75.554088,75.454273,75.212132,74.844438,74.370521,73.88579,73.404218,72.925784,72.450469,71.978252,71.655566,71.520638,71.358989,71.101437,70.827085,70.729551,70.776097,70.83759,70.752613)
Rsup
[33](0,0.051373421,0.44884702,0.90362017,1.2407642,1.6259453,2.7456989,2.5539786,1.7733633,1.2326451,1.0805038,1.0458851,1.0241938,0.90552534,0.74494584,0.51723494,0.35912945,0.24935276,0.173132,0.12020997,0.14161797,0.24125388,0.87387562,1.3243909,1.6694586,1.3246985,0.9248034,0.80596134,1.2721316,1.5057269,1.3477656,0.93578815,0.64974165)
Peso chuva 
[33](0.5,1.9571327,1.3639625,1.2024961,0.89722318,0.71203518,1.0429595,1.369328,0.5,0.5,2,1.5474438,1.2939363,0.99187253,1.435731,0.5,2,0.55172829,0.5,0.5,2,1.0727563,1.5740003,1.2194287,1.3390288,0.99608576,0.5,0.8829093,0.86934929,0.66057467,0.81863117,0.62828926,1)
Previsao ETA40_LIMITES
[13] (0.576,2.8233333,0.51133333,0.066666667,0.266,0.072,0,0.022,0.027333333,0,0.43646667,0.43646667,0.43646667)
Previsao PMEDIA_ORIG
[13] (1.3,4.3,0.8,0.2,0.3,0.2,0.3,0.3,0.2,0.5,0.7,0.6,0.80833333)
Previsao PRECMEDIA_ETA40.GEFS
[13] (1.33,3.27,0.66,0.21,0.24,0.16,0.31,0.27,0.22,0.48,0.715,0.715,0.715)
Previsao PRECZERADA_ETA40
[13] (0,0,0,0,0,0,0,0,0,0,0,0,0)


Sub bacia: Chavantes
cef: 0.9661067
dm: 0.043433061
ebin: 57.203787
mape: 0.027160173
*somacoef: 1.9389465
supin: 0.057781929
Iteracoes: 10000
Iteracao otima: 9562
Tempo: 8.431 s

Qcal
[34](0,0,0,57.261568,72.38694,82.931483,93.429783,99.522945,137.73909,127.07388,105.18449,89.279353,79.931297,92.612679,108.87488,105.79732,89.970846,78.518507,70.601272,65.14344,61.360289,58.718127,56.852562,56.180647,69.141916,94.190253,118.07694,115.87329,99.31,94.394308,95.547088,96.206424,105.26025,88.314436)
Rsolo
[34](0,0,116.4304,118.9964,121.57829,124.6678,127.47664,134.25135,136.28564,134.96135,133.07885,132.05244,134.99357,138.83721,140.26083,138.30734,135.90424,133.69794,131.50591,128.79329,126.22618,123.80373,122.478,124.64758,129.24466,134.41792,136.98185,136.43733,137.37449,139.0631,140.53187,143.09664,140.50988,137.4235)
Rsub
[34](0,0,125.12955,124.6292,124.13086,123.63451,123.14014,122.64775,122.15733,121.68288,121.19632,120.7117,120.22902,119.74827,119.48424,119.33649,119.0318,118.55584,118.08178,117.60962,117.13934,116.67095,116.20443,115.73977,115.27697,114.81602,114.35692,113.96771,113.53774,113.18254,112.96289,112.86342,112.97851,112.87717)
Rsup
[34](0,0,0.0015813325,0.42178102,0.716591,1.0101105,1.1830487,2.2350798,1.949338,1.3562215,0.92702912,0.67726166,1.0303551,1.4814215,1.4005004,0.96922191,0.65961488,0.44889675,0.3054619,0.20783475,0.14140972,0.096214468,0.083662727,0.44419039,1.1354846,1.7949645,1.7404005,1.2919783,1.1628287,1.1988211,1.2196134,1.4686362,1.0034359,0.68273279)
Peso chuva 
[34](1.9592631,2,1.9418837,0.69654632,0.71631938,0.72963005,0.50487027,1.3683236,2,2,2,2,2,0.80666731,0.53081136,0.5,1.0293491,0.99524401,1.5624481,2,2,2,0.5,0.5,0.712402,1.1131836,1.0385308,2,0.96737126,0.53522104,0.5,1.4849902,2,1)
Previsao ETA40_LIMITES
[13] (3.185,6.285,0.65,0.0175,0.65,0.0375,0,0.0175,0,0,1.08425,1.08425,1.08425)
Previsao PMEDIA_ORIG
[13] (1.8,1.7,0.9,0.3,0.2,0.3,0.4,0.5,0.2,0.3,0.7,0.7,0.66666667)
Previsao PRECMEDIA_ETA40.GEFS
[13] (2.19,3.04,0.98,0.28,0.34,0.28,0.54,0.5,0.28,0.36,0.879,0.879,0.879)
Previsao PRECZERADA_ETA40
[13] (0,0,0,0,0,0,0,0,0,0,0,0,0)


Sub bacia: Jurumirim
cef: 0.99627651
dm: 0.0088710097
ebin: 83.441642
mape: 0.0080517348
*somacoef: 1.9882248
supin: 29.416606
Iteracoes: 10000
Iteracao otima: 9891
Tempo: 8.683 s

Qcal
[34](0,0,0,112.85825,112.7718,112.99519,143.42808,192.60977,295.45062,387.30546,438.94812,419.66342,359.0857,299.73094,305.03111,302.53406,310.73723,330.49885,305.07675,263.58093,232.10698,208.2431,190.07625,176.19859,177.08332,205.75509,233.62046,237.0864,222.05408,203.88663,188.66423,182.51825,199.1826,202.7082)
Rsolo
[34](0,0,44.076,44.075324,44.163506,48.158448,53.648719,61.640245,68.609772,73.395404,74.582367,72.093717,67.620894,69.271355,70.144527,71.443117,73.19081,71.848691,67.044756,63.157941,59.488372,56.257928,53.365008,53.372154,56.429169,59.506411,60.613727,59.301473,57.102253,54.655136,53.483434,55.389523,56.001353,53.20867)
Rsub
[34](0,0,51.941753,51.924413,51.907171,51.895052,52.126781,52.748119,54.05108,56.055551,58.594048,61.256841,63.60059,65.423601,67.412864,69.48452,71.688645,74.081351,76.296955,77.959887,79.213256,80.112451,80.725587,81.103231,81.478494,82.095258,82.973717,83.946271,84.791985,85.439577,85.881309,86.228045,86.722569,87.263227)
Rsup
[34](0,0,0.58668106,0.5855124,0.59052016,1.1978582,2.1713073,4.2024452,5.9926413,6.9583752,6.4924332,5.1989663,3.9401117,3.9874106,3.8738762,3.9711059,4.2946116,3.7109373,2.8123645,2.1313738,1.6152793,1.2241528,0.92773432,0.93328003,1.4930831,2.0290662,2.0700459,1.7390836,1.3496587,1.0253171,0.88858988,1.2098326,1.2643027,0.95816231)
Peso chuva 
[34](0.5,0.5,0.5,1.0412571,0.95568447,0.75025519,0.58257028,0.80602707,0.63232576,0.8090161,2,2,0.5,1.551326,1.0805645,1.1618443,1.1107521,1.6536341,0.50233557,1.1790938,0.5,0.55938653,1.0076676,0.89794699,1.2503669,0.84244947,0.52776465,0.84591128,0.5,0.5,0.78135112,1.3090956,0.9265125,1)
Previsao ETA40_LIMITES
[13] (12.128,7.731,0.491,0.107,0.872,0.015,0,0.09,0.017,0,2.1451,2.1451,2.1451)
Previsao PMEDIA_ORIG
[13] (9.4,1.4,0.8,0.5,0.4,0.5,0.7,1.2,0.4,0.5,0.8,0.8,1.45)
Previsao PRECMEDIA_ETA40.GEFS
[13] (7.13,3.51,1.11,0.59,0.53,0.46,0.88,1.21,0.41,0.46,1.629,1.629,1.629)
Previsao PRECZERADA_ETA40
[13] (0,0,0,0,0,0,0,0,0,0,0,0,0)


Sub bacia: Maua
cef: 0.97860594
dm: 0.028318888
ebin: 38.260645
mape: 0.018554072
*somacoef: 1.9600519
supin: 51.357086
Iteracoes: 10000
Iteracao otima: 9995
Tempo: 8.634 s

Qcal
[34](0,0,0,89.617731,91.122885,110.58719,169.54953,160.06814,150.39295,142.46669,134.48245,131.14047,124.04015,117.41154,111.18434,105.43439,100.11322,95.177167,90.593172,86.330593,82.362107,80.217739,76.700098,79.606428,77.510792,80.321167,77.033977,73.735224,70.653665,95.704068,116.34665,111.77372,105.80125,100.27649)
Rsolo
[34](0,0,97.713,99.73622,107.30894,120.3465,119.10952,116.94254,115.79117,114.08101,114.80868,113.00104,111.09041,108.82929,106.31727,103.64354,101.05202,98.52035,96.070395,93.705019,93.442051,91.844364,94.486866,94.132261,96.653503,95.407037,93.222838,91.06101,100.15469,108.00254,107.51083,104.99502,102.33952,99.922635)
Rsub
[34](0,0,18.688621,18.643985,18.624735,18.706495,18.989275,19.248101,19.468461,19.667836,19.838028,20.017632,20.167143,20.286061,20.370437,20.418257,20.429117,20.406004,20.351463,20.26817,20.158675,20.04749,19.919997,19.823347,19.723779,19.654572,19.571548,19.464662,19.335438,19.313499,19.397187,19.472928,19.512861,19.516911)
Rsup
[34](0,0,3.3885698,3.4939102,4.7807763,8.6601013,7.9963155,7.3229792,6.7702337,6.216497,5.9730019,5.4802579,5.0227026,4.5957647,4.2049826,3.847429,3.5202785,3.2209459,2.9470659,2.6964741,2.5697782,2.352701,2.561684,2.4364684,2.6353482,2.4278059,2.2213673,2.0324824,3.7027778,5.0677504,4.7547217,4.3504233,3.9805027,3.6420368)
Peso chuva 
[34](0.79682674,2,2,1.8533911,1.4207193,0.96434304,0.5,0.60565556,0.87233407,2,1.062609,0.78636081,2,2,2,2,2,2,2,2,2,2,0.73037684,1.5855437,1.5409479,2,2,2,1.1278741,1.4095329,2,2,2,1)
Previsao ETA40_LIMITES
[13] (2.505,9.137,1.02,0.024,0.073,0.089,0.097,0.016,0,0.008,1.2969,1.2969,1.2969)
Previsao PMEDIA_ORIG
[13] (2.8,3.1,0.6,0.3,0.3,0.2,0.4,0.2,0.2,0.8,0.8,0.4,0.84166667)
Previsao PRECMEDIA_ETA40.GEFS
[13] (2.67,5.26,0.77,0.23,0.21,0.19,0.3,0.23,0.29,0.75,1.09,1.09,1.09)
Previsao PRECZERADA_ETA40
[13] (0,0,0,0,0,0,0,0,0,0,0,0,0)


Sub bacia: Rosana
cef: 0.98368659
dm: 0.030817702
ebin: 136.11934
mape: 0.026145811
*somacoef: 1.9575408
supin: 17.704599
Iteracoes: 10000
Iteracao otima: 9729
Tempo: 8.449 s

Qcal
[34](0,0,0,153.82394,160.97401,164.22919,218.81647,364.77191,343.3538,289.86592,249.6496,208.27679,176.1132,160.39129,152.84172,149.33466,147.80917,147.23823,147.11117,147.17548,147.30734,147.44707,163.25784,166.89092,176.13755,199.45559,187.37324,173.57539,161.26284,166.03458,241.77397,346.2177,271.3758,213.1481)
Rsolo
[34](0,0,163.9524,163.20364,162.82683,167.80761,178.67138,183.96174,185.88191,186.42659,184.26329,179.28378,174.44016,169.81356,165.41844,161.24821,157.27781,153.50333,149.90827,146.48241,143.37246,144.10294,144.01185,145.18901,148.63466,148.72463,147.28948,144.33534,144.1427,151.58037,162.29273,163.14478,160.5349,156.67004)
Rsub
[34](0,0,264.09245,265.14177,266.16078,267.16323,268.34796,269.96015,271.79111,273.70022,275.62785,277.45611,279.06847,280.47879,281.70337,282.7581,283.6576,284.41468,285.04126,285.54798,285.94454,286.24446,286.56572,286.88331,287.23607,287.69585,288.15722,288.57184,288.89374,289.20888,289.75849,290.67624,291.6224,292.47185)
Rsup
[34](0,0,0.19021106,0.26121787,0.29054752,0.87146006,2.432986,2.1939509,1.6091598,1.1665203,0.71135325,0.35567662,0.17783831,0.088919156,0.044459578,0.022229789,0.011114894,0.0055574472,0.0027787236,0.0013893618,0.00069468091,0.16889833,0.20615174,0.30373509,0.55230141,0.41994739,0.2691541,0.13457705,0.18406019,0.99602852,2.1150863,1.3059331,0.67511889,0.33755944)
Peso chuva 
[34](0.5,1.7307275,1.0988774,0.9625645,0.80868707,0.77852195,0.71724724,0.57861638,1.008691,1.5744846,2,0.5,0.5,0.5,0.5,0.5,0.5,0.5,0.5,0.5,0.5,1.9972265,1.4667577,1.2980122,0.80821914,0.69460572,1.7892763,0.5,1.0581452,0.53986663,0.5721847,0.5,0.5,1)
Previsao ETA40_LIMITES
[13] (0.13125,0.605,0,0,0.14125,0,0,0.18,0.02625,0,0.108375,0.108375,0.108375)
Previsao PMEDIA_ORIG
[13] (1.8,2,0.1,0.2,0.1,0.1,0.2,0.3,0.3,0.7,0.4,0.3,0.54166667)
Previsao PRECMEDIA_ETA40.GEFS
[13] (1.76,1.37,0.05,0.13,0.09,0.07,0.18,0.34,0.23,0.61,0.483,0.483,0.483)
Previsao PRECZERADA_ETA40
[13] (0,0,0,0,0,0,0,0,0,0,0,0,0)


Tempo de execucao em: 52 s

Finalizando execucao: 02-03-2020 13:07:57

