00086097 12/01/2020 1200 0       
00086097 13/01/2020 1200 0       
00086097 14/01/2020 1200 57      
00086097 15/01/2020 1200 2       
00086097 16/01/2020 1200 0       
00086097 17/01/2020 1200 0       
00086097 18/01/2020 0000 -       
00086097 19/01/2020 1200 0       
00086097 20/01/2020 1200 0       
00086097 21/01/2020 1200 0       
00086097 22/01/2020 1200 17      
00086097 23/01/2020 1200 26      
00086097 24/01/2020 1200 0       
00086097 25/01/2020 1200 0       
00086097 26/01/2020 1200 0       
00086097 27/01/2020 1200 0       
00086097 28/01/2020 1200 0.5     
00086097 29/01/2020 1200 0       
00086097 30/01/2020 1200 2       
00086097 31/01/2020 1200 27      
00086097 01/02/2020 0000 -       
00086097 02/02/2020 1200 19      
00086097 03/02/2020 0000 -       
00086097 04/02/2020 1200 0.1     
00086097 05/02/2020 1200 7       
00086097 06/02/2020 1200 7       
00086097 07/02/2020 1200 0       
00086097 08/02/2020 1200 2       
00086097 09/02/2020 1200 3       
00086097 10/02/2020 0000 -       
00086097 11/02/2020 1200 2       
00086097 12/02/2020 1200 23      
00086097 13/02/2020 1200 0       
00086097 14/02/2020 0000 -       
00086097 15/02/2020 1200 0       
00086097 16/02/2020 1200 0       
00086097 17/02/2020 0000 -       
00086097 18/02/2020 1200 0       
00086097 19/02/2020 1200 12      
00086097 20/02/2020 1200 0.3     
00086097 21/02/2020 1200 11      
00086097 22/02/2020 0000 -       
00086097 23/02/2020 1200 0       
00086097 24/02/2020 0000 -       
00086097 25/02/2020 1200 0       
00086097 26/02/2020 1200 68      
00086097 27/02/2020 1200 1       
00086097 28/02/2020 1200 0       
00086097 29/02/2020 1200 0       
00086097 01/03/2020 1200 0       
00086097 02/03/2020 1200 0       
