02253018 12/01/2020 1000 8.5     
02253018 13/01/2020 1000 0.5     
02253018 14/01/2020 1000 0.8     
02253018 15/01/2020 1000 0.5     
02253018 16/01/2020 1000 0       
02253018 17/01/2020 1000 0       
02253018 18/01/2020 1000 0.3     
02253018 19/01/2020 1000 0       
02253018 20/01/2020 1000 0       
02253018 21/01/2020 1000 0       
02253018 22/01/2020 1000 0       
02253018 23/01/2020 1000 23.5    
02253018 24/01/2020 1000 0       
02253018 25/01/2020 1000 0       
02253018 26/01/2020 1000 0       
02253018 27/01/2020 1000 0       
02253018 28/01/2020 1000 0       
02253018 29/01/2020 1000 0       
02253018 30/01/2020 1000 38.5    
02253018 31/01/2020 1000 6       
02253018 01/02/2020 1000 0.3     
02253018 02/02/2020 1000 19.8    
02253018 03/02/2020 1000 8.8     
02253018 04/02/2020 1000 0       
02253018 05/02/2020 1000 0       
02253018 06/02/2020 1000 4.5     
02253018 07/02/2020 1000 0       
02253018 08/02/2020 1000 4.8     
02253018 09/02/2020 1000 0       
02253018 10/02/2020 1000 3.3     
02253018 11/02/2020 1000 11.3    
02253018 12/02/2020 1000 0       
02253018 13/02/2020 1000 0       
02253018 14/02/2020 1000 0       
02253018 15/02/2020 1000 0       
02253018 16/02/2020 1000 0       
02253018 17/02/2020 1000 0       
02253018 18/02/2020 1000 0.8     
02253018 19/02/2020 1000 2.8     
02253018 20/02/2020 1000 0.3     
02253018 21/02/2020 1000 19.3    
02253018 22/02/2020 1000 0       
02253018 23/02/2020 1000 0       
02253018 24/02/2020 1000 0       
02253018 25/02/2020 1000 0       
02253018 26/02/2020 1000 65.3    
02253018 27/02/2020 1000 22      
02253018 28/02/2020 1000 0       
02253018 29/02/2020 1000 0       
02253018 01/03/2020 1000 0       
02253018 02/03/2020 1000 0       
