02253000 12/01/2020 1100 0       
02253000 13/01/2020 1100 4.8     
02253000 14/01/2020 1100 4.3     
02253000 15/01/2020 1100 7.8     
02253000 16/01/2020 1100 0       
02253000 17/01/2020 1100 0       
02253000 18/01/2020 1100 0       
02253000 19/01/2020 1100 0       
02253000 20/01/2020 1100 0       
02253000 21/01/2020 1100 0       
02253000 22/01/2020 1100 0       
02253000 23/01/2020 1100 7       
02253000 24/01/2020 1100 1       
02253000 25/01/2020 1100 0       
02253000 26/01/2020 1100 0       
02253000 27/01/2020 1100 0       
02253000 28/01/2020 1100 0       
02253000 29/01/2020 1100 0       
02253000 30/01/2020 1100 16.3    
02253000 31/01/2020 1100 4.8     
02253000 01/02/2020 1100 0.3     
02253000 02/02/2020 1100 121.3   
02253000 03/02/2020 0000 -       
02253000 04/02/2020 1100 1       
02253000 05/02/2020 1100 0       
02253000 06/02/2020 1100 46      
02253000 07/02/2020 1100 0.3     
02253000 08/02/2020 1100 0       
02253000 09/02/2020 1100 0       
02253000 10/02/2020 1100 0       
02253000 11/02/2020 1100 3.8     
02253000 12/02/2020 1100 0       
02253000 13/02/2020 1100 0       
02253000 14/02/2020 1100 0       
02253000 15/02/2020 1100 0       
02253000 16/02/2020 1100 0       
02253000 17/02/2020 1100 0       
02253000 18/02/2020 1100 0       
02253000 19/02/2020 1100 0       
02253000 20/02/2020 1100 0.3     
02253000 21/02/2020 1100 0.3     
02253000 22/02/2020 1100 0       
02253000 23/02/2020 1100 0       
02253000 24/02/2020 1100 0       
02253000 25/02/2020 1100 0       
02253000 26/02/2020 1100 74.3    
02253000 27/02/2020 1100 28.5    
02253000 28/02/2020 1100 0       
02253000 29/02/2020 1100 0       
02253000 01/03/2020 1100 0       
02253000 02/03/2020 1100 0       
