02454031 12/01/2020 1000 32      
02454031 13/01/2020 1000 0       
02454031 14/01/2020 1000 42.3    
02454031 15/01/2020 1000 5.3     
02454031 16/01/2020 1000 0       
02454031 17/01/2020 1000 19      
02454031 18/01/2020 1000 0       
02454031 19/01/2020 1000 0       
02454031 20/01/2020 1000 0       
02454031 21/01/2020 1000 0       
02454031 22/01/2020 1000 15.8    
02454031 23/01/2020 1000 17.3    
02454031 24/01/2020 1000 0       
02454031 25/01/2020 1000 0.3     
02454031 26/01/2020 1000 0       
02454031 27/01/2020 1000 0       
02454031 28/01/2020 1000 0       
02454031 29/01/2020 1000 0       
02454031 30/01/2020 1000 17.3    
02454031 31/01/2020 1000 32      
02454031 01/02/2020 1000 0       
02454031 02/02/2020 1000 0       
02454031 03/02/2020 1000 22.8    
02454031 04/02/2020 1000 0       
02454031 05/02/2020 1000 0       
02454031 06/02/2020 1000 0       
02454031 07/02/2020 1000 0       
02454031 08/02/2020 1000 5       
02454031 09/02/2020 1000 17      
02454031 10/02/2020 1000 0       
02454031 11/02/2020 1000 6.3     
02454031 12/02/2020 1000 0.5     
02454031 13/02/2020 1000 0       
02454031 14/02/2020 1000 0       
02454031 15/02/2020 1000 0       
02454031 16/02/2020 1000 0       
02454031 17/02/2020 1000 1.8     
02454031 18/02/2020 1000 0       
02454031 19/02/2020 1000 4       
02454031 20/02/2020 1000 0       
02454031 21/02/2020 1000 0       
02454031 22/02/2020 1000 0       
02454031 23/02/2020 1000 0       
02454031 24/02/2020 1000 0       
02454031 25/02/2020 1000 0       
02454031 26/02/2020 1000 5.3     
02454031 27/02/2020 1000 0.3     
02454031 28/02/2020 1000 0       
02454031 29/02/2020 1000 0       
02454031 01/03/2020 1000 0       
02454031 02/03/2020 1000 0       
