02452009 12/01/2020 1000 28.5    
02452009 13/01/2020 1000 2.8     
02452009 14/01/2020 1000 0.5     
02452009 15/01/2020 1000 0.3     
02452009 16/01/2020 1000 0.8     
02452009 17/01/2020 1000 3.8     
02452009 18/01/2020 1000 0       
02452009 19/01/2020 1000 0       
02452009 20/01/2020 1000 0       
02452009 21/01/2020 1000 0       
02452009 22/01/2020 1000 0       
02452009 23/01/2020 1000 0.3     
02452009 24/01/2020 1000 0.5     
02452009 25/01/2020 1000 0       
02452009 26/01/2020 1000 0       
02452009 27/01/2020 1000 0       
02452009 28/01/2020 1000 0       
02452009 29/01/2020 1000 3.5     
02452009 30/01/2020 1000 15      
02452009 31/01/2020 1000 6       
02452009 01/02/2020 1000 0       
02452009 02/02/2020 1000 11      
02452009 03/02/2020 1000 5       
02452009 04/02/2020 1000 0       
02452009 05/02/2020 1000 0       
02452009 06/02/2020 1000 21.5    
02452009 07/02/2020 0000 -       
02452009 08/02/2020 1000 0       
02452009 09/02/2020 1000 2.3     
02452009 10/02/2020 1000 2.8     
02452009 11/02/2020 1000 6.5     
02452009 12/02/2020 1000 0       
02452009 13/02/2020 1000 0       
02452009 14/02/2020 1000 0       
02452009 15/02/2020 1000 0       
02452009 16/02/2020 1000 0       
02452009 17/02/2020 1000 0       
02452009 18/02/2020 1000 0       
02452009 19/02/2020 1000 20      
02452009 20/02/2020 1000 8.3     
02452009 21/02/2020 1000 0       
02452009 22/02/2020 1000 0       
02452009 23/02/2020 1000 0       
02452009 24/02/2020 1000 0       
02452009 25/02/2020 1000 0       
02452009 26/02/2020 1000 64.5    
02452009 27/02/2020 1000 1.8     
02452009 28/02/2020 1000 0       
02452009 29/02/2020 1000 0       
02452009 01/03/2020 1000 0       
02452009 02/03/2020 1000 0       
