99990752 12/01/2020 1200 5.8     
99990752 13/01/2020 1200 0       
99990752 14/01/2020 1200 51.8    
99990752 15/01/2020 1200 1.2     
99990752 16/01/2020 1200 0       
99990752 17/01/2020 1200 8.6     
99990752 18/01/2020 1200 0       
99990752 19/01/2020 1200 0       
99990752 20/01/2020 1200 0       
99990752 21/01/2020 1200 0       
99990752 22/01/2020 1200 0.4     
99990752 23/01/2020 1200 2.4     
99990752 24/01/2020 1200 0.4     
99990752 25/01/2020 1200 0       
99990752 26/01/2020 1200 0       
99990752 27/01/2020 1200 0       
99990752 28/01/2020 1200 0       
99990752 29/01/2020 1200 15.6    
99990752 30/01/2020 1200 48.4    
99990752 31/01/2020 1200 4.8     
99990752 01/02/2020 1200 0       
99990752 02/02/2020 1200 2.4     
99990752 03/02/2020 1200 3.4     
99990752 04/02/2020 1200 0       
99990752 05/02/2020 1200 0       
99990752 06/02/2020 1200 35.2    
99990752 07/02/2020 1200 0       
99990752 08/02/2020 1200 0       
99990752 09/02/2020 1200 0.2     
99990752 10/02/2020 1200 0       
99990752 11/02/2020 1200 52.2    
99990752 12/02/2020 1200 0       
99990752 13/02/2020 1200 0       
99990752 14/02/2020 1200 0       
99990752 15/02/2020 1200 0       
99990752 16/02/2020 1200 0       
99990752 17/02/2020 1200 0.4     
99990752 18/02/2020 1200 0       
99990752 19/02/2020 1200 8       
99990752 20/02/2020 1200 1.8     
99990752 21/02/2020 1200 0       
99990752 22/02/2020 1200 0       
99990752 23/02/2020 1200 0       
99990752 24/02/2020 1200 0       
99990752 25/02/2020 1200 14      
99990752 26/02/2020 1200 9.4     
99990752 27/02/2020 1200 5.6     
99990752 28/02/2020 1200 0       
99990752 29/02/2020 1200 0       
99990752 01/03/2020 1200 0       
99990752 02/03/2020 1200 0       
