99990824 12/01/2020 1200 8.6     
99990824 13/01/2020 1200 0       
99990824 14/01/2020 1200 33      
99990824 15/01/2020 1200 37.2    
99990824 16/01/2020 1200 0       
99990824 17/01/2020 1200 1.2     
99990824 18/01/2020 1200 0       
99990824 19/01/2020 1200 0       
99990824 20/01/2020 1200 0       
99990824 21/01/2020 1200 0       
99990824 22/01/2020 1200 0       
99990824 23/01/2020 1200 2.6     
99990824 24/01/2020 1200 0.2     
99990824 25/01/2020 1200 0       
99990824 26/01/2020 1200 0       
99990824 27/01/2020 1200 0       
99990824 28/01/2020 1200 0       
99990824 29/01/2020 1200 0       
99990824 30/01/2020 1200 26.6    
99990824 31/01/2020 1200 16      
99990824 01/02/2020 1200 0       
99990824 02/02/2020 1200 5.2     
99990824 03/02/2020 1200 9.6     
99990824 04/02/2020 1200 0       
99990824 05/02/2020 1200 0       
99990824 06/02/2020 1200 24.6    
99990824 07/02/2020 1200 0       
99990824 08/02/2020 1200 0       
99990824 09/02/2020 1200 0.2     
99990824 10/02/2020 1200 0       
99990824 11/02/2020 1200 32.6    
99990824 12/02/2020 1200 0       
99990824 13/02/2020 1200 0       
99990824 14/02/2020 0000 -       
99990824 15/02/2020 1200 0       
99990824 16/02/2020 1200 0       
99990824 17/02/2020 1200 0       
99990824 18/02/2020 1200 0       
99990824 19/02/2020 1200 6.6     
99990824 20/02/2020 1200 0.2     
99990824 21/02/2020 1200 0.2     
99990824 22/02/2020 1200 0       
99990824 23/02/2020 1200 0       
99990824 24/02/2020 1200 0       
99990824 25/02/2020 1200 0       
99990824 26/02/2020 1200 21.2    
99990824 27/02/2020 1200 15.8    
99990824 28/02/2020 1200 0       
99990824 29/02/2020 1200 0       
99990824 01/03/2020 1200 0       
99990824 02/03/2020 1200 0       
