99999803 12/01/2020 1200 0       
99999803 13/01/2020 1200 0       
99999803 14/01/2020 1200 0       
99999803 15/01/2020 1200 0.4     
99999803 16/01/2020 1200 0       
99999803 17/01/2020 1200 6       
99999803 18/01/2020 1200 0.4     
99999803 19/01/2020 1200 0       
99999803 20/01/2020 1200 0       
99999803 21/01/2020 1200 0       
99999803 22/01/2020 1200 0       
99999803 23/01/2020 1200 0       
99999803 24/01/2020 1200 0.2     
99999803 25/01/2020 1200 0       
99999803 26/01/2020 1200 0       
99999803 27/01/2020 1200 0       
99999803 28/01/2020 1200 0       
99999803 29/01/2020 1200 0       
99999803 30/01/2020 1200 0       
99999803 31/01/2020 1200 0.2     
99999803 01/02/2020 1200 0       
99999803 02/02/2020 1200 0.4     
99999803 03/02/2020 1200 8.8     
99999803 04/02/2020 1200 0       
99999803 05/02/2020 1200 0       
99999803 06/02/2020 1200 7       
99999803 07/02/2020 1200 33.4    
99999803 08/02/2020 1200 2.4     
99999803 09/02/2020 1200 0       
99999803 10/02/2020 1200 0       
99999803 11/02/2020 1200 0       
99999803 12/02/2020 1200 0       
99999803 13/02/2020 1200 0       
99999803 14/02/2020 1200 0       
99999803 15/02/2020 1200 0       
99999803 16/02/2020 1200 0       
99999803 17/02/2020 1200 0       
99999803 18/02/2020 1200 0       
99999803 19/02/2020 1200 0       
99999803 20/02/2020 1200 0.2     
99999803 21/02/2020 1200 0       
99999803 22/02/2020 1200 0       
99999803 23/02/2020 1200 0       
99999803 24/02/2020 1200 0       
99999803 25/02/2020 1200 0       
99999803 26/02/2020 1200 1.8     
99999803 27/02/2020 1200 0.4     
99999803 28/02/2020 1200 0       
99999803 29/02/2020 1200 0       
99999803 01/03/2020 1200 0       
99999803 02/03/2020 1200 0       
