02552056 08/02/2020 1000 13      
02552056 09/02/2020 1000 0.2     
02552056 10/02/2020 1000 0.6     
02552056 11/02/2020 1000 16.4    
02552056 12/02/2020 1000 0       
02552056 13/02/2020 1000 0       
02552056 14/02/2020 1000 0       
02552056 15/02/2020 1000 0       
02552056 16/02/2020 1000 0       
02552056 17/02/2020 1000 0       
02552056 18/02/2020 1000 0       
02552056 19/02/2020 1000 3       
02552056 20/02/2020 1000 0       
02552056 21/02/2020 1000 0       
02552056 22/02/2020 1000 0       
02552056 23/02/2020 1000 0       
02552056 24/02/2020 1000 0       
02552056 25/02/2020 1000 0       
02552056 26/02/2020 1000 87.4    
02552056 27/02/2020 1000 0       
02552056 28/02/2020 1000 0       
02552056 29/02/2020 1000 0       
02552056 01/03/2020 1000 0       
02552056 02/03/2020 1000 0       
02552056 03/03/2020 1000 0       
02552056 04/03/2020 1000 0       
02552056 05/03/2020 1000 0       
02552056 06/03/2020 1000 0       
02552056 07/03/2020 1000 0       
02552056 08/03/2020 1000 0       
02552056 09/03/2020 1000 0       
02552056 10/03/2020 1000 0       
02552056 11/03/2020 1000 0       
02552056 12/03/2020 1000 0       
02552056 13/03/2020 1000 0       
02552056 14/03/2020 1000 0       
02552056 15/03/2020 1000 0       
02552056 16/03/2020 1000 0       
02552056 17/03/2020 1000 0       
02552056 18/03/2020 1000 14.4    
02552056 19/03/2020 1000 25.4    
02552056 20/03/2020 1000 0       
02552056 21/03/2020 1000 0       
02552056 22/03/2020 1000 0       
02552056 23/03/2020 1000 0       
02552056 24/03/2020 1000 0       
02552056 25/03/2020 1000 0.0