02551069 08/02/2020 1000 0.2     
02551069 09/02/2020 1000 0       
02551069 10/02/2020 1000 0       
02551069 11/02/2020 1000 0       
02551069 12/02/2020 1000 0       
02551069 13/02/2020 1000 0       
02551069 14/02/2020 1000 0       
02551069 15/02/2020 1000 0       
02551069 16/02/2020 1000 0       
02551069 17/02/2020 1000 0       
02551069 18/02/2020 1000 0       
02551069 19/02/2020 1000 0       
02551069 20/02/2020 1000 0       
02551069 21/02/2020 1000 0       
02551069 22/02/2020 1000 0       
02551069 23/02/2020 1000 0       
02551069 24/02/2020 1000 0       
02551069 25/02/2020 1000 0       
02551069 26/02/2020 1000 18.8    
02551069 27/02/2020 1000 1.4     
02551069 28/02/2020 1000 0       
02551069 29/02/2020 1000 0       
02551069 01/03/2020 1000 0       
02551069 02/03/2020 1000 0       
02551069 03/03/2020 1000 0       
02551069 04/03/2020 1000 0       
02551069 05/03/2020 1000 0       
02551069 06/03/2020 1000 0       
02551069 07/03/2020 1000 0       
02551069 08/03/2020 1000 0.6     
02551069 09/03/2020 1000 0.2     
02551069 10/03/2020 1000 0       
02551069 11/03/2020 1000 0       
02551069 12/03/2020 1000 0       
02551069 13/03/2020 1000 0       
02551069 14/03/2020 1000 0       
02551069 15/03/2020 1000 0       
02551069 16/03/2020 1000 0       
02551069 17/03/2020 1000 0       
02551069 18/03/2020 1000 9.2     
02551069 19/03/2020 1000 63.8    
02551069 20/03/2020 1000 0.4     
02551069 21/03/2020 1000 0.2     
02551069 22/03/2020 1000 0       
02551069 23/03/2020 1000 0       
02551069 24/03/2020 1000 0       
02551069 25/03/2020 1000 0.0