02553062 08/02/2020 1000 0       
02553062 09/02/2020 1000 0       
02553062 10/02/2020 1000 0       
02553062 11/02/2020 1000 0       
02553062 12/02/2020 1000 0       
02553062 13/02/2020 1000 0       
02553062 14/02/2020 1000 0       
02553062 15/02/2020 1000 0       
02553062 16/02/2020 1000 0       
02553062 17/02/2020 1000 0       
02553062 18/02/2020 1000 0.4     
02553062 19/02/2020 1000 33.4    
02553062 20/02/2020 1000 0       
02553062 21/02/2020 1000 0       
02553062 22/02/2020 1000 0       
02553062 23/02/2020 1000 0       
02553062 24/02/2020 1000 0       
02553062 25/02/2020 1000 0       
02553062 26/02/2020 1000 61.4    
02553062 27/02/2020 1000 0.4     
02553062 28/02/2020 1000 0       
02553062 29/02/2020 1000 0       
02553062 01/03/2020 1000 0       
02553062 02/03/2020 1000 0       
02553062 03/03/2020 1000 0       
02553062 04/03/2020 1000 0       
02553062 05/03/2020 1000 0       
02553062 06/03/2020 1000 0       
02553062 07/03/2020 1000 0       
02553062 08/03/2020 1000 22.8    
02553062 09/03/2020 1000 0       
02553062 10/03/2020 1000 0       
02553062 11/03/2020 1000 0       
02553062 12/03/2020 1000 0       
02553062 13/03/2020 1000 0       
02553062 14/03/2020 1000 0       
02553062 15/03/2020 1000 0       
02553062 16/03/2020 1000 0       
02553062 17/03/2020 1000 0       
02553062 18/03/2020 1000 0       
02553062 19/03/2020 1000 40.6    
02553062 20/03/2020 1000 0.6     
02553062 21/03/2020 1000 0.2     
02553062 22/03/2020 1000 0       
02553062 23/03/2020 1000 0       
02553062 24/03/2020 1000 0       
02553062 25/03/2020 1000 0.0