02649074 08/02/2020 1000 0.6     
02649074 09/02/2020 1000 0       
02649074 10/02/2020 1000 6.8     
02649074 11/02/2020 1000 0.2     
02649074 12/02/2020 1000 0       
02649074 13/02/2020 1000 0       
02649074 14/02/2020 1000 0       
02649074 15/02/2020 1000 0       
02649074 16/02/2020 1000 0       
02649074 17/02/2020 1000 0       
02649074 18/02/2020 1000 0       
02649074 19/02/2020 1000 0.4     
02649074 20/02/2020 1000 26      
02649074 21/02/2020 1000 0.2     
02649074 22/02/2020 1000 4       
02649074 23/02/2020 1000 0       
02649074 24/02/2020 1000 0       
02649074 25/02/2020 1000 0       
02649074 26/02/2020 1000 103.6   
02649074 27/02/2020 1000 1       
02649074 28/02/2020 1000 0       
02649074 29/02/2020 1000 0       
02649074 01/03/2020 1000 0       
02649074 02/03/2020 1000 0       
02649074 03/03/2020 1000 0.2     
02649074 04/03/2020 1000 3.6     
02649074 05/03/2020 1000 0       
02649074 06/03/2020 1000 0       
02649074 07/03/2020 1000 0       
02649074 08/03/2020 1000 0       
02649074 09/03/2020 1000 0       
02649074 10/03/2020 1000 0       
02649074 11/03/2020 1000 0       
02649074 12/03/2020 1000 0       
02649074 13/03/2020 1000 0       
02649074 14/03/2020 1000 0       
02649074 15/03/2020 1000 0       
02649074 16/03/2020 1000 0       
02649074 17/03/2020 1000 3       
02649074 18/03/2020 1000 0       
02649074 19/03/2020 1000 0.4     
02649074 20/03/2020 1000 0       
02649074 21/03/2020 1000 0       
02649074 22/03/2020 1000 0       
02649074 23/03/2020 1000 0       
02649074 24/03/2020 1000 0       
02649074 25/03/2020 1000 0.081162500000137