ONS-Operador Nacional Do Sistema Eletrico
Modelo Computacional SMAP
Versao: 3.0.0 Data: 23/09/2019

Iniciando execucao: 12-02-2020 13:55:44

Parametros
   Amplitude inicial: 0.5
   somacoef alvo: 2 (nao e necessario multiplicar por 100)
   Limite de iteracoes: 10000
   Particulas: 24
   Pulso inicial: 0.1
   Uso de pesos: on
   Gerar graficos: off
   Semente: 9952

Sub bacia: AVERMELHA
cef: 0.97676423
dm: 0.026567805
ebin: 186.95488
mape: 0.012882045
*somacoef: 1.9638822
supin: 233.84295
Iteracoes: 10000
Iteracao otima: 9859
Tempo: 9.095 s

Qcal
[33](0,0,420.79782,441.11127,412.27295,386.44587,363.47526,343.05774,335.5114,336.28545,354.40385,375.96236,363.65691,402.68165,467.87167,566.37513,586.43552,552.74099,513.77397,479.052,448.18832,422.82179,401.98918,391.22274,384.95319,378.61821,443.13815,466.21399,515.08366,575.95449,545.86167,514.1759,482.21989)
Rsolo
[33](0,71.9798,73.90111,67.679125,62.980853,58.864005,55.207825,55.361313,56.946045,60.723897,64.388914,62.563779,67.57996,73.66686,80.326052,81.159632,76.147382,69.584159,64.036021,59.63802,57.204686,55.40004,55.174486,55.639152,55.835475,63.784318,67.251462,72.197579,76.976315,72.526426,68.227396,63.659804,58.970095)
Rsub
[33](0,159.66512,162.4624,165.56944,167.6575,169.05977,169.92145,170.35053,170.79466,171.41785,172.50255,174.07645,175.39112,177.4167,180.41138,184.5988,188.92713,192.29919,194.55218,195.96998,196.79775,197.32554,197.64357,197.93489,198.27682,198.63929,200.00227,201.8594,204.4887,207.93463,210.58928,212.54312,213.82161)
Rsup
[33](0,7.4599283,8.0034671,6.9674227,6.0655039,5.2803278,4.5967923,4.3400251,4.3481285,4.902853,5.5500828,5.0987295,6.294567,8.2985594,11.329099,11.812637,10.576053,9.2069888,8.0151493,6.9775927,6.1374433,5.4531379,5.0977935,4.8869036,4.6720359,6.716776,7.4020157,8.8916578,10.73531,9.6465865,8.5366031,7.444176,6.4805316)
Peso chuva 
[33](0.61513932,0.61086701,1.9191999,0.5,1.1848812,0.73811972,1.5679088,2,2,2,2,2,1.3509571,0.90208385,0.89735026,0.59823917,0.5,0.5,0.5,0.5,0.5,0.5,0.66357477,0.88947062,2,2,1.1135445,0.9427981,1.0791254,0.5,0.5,0.5,1)
Previsao ETA40_LIMITES
[13] (9.7563636,0.20363636,0.28909091,0.56454545,5.0863636,5.8618182,11.892727,13.419091,25.910909,22.016364,9.5000909,9.5000909,9.5000909)
Previsao PMEDIA_ORIG
[13] (8.5,6.3,1.4,3.9,4.4,3.4,7,6.1,14.4,7.2,9.4,8.3,6.6916667)
Previsao PRECMEDIA_ETA40.GEFS
[13] (8.61,3.09,1.39,2.29,4.03,3.96,6.36,7.14,7.62,9.84,5.433,5.433,5.433)
Previsao PRECZERADA_ETA40
[13] (0,0,0,0,0,0,0,0,0,0,0,0,0)


Sub bacia: Camargos
cef: 0.98472327
dm: 0.03706887
ebin: 64.555054
mape: 0.033774585
*somacoef: 1.9509487
supin: 51.718527
Iteracoes: 10000
Iteracao otima: 9965
Tempo: 8.712 s

Qcal
[33](0,0,116.27358,113.68009,127.16143,122.18741,115.9138,109.80733,104.58352,100.60826,100.62991,106.79234,102.16061,97.547381,109.65865,113.89468,108.87352,103.76936,99.010589,95.511774,92.492189,89.269792,86.090018,83.435396,87.035447,129.79954,199.13009,232.71993,253.24224,296.54777,285.46576,262.21934,251.70687)
Rsolo
[33](0,47.7,45.838632,50.764334,45.962433,41.797434,39.909444,39.098432,38.797456,40.96673,45.713068,42.05942,39.993705,46.541112,48.251127,43.727245,40.703836,38.626618,38.261414,37.957798,37.304009,35.601734,34.789932,37.833174,50.113805,59.649752,57.966615,56.767288,59.394901,52.542507,44.754259,47.953637,42.490453)
Rsub
[33](0,192.67366,194.50427,195.36712,198.91557,199.81974,198.89851,197.98152,197.06876,196.16021,195.25585,196.05302,195.17414,194.27433,195.49214,197.6071,197.45134,196.54103,195.63491,194.73297,193.83519,192.94155,192.05203,191.16661,190.28527,193.47413,203.11018,211.42909,218.83732,228.16009,232.6475,232.80757,234.58924)
Rsup
[33](0,6.0101544,5.6374921,7.1705483,6.4543607,5.6901079,5.0163494,4.4449999,4.0185784,4.0564694,4.8078101,4.2385233,3.7366451,5.1791174,5.6239659,4.9581146,4.3710304,3.8534622,3.4821489,3.1663638,2.8268482,2.4921247,2.218268,2.6711005,7.674985,15.607654,19.135906,21.19688,25.940925,24.290108,21.413947,20.186072,17.795865)
Peso chuva 
[33](1.7601293,0.5,0.74748533,1.6595358,2,1.0628685,0.5,0.5,1.5196348,2,2,0.5,0.5,1.0845575,0.69932979,0.5,0.5,0.5,1.9143805,2,2,0.5,0.5,0.87534969,0.78526916,1.2672441,1.2957807,0.52405533,1.1626508,1.5345611,0.5,0.5,1)
Previsao ETA40_LIMITES
[13] (23.22,10.2,3.956,1.022,3.94,7.618,2.998,4.996,9.532,23.512,9.0994,9.0994,9.0994)
Previsao PMEDIA_ORIG
[13] (15.1,7.3,3.3,2.2,8.4,14.7,6.8,7.6,6.6,8.8,8.2,7.7,8.0583333)
Previsao PRECMEDIA_ETA40.GEFS
[13] (17.69,9.22,3.55,2.97,9.85,15.97,7.38,10.66,8.29,12.9,9.848,9.848,9.848)
Previsao PRECZERADA_ETA40
[13] (0,0,0,0,0,0,0,0,0,0,0,0,0)


Sub bacia: CAPESCURO
cef: 0.98617411
dm: 0.024294965
ebin: 64.0943
mape: 0.019977238
*somacoef: 1.9661969
supin: 42.576065
Iteracoes: 10000
Iteracao otima: 9951
Tempo: 9.422 s

Qcal
[33](0,0,106.67036,105.3623,102.45687,98.379052,93.875321,89.851227,86.27793,90.67035,104.02715,113.43499,120.3313,127.03103,141.66576,161.28116,159.25349,152.93011,145.4905,146.4117,145.49766,152.72571,149.06778,145.36211,139.99575,135.60376,140.40764,188.04158,215.15211,217.11966,208.36634,197.67001,187.46685)
Rsolo
[33](0,118.824,117.08281,114.13442,110.53685,108.36069,106.22415,104.83019,112.11565,122.88504,124.99878,124.55405,124.59491,128.33359,131.36547,121.46952,114.19444,109.99545,117.60845,118.85103,123.87517,116.55917,115.21281,111.38248,111.89199,119.27469,135.22391,135.38528,127.45293,116.47931,111.41962,110.61826,108.05982)
Rsub
[33](0,108.68868,111.92175,114.21639,115.007,114.07787,113.09373,112.11808,111.15085,110.99342,116.42849,123.02753,129.31179,135.56545,143.98544,154.21887,158.49097,158.92912,157.55805,159.73121,162.53828,168.09124,169.63242,170.47942,169.46467,168.69831,171.65348,184.15925,196.66486,204.02427,205.21465,203.91763,202.25905)
Rsup
[33](0,4.8115572,4.44827,3.9670029,3.4534766,3.006426,2.6172458,2.2784448,2.8392954,4.35925,5.0602275,5.3998052,5.7381451,6.9752647,8.6308839,7.7197472,6.7204302,5.8504743,6.0459525,5.7978295,6.4276066,5.644154,5.1226642,4.4597605,4.0310433,4.6250071,9.8112168,12.041577,11.43052,9.9508454,8.6627141,7.596083,6.6127744)
Peso chuva 
[33](0.5,0.5,1.4593838,1.3642119,0.5,0.749887,1.447475,1.882198,1.2363405,1.2350211,0.8674671,0.82869351,1.0236241,0.53222765,0.95172264,0.65754252,0.92538677,2,1.2071211,2,2,2,2,2,2,2,1.6908109,1.2913091,1.2657474,0.5,0.5,0.5,1)
Previsao ETA40_LIMITES
[13] (17.05,0.4,3.43,0.2275,1.8875,10.97,13.275,9.6875,21.1925,24.885,10.3005,10.3005,10.3005)
Previsao PMEDIA_ORIG
[13] (21.9,2.2,2.7,2.6,5.6,7.7,8.5,6.9,11.4,5.8,7.6,9.2,7.675)
Previsao PRECMEDIA_ETA40.GEFS
[13] (21.45,2.75,2.67,1.71,3.85,7.27,6.58,7.7,9.75,9.85,7.358,7.358,7.358)
Previsao PRECZERADA_ETA40
[13] (0,0,0,0,0,0,0,0,0,0,0,0,0)


Sub bacia: EDACUNHA
cef: 0.99653999
dm: 0.023529501
ebin: 68.371081
mape: 0.023273714
*somacoef: 1.9732663
supin: 51.606513
Iteracoes: 10000
Iteracao otima: 9990
Tempo: 8.602 s

Qcal
[33](0,0,119.97759,106.71062,106.54353,107.40811,98.956397,91.161953,87.555845,82.574983,78.758783,75.929689,76.996402,78.843695,143.61948,133.92482,117.50503,104.42081,94.722104,88.292273,88.975527,109.60357,102.4276,106.27913,96.763511,89.552798,144.70286,227.05436,285.59723,236.93826,193.42187,161.55305,383.60328)
Rsolo
[33](0,48.829,41.257013,42.281388,43.035082,39.580972,36.59036,36.024756,34.606878,33.445711,32.612718,33.452082,34.97189,48.508743,45.793889,40.802292,37.147567,34.907977,34.395414,36.685642,43.588097,40.810581,42.647725,38.313521,36.005455,48.099341,57.222884,59.072766,48.225685,41.536359,37.893577,61.663499,44.714509)
Rsub
[33](0,175.31223,180.05132,181.09408,182.56566,184.35898,184.69335,183.94148,183.00791,181.63603,180.24251,178.85968,177.48746,176.26927,180.82602,183.93603,184.76093,184.19866,182.90932,181.50603,180.81073,182.86818,183.70467,185.31686,185.16561,184.21636,188.49103,198.35161,209.45229,213.60128,214.50395,213.97648,226.90003)
Rsup
[33](0,3.4661441,2.450934,2.4123973,2.4319203,1.8172875,1.2850163,1.0625071,0.75242211,0.53204278,0.37852904,0.48639655,0.64641371,5.0289793,4.258479,3.0741828,2.1737755,1.5370914,1.1390058,1.2216543,2.625346,2.0894804,2.3262569,1.6449121,1.1645672,4.8935778,10.312734,13.986469,10.427525,7.3960736,5.2319648,20.159753,14.255098)
Peso chuva 
[33](2,2,0.5,1.4797762,1.6553189,1.4733869,0.5,1.4569903,0.52584797,0.5,0.5,2,0.50513269,1.0902871,0.5,0.5,0.5,1.3826143,0.73207154,1.6368782,1.2580904,0.625043,1.6627772,0.6487712,0.64495592,1.2189039,0.92189126,0.9202396,0.5,0.5,0.60045998,1.2366647,1)
Previsao ETA40_LIMITES
[13] (6.73,2.45,1.91,0,8.72,13.53,13.92,8.03,16.36,30,10.165,10.165,10.165)
Previsao PMEDIA_ORIG
[13] (6.4,2.8,1.1,1,2.3,6,4.5,4.5,7.3,7.5,6.9,7.3,4.8)
Previsao PRECMEDIA_ETA40.GEFS
[13] (6.61,2.8,1.23,0.72,4.58,6.62,5.27,5.32,7.59,10.98,5.172,5.172,5.172)
Previsao PRECZERADA_ETA40
[13] (0,0,0,0,0,0,0,0,0,0,0,0,0)


Sub bacia: FUNIL MG
cef: 0.97459226
dm: 0.042129004
ebin: 51.936
mape: 0.033605056
*somacoef: 1.9409872
supin: 126.55005
Iteracoes: 10000
Iteracao otima: 9968
Tempo: 8.572 s

Qcal
[33](0,0,178.48605,174.94616,169.09801,176.56885,158.39511,141.51868,149.76518,135.0215,138.0493,155.00905,141.07628,134.26709,160.09622,336.09388,395.7782,347.90725,303.92138,277.21912,255.68879,239.21215,213.22064,190.34675,216.96897,268.34133,407.48419,529.41199,484.83109,432.02946,379.04147,333.04099,296.14785)
Rsolo
[33](0,56.8125,60.78709,62.120006,64.916502,58.286046,56.064207,61.101413,57.265925,60.985193,65.123085,59.703108,59.638108,65.695563,78.065596,75.045243,61.59765,56.978294,59.498443,61.035567,61.988242,57.294732,55.105895,63.381113,70.484987,77.63664,78.182999,68.176657,63.353712,59.141948,56.631957,56.121287,53.478064)
Rsub
[33](0,92.319411,91.846619,92.974749,94.794559,98.160718,98.024536,97.522526,98.783499,98.277602,99.474658,102.93673,103.46183,103.95207,107.727,120.01903,129.93788,131.29167,130.61929,130.90159,131.95757,133.50753,132.8238,132.14358,134.44885,141.08227,152.86648,165.02008,169.99816,172.09439,171.98991,171.10911,170.23281)
Rsup
[33](0,7.0749823,6.8919493,6.5295182,6.8899517,5.7680497,4.8288289,5.3056516,4.4417238,4.6269089,5.5374217,4.6496011,4.2524078,5.6810073,15.401711,18.351858,15.363596,12.861917,11.390231,10.177666,9.2233005,7.7214556,6.4641586,7.97391,10.77346,18.343834,24.789774,21.915161,18.806634,15.778327,13.209883,11.175015,9.3553694)
Peso chuva 
[33](0.7245731,0.5,1.155947,0.85315559,2,0.5,0.5,1.9890813,0.5,1.1599107,0.94270407,0.5,1.7392871,0.73858472,1.1446847,1.5137403,0.5,0.5,0.97277195,0.71241722,1.7894534,0.57413774,0.53715553,1.3925761,0.83041542,1.3575196,1.7053814,0.5,0.5,0.5,0.5,0.5,1)
Previsao ETA40_LIMITES
[13] (25.588,13.824,0.546,0.228,1.654,10.092,3.202,3.552,10.474,24.844,9.4004,9.4004,9.4004)
Previsao PMEDIA_ORIG
[13] (24.4,8.5,0.9,1.6,8.7,14.7,7,12.7,5.6,5.5,6.5,7.4,8.625)
Previsao PRECMEDIA_ETA40.GEFS
[13] (24.54,9.44,1.93,1.72,6.25,13.67,7.63,10.25,7.27,8.99,9.169,9.169,9.169)
Previsao PRECZERADA_ETA40
[13] (0,0,0,0,0,0,0,0,0,0,0,0,0)


Sub bacia: FURNAS
cef: 0.98850185
dm: 0.029442689
ebin: 103.40697
mape: 0.027104695
*somacoef: 1.9613972
supin: 355.20913
Iteracoes: 10000
Iteracao otima: 8431
Tempo: 8.725 s

Qcal
[33](0,0,458.6161,423.02406,443.94414,432.26328,405.59149,384.79848,385.12538,392.12437,366.65067,362.79967,351.26995,363.66898,378.59771,512.25972,636.84919,595.66595,551.24856,509.15606,471.25179,437.12536,406.41394,423.02176,467.63807,538.44112,652.77506,738.22164,908.2963,1082.6264,1004.9846,924.065,857.84003)
Rsolo
[33](0,38.7515,36.815473,42.758459,42.227876,39.443769,39.002762,41.640959,43.246663,38.681965,40.736637,40.272354,42.930744,44.094885,50.629015,51.392295,41.480229,37.080968,35.658475,34.284223,32.994821,31.804093,37.189279,44.245366,48.180391,50.722011,50.238747,52.869575,53.191884,42.322297,37.673816,37.946621,35.181955)
Rsub
[33](0,88.240053,88.4204,87.983708,90.244696,92.197476,92.690529,92.968184,94.58665,97.094194,97.198063,98.317118,99.192448,101.49595,104.46775,111.83147,119.73911,121.1389,120.54062,119.94529,119.3529,118.76344,118.17689,117.59324,120.57571,126.09084,133.41774,140.34708,149.27593,158.42103,160.08948,159.42019,158.87687)
Rsup
[33](0,14.799979,13.308212,14.201181,13.604094,12.397451,11.507024,11.507088,11.719679,10.535868,10.370342,9.83531,10.309183,10.818723,16.242718,21.074256,18.972227,17.053205,15.32861,13.778377,12.385405,11.134579,11.855193,13.742653,16.547075,21.041572,24.243998,30.991911,37.819499,34.137981,30.684958,27.958338,25.13038)
Peso chuva 
[33](0.60656809,0.75198056,0.50005774,2,2,2,2,2,2,0.5,1.2646542,2,1.4748055,0.5,0.91144351,1.3044766,0.5,2,0.84403987,1.0723732,0.71235621,1.3641402,1.2892576,2,1.1470086,2,0.88363061,1.1748824,1.7088429,0.5,0.5,0.5,1)
Previsao ETA40_LIMITES
[13] (23.471667,3.4325,0.98916667,0.093333333,0.815,8.7675,10.9225,6.9625,13.523333,24.024167,9.3001667,9.3001667,9.3001667)
Previsao PMEDIA_ORIG
[13] (18.3,3.4,1.3,0.9,4.3,10.9,4.8,5.6,7.2,4.4,6.8,6.9,6.2333333)
Previsao PRECMEDIA_ETA40.GEFS
[13] (22.42,4,1.42,1.06,3.3,11.29,6.46,7.62,10.03,9.53,7.713,7.713,7.713)
Previsao PRECZERADA_ETA40
[13] (0,0,0,0,0,0,0,0,0,0,0,0,0)


Sub bacia: MARIMBONDO
cef: 0.99746713
dm: 0.0072992343
ebin: 198.63992
mape: 0.0068456849
*somacoef: 1.9906214
supin: 210.90979
Iteracoes: 10000
Iteracao otima: 9971
Tempo: 9.106 s

Qcal
[33](0,0,409.54971,382.60023,357.40075,334.58889,313.6825,295.69424,281.31263,279.06299,280.24644,274.36092,264.77496,260.34599,274.26827,308.27256,367.99153,349.85163,330.6855,314.48659,299.86936,288.6765,278.00083,274.0217,272.81634,273.22736,291.01058,329.66225,388.16337,454.93884,480.56465,480.42966,489.5018)
Rsolo
[33](0,101.6316,90.842588,85.092492,81.460556,78.126608,75.996534,75.403625,78.429442,81.193604,80.465866,78.342052,78.289762,83.240065,89.866692,97.14754,88.514052,82.362026,79.643123,77.606009,76.692307,75.708141,76.640644,78.033471,79.352049,84.34854,90.931114,97.426323,102.16315,101.01493,97.571554,97.272329,87.030815)
Rsub
[33](0,222.75913,232.40152,237.00305,239.29747,240.27221,240.13206,239.32872,238.40888,238.37317,239.25925,239.89339,239.82383,239.73773,241.33997,245.5001,252.86325,256.4274,257.6519,257.93945,257.56585,256.90835,255.95343,255.28619,255.05856,255.25974,257.20695,261.75044,269.18276,278.91712,288.03277,295.43288,302.66296)
Rsup
[33](0,5.0596461,4.2068669,3.5039041,2.9075739,2.3851857,1.9566522,1.628828,1.5945374,1.6236915,1.4635452,1.220016,1.1152546,1.4510867,2.2325616,3.5762028,2.9835199,2.4474868,2.0326864,1.6758734,1.4153529,1.1733132,1.0982831,1.0836408,1.0983704,1.5206794,2.4062631,3.7124878,5.155413,5.5619274,5.3636857,5.4230187,4.448694)
Peso chuva 
[33](2,0.5,1.987583,2,2,2,1.9512391,0.5,1.0279737,1.0498742,1.3319792,0.58868467,0.73101521,0.54214738,0.73904849,1.2973407,2,0.58875499,1.213646,0.5,0.5,0.5,0.89223464,1.6079576,1.2880039,0.70030421,0.71200568,0.820144,1.5245584,2,2,1.9296121,1)
Previsao ETA40_LIMITES
[13] (9.664,0.655,0.82,0.753,6.154,9.799,13.25,10.818,21.181,22.904,9.5998,9.5998,9.5998)
Previsao PMEDIA_ORIG
[13] (10.2,3.2,1.4,2.3,3.7,3.9,6.5,6.1,8.9,6.5,8.9,7.6,5.7666667)
Previsao PRECMEDIA_ETA40.GEFS
[13] (9.58,2.41,1.22,1.72,4.24,5.12,6.18,6.87,7.18,9.49,5.401,5.401,5.401)
Previsao PRECZERADA_ETA40
[13] (0,0,0,0,0,0,0,0,0,0,0,0,0)


Sub bacia: PARAGUACU
cef: 0.99471388
dm: 0.028700801
ebin: 70.716
mape: 0.028209801
*somacoef: 1.9665041
supin: 110.36281
Iteracoes: 10000
Iteracao otima: 9964
Tempo: 8.641 s

Qcal
[33](0,0,181.07881,170.34289,163.17613,201.32323,190.26258,177.5698,165.35022,154.5212,144.92415,136.42052,129.00959,124.71957,130.45892,132.61101,132.41328,127.7252,121.58064,115.74396,112.0755,111.65312,109.08795,125.60206,132.5575,195.67522,198.162,226.06478,306.34287,362.06339,362.58533,334.25904,324.00031)
Rsolo
[33](0,66.0905,59.231206,59.793189,68.557316,61.415591,57.118028,55.952883,54.75378,53.458471,52.149953,51.30613,52.007764,56.530455,59.943368,60.976399,59.027312,55.941849,54.559874,54.53823,56.236106,56.675174,62.739485,63.48734,71.356056,65.864288,69.006252,74.193421,73.368576,68.757763,59.696708,63.639323,57.547367)
Rsub
[33](0,130.2085,134.50239,134.72977,135.25669,141.18051,142.57436,141.87021,141.16954,140.47233,139.77856,139.08822,138.40129,137.71775,137.03759,137.63438,138.79792,138.89636,138.21038,137.52779,136.84856,136.17269,135.50016,137.68941,140.31478,148.2193,152.27777,158.43008,168.41755,177.70973,183.56299,183.79673,186.2864)
Rsup
[33](0,8.475853,7.4722378,6.9123469,9.8200632,8.7235245,7.6905829,6.78149,5.979047,5.2710756,4.6469341,4.1065697,3.8057483,4.2750402,4.4686899,4.4286124,4.0200369,3.5440294,3.1243853,2.8711189,2.8670107,2.6981966,3.9945293,4.4373937,9.1753242,9.036612,11.010264,16.919001,20.781755,20.434264,18.014669,17.217051,15.178402)
Peso chuva 
[33](1.1424921,0.60351853,0.5,0.97779148,1.9697172,0.64324488,0.68824361,0.9655369,0.60545192,0.71612976,1.1544913,1.134625,2,1.7724139,0.86004111,0.88703689,1.9722665,1.9313252,2,2,2,2,2,0.86296535,2,2,2,1.6126931,1.1120087,1.1883966,0.5,1.2722731,1)
Previsao ETA40_LIMITES
[13] (7.502,1.728,1.428,0.042,9.35,11.322,8.532,9.69,21.832,21.574,9.3,9.3,9.3)
Previsao PMEDIA_ORIG
[13] (5.3,2.1,0.8,1.5,2.4,4.5,2.2,3.6,6.3,6.1,5.8,6.7,3.9416667)
Previsao PRECMEDIA_ETA40.GEFS
[13] (6.94,2.66,1.13,1.12,5.43,6.49,3.86,5.81,8.04,9.84,5.132,5.132,5.132)
Previsao PRECZERADA_ETA40
[13] (0,0,0,0,0,0,0,0,0,0,0,0,0)


Sub bacia: PASSAGEM
cef: 0.99747974
dm: 0.0084746312
ebin: 57.888
mape: 0.0080912083
*somacoef: 1.9893885
supin: 239.65804
Iteracoes: 10000
Iteracao otima: 9726
Tempo: 8.727 s

Qcal
[33](0,0,297.54604,321.79284,332.78683,327.55854,322.69219,284.56703,252.33938,227.9987,212.54078,206.58512,203.97437,184.9538,180.56559,199.31484,204.21003,199.43618,181.9107,167.02041,154.34951,147.70969,146.1097,151.88913,156.19019,172.00683,188.66727,197.15005,226.9497,299.42142,352.91719,351.19499,325.99998)
Rsolo
[33](0,106.395,109.56045,112.11263,112.26354,112.49294,106.74185,102.45269,99.969009,98.808906,99.02658,99.539219,95.407865,95.543797,98.524743,99.857739,99.762776,95.487424,91.667455,88.376488,87.512199,87.774438,89.253768,90.450276,93.196383,95.926416,97.611216,101.22217,107.11958,111.34935,111.87571,109.94246,104.38506)
Rsub
[33](0,60.822643,62.749099,64.963498,67.416518,69.872451,72.339159,74.240678,75.749085,77.039059,78.226932,79.426764,80.662899,81.562567,82.4683,83.606184,84.848093,86.07598,86.955061,87.544181,87.899928,88.195787,88.507717,88.918728,89.41123,90.100202,90.993478,92.015484,93.330546,95.163361,97.391685,99.661015,101.72992)
Rsup
[33](0,7.8164858,8.5474991,9.1762793,8.5101878,8.278275,6.9611718,5.8538506,5.0158605,4.4742615,4.2456507,4.1256693,3.4692605,3.3004452,3.8859895,4.0123939,3.8201336,3.2123366,2.7012424,2.271465,2.0455694,1.9858433,2.1662372,2.2952786,2.7973157,3.3207191,3.5710119,4.5125108,6.8366202,8.5257066,8.4015269,7.5104613,6.31552)
Peso chuva 
[33](2,2,2,1.6395419,1.1465156,1.2247385,0.89719861,0.5,0.5,0.5,0.86443105,2,0.68678959,2,0.93908331,0.75100221,0.82317401,0.59852608,0.5,0.60105045,2,1.3451281,1.8656057,1.0122933,1.7940655,1.4481911,1.915942,1.0519334,1.1806439,1.2898002,2,1.4832234,1)
Previsao ETA40_LIMITES
[13] (2.3322222,2.0611111,0.32333333,0.0077777778,16.816667,12.312222,13.13,9.8688889,20.961111,23.191111,10.100444,10.100444,10.100444)
Previsao PMEDIA_ORIG
[13] (2.5,1.9,1.5,2.8,5.1,8.9,9.5,6.8,7.1,6.2,6.5,7.5,5.525)
Previsao PRECMEDIA_ETA40.GEFS
[13] (5.48,2.81,1.77,2.58,10.96,10.26,12,9.3,8.9,11.06,7.512,7.512,7.512)
Previsao PRECZERADA_ETA40
[13] (0,0,0,0,0,0,0,0,0,0,0,0,0)


Sub bacia: PBUENOS
cef: 0.99826016
dm: 0.014370732
ebin: 34.232383
mape: 0.014265024
*somacoef: 1.9839951
supin: 84.311659
Iteracoes: 10000
Iteracao otima: 9977
Tempo: 8.428 s

Qcal
[33](0,0,118.54404,119.4821,126.6379,118.38754,109.39967,101.14577,102.51577,102.84107,103.92805,103.11719,105.06147,110.33166,107.76798,110.40866,104.1486,95.478087,87.673569,81.043082,85.533222,96.365914,93.665307,87.911134,83.484402,101.02993,117.93883,165.03828,206.59963,225.60751,220.20445,196.30842,196.9951)
Rsolo
[33](0,54.153,54.481893,56.015582,52.262652,49.946765,48.617763,51.551678,52.450762,52.99451,52.582725,53.230119,54.403714,52.623958,53.525968,50.512804,46.813015,45.141263,44.048116,48.043381,52.871779,50.936259,48.218395,47.174135,53.581661,56.430923,61.632208,62.699362,61.072063,57.556133,50.012069,54.597864,47.755727)
Rsub
[33](0,100.77507,104.22572,107.84715,112.34835,114.71084,115.88325,116.4176,118.38895,120.82365,123.54,126.02154,128.84249,132.30587,134.76911,137.7126,139.05817,138.67795,138.0386,137.4022,137.57384,140.14639,141.69343,141.92494,141.68838,144.6308,149.21256,157.1712,165.85113,173.34348,178.48626,179.39656,182.73772)
Rsup
[33](0,7.1920844,7.172115,7.6775931,6.8433771,6.0082221,5.2701625,5.3715441,5.3421702,5.3643435,5.2164629,5.3104098,5.6782337,5.3591847,5.5130673,4.8937687,4.1151525,3.460417,2.9133393,3.3148051,4.2338986,3.9289828,3.3933032,3.0089788,4.5125291,5.8696562,9.7546421,13.069357,14.43928,13.761275,11.573837,11.606035,9.7594735)
Peso chuva 
[33](2,0.5,0.71155242,0.7311795,0.5,0.83014906,1.9965594,2,1.6825309,2,2,2,1.7071671,0.76618736,0.76294349,0.5,0.5,1.9748322,0.73016738,1.9435953,2,2,0.5,0.5,1.0377818,2,1.3558369,0.93186461,0.77739675,0.98446194,0.57103647,0.97137406,1)
Previsao ETA40_LIMITES
[13] (14.2375,4.0175,1.885,0.2025,2.355,10.24,7.0275,9.6425,17.415,23.9725,9.0995,9.0995,9.0995)
Previsao PMEDIA_ORIG
[13] (10.7,3.6,2.3,2.5,6.6,21.1,9.4,9.1,8.8,8.3,9,8.4,8.3166667)
Previsao PRECMEDIA_ETA40.GEFS
[13] (11.25,4.22,2.55,2.41,11.19,23.52,11.78,10.74,10.31,11.96,9.993,9.993,9.993)
Previsao PRECZERADA_ETA40
[13] (0,0,0,0,0,0,0,0,0,0,0,0,0)


Sub bacia: PCOLOMBIA
cef: 0.8878416
dm: 0.12020095
ebin: 84.712
mape: 0.043229183
*somacoef: 1.8446124
supin: 358.467
Iteracoes: 10000
Iteracao otima: 9487
Tempo: 8.498 s

Qcal
[33](0,0,443.179,419.76463,393.58663,367.92947,344.35333,375.13311,437.40136,476.22174,462.56613,491.66921,499.35354,507.61714,597.04618,995.31118,997.82974,939.99337,878.59158,821.08192,767.14329,717.71473,672.15955,631.10615,592.54622,574.29126,653.26006,739.0917,857.59106,820.21301,772.83492,725.56817,684.99932)
Rsolo
[33](0,57.224,50.834471,47.265639,44.845597,42.668909,51.332191,60.582661,61.406026,54.53784,59.222857,58.169003,58.045634,64.720114,75.505899,62.094133,51.729903,47.393091,46.445455,44.388003,43.010522,40.975264,39.963134,38.236587,41.586497,55.255372,64.032119,67.390333,54.686844,49.261127,46.452803,45.993781,43.345419)
Rsub
[33](0,54.6659,58.728877,59.443542,59.032936,58.625165,58.220212,59.171525,65.233374,71.780939,74.243358,79.35559,83.799354,88.139566,96.771713,113.96592,120.62683,121.33646,120.49832,119.66598,118.83939,118.0185,117.20329,116.39371,115.58972,114.79128,117.34029,125.28942,135.61097,137.71143,137.17189,136.22437,135.2834)
Rsup
[33](0,19.252405,17.656726,16.191289,14.847477,13.615197,15.302008,18.567112,20.147553,18.869208,20.227325,20.214557,20.288534,24.730331,45.401763,44.106007,40.445386,37.088583,34.069632,31.24199,28.656095,26.277755,24.140724,22.137141,21.223624,25.531301,29.928967,35.631702,32.765184,30.045806,27.552126,25.452129,23.339705)
Peso chuva 
[33](2,0.5,0.5,0.5,0.5,0.5,2,1.7918876,0.86187207,0.5,1.1778948,1.1485805,0.91696169,0.5,1.3662441,2,0.5,0.5,0.5,0.5,0.5,0.5,0.5,0.5,1.036678,1.6440572,1.1712639,0.93815606,0.5,0.5,0.5,0.5,1)
Previsao ETA40_LIMITES
[13] (23.085,1.06,4.2,2.495,0.66,9.263,12.12,9.48,16.907,18.734,9.8004,9.8004,9.8004)
Previsao PMEDIA_ORIG
[13] (24.4,3.3,3.5,3.2,4.8,7.4,8.1,7.7,5.9,4.8,6,9.3,7.3666667)
Previsao PRECMEDIA_ETA40.GEFS
[13] (23.4,3.19,3.02,2.97,3.57,6.86,7.09,7.85,7.96,8.14,7.405,7.405,7.405)
Previsao PRECZERADA_ETA40
[13] (0,0,0,0,0,0,0,0,0,0,0,0,0)


Tempo de execucao em: 70 s

Finalizando execucao: 12-02-2020 13:57:24

