ONS-Operador Nacional Do Sistema Eletrico
Modelo Computacional SMAP
Versao: 3.0.0 Data: 23/09/2019

Iniciando execucao: 11-02-2020 13:33:45

Parametros
   Amplitude inicial: 0.5
   dm alvo: 0 (nao e necessario multiplicar por 100)
   Limite de iteracoes: 10000
   Particulas: 24
   Pulso inicial: 0.1
   Uso de pesos: on
   Gerar graficos: off
   Semente: 9952

Sub bacia: BBonita
cef: 0.98372403
*dm: 0.036224318
ebin: 125.47961
mape: 0.032361925
somacoef: 1.9513621
supin: 696.75212
Iteracoes: 10000
Iteracao otima: 9416
Tempo: 8.958 s

Qcal
[34](0,0,0,822.23173,629.65927,595.57923,797.69931,663.38808,513.48196,404.84993,479.43254,430.91329,345.62953,285.82439,244.3876,220.41383,199.31701,216.0391,227.55887,213.73383,197.46777,183.24269,205.14284,258.67392,277.07172,289.49913,470.74343,709.49278,958.21169,958.76042,747.67815,586.58313,486.94799,585.03375)
Rsolo
[34](0,0,79.999039,77.222001,78.402246,83.624718,82.290928,78.759382,75.215577,77.643055,76.606112,72.798637,69.014573,65.545613,63.325981,60.635667,60.296813,59.975008,58.543935,56.699723,54.159216,54.373413,56.686282,57.860337,58.867571,65.333397,72.939633,80.435168,83.668926,80.989784,77.992599,75.827639,79.028151,73.93668)
Rsub
[34](0,0,87.478286,89.110371,90.521554,92.016143,93.92301,95.711088,97.210436,98.438157,99.840253,101.15846,102.19778,102.98039,103.54526,103.97901,104.26378,104.52947,104.7772,104.95083,105.03366,104.99956,104.97511,105.05719,105.19569,105.38376,105.92553,106.95375,108.5351,110.37336,111.98398,113.35332,114.55495,115.9926)
Rsup
[34](0,0,6.956045,5.01012,4.6496722,6.6461406,5.2779333,3.7557352,2.6497328,3.3767489,2.8722769,2.0019666,1.3900167,0.96512415,0.71769201,0.50085982,0.66372733,0.77493042,0.63336017,0.46848101,0.32527834,0.54440737,1.0791866,1.2616861,1.3837721,3.1905366,5.5663394,8.1388285,7.994729,5.8625859,4.2326494,3.2196595,4.1829343,2.9043182)
Peso chuva 
[34](1.8513144,0.65216998,0.5,0.5,2,1.7640606,0.99764506,0.5,0.59814174,1.1703328,0.96759765,0.5,0.78522281,1.8037291,1.7079494,0.5,1.1465798,1.6013362,2,1.9644427,0.58829436,2,1.8229998,1.1587735,0.65585787,1.1494079,1.041884,1.0961541,0.87096435,0.5,0.5,0.5,1.0990667,1)
Previsao ETA40_LIMITES
[13] (3.9686667,6.378,0.35733333,0.834,10.424667,22.018667,10.291333,0.79,0.72933333,0.55,5.6342,5.6342,5.6342)
Previsao PMEDIA_ORIG
[13] (3.1,3.4,0.8,0.4,1,3.9,5.5,4.3,7.5,7.5,5.1,3.2,3.8083333)
Previsao PRECMEDIA_ETA40.GEFS
[13] (3.81,3.88,0.91,0.6,4.92,9.5,6.01,4.19,7.33,5.88,4.703,4.703,4.703)
Previsao PRECZERADA_
[13] (0,0,0,0,0,0,0,0,0,0,0,0,0)


Sub bacia: ESouza
cef: 0.9911199
*dm: 0.089863689
ebin: 59.887969
mape: 0.089423858
somacoef: 1.901696
supin: 133.61939
Iteracoes: 10000
Iteracao otima: 9660
Tempo: 19.62 s

Qcal
[34](0,0,0,193.50736,152.08536,190.50379,140.62835,109.55612,90.357959,336.14999,230.713,165.04385,124.62415,101.22094,85.277539,78.790968,101.27625,88.290546,76.807144,69.59617,65.028164,144.2427,132.29003,110.70771,155.12086,490.13105,551.01156,434.18876,294.86384,263.35818,268.82347,238.88054,238.43555,1620.3678)
Rsolo
[34](0,0,17.558081,15.983729,19.922802,15.326962,13.145971,12.285704,23.372524,16.303724,13.808565,12.442564,12.022355,10.953607,10.773957,13.893846,13.275608,11.978436,10.929486,10.005592,16.517972,16.841117,15.207492,19.17292,26.638039,23.817259,21.169978,16.492023,19.263708,21.118527,19.957157,20.591632,31.4196,14.853798)
Rsub
[34](0,0,140.77259,141.6551,141.76682,144.00757,143.81699,142.82819,141.7444,146.4474,146.66867,145.87761,144.77068,143.67215,142.58196,141.50004,140.77793,139.85349,138.79227,137.73911,136.69394,137.08958,137.63768,137.44586,139.25794,146.82386,151.84628,154.83635,155.08206,156.81478,159.73164,161.85784,164.37994,176.82056)
Rsup
[34](0,0,6.1033132,4.1941375,5.9467994,3.6251042,2.2095258,1.3518287,12.599895,7.6924763,4.6886168,2.857744,1.8102688,1.1033712,0.82826975,1.8763506,1.2972364,0.79067445,0.48192148,0.29373443,3.9323149,3.3786664,2.3822033,4.4145835,19.681582,22.315391,16.881698,10.459671,9.0158167,9.2317837,7.8074048,7.7457625,70.819067,43.164705)
Peso chuva 
[34](1.8206455,2,2,1.798655,0.5,0.5,0.5,0.5,0.5,0.5,0.64856076,0.5,2,0.5,2,2,1.094081,0.56467998,0.57056538,0.5,1.7693221,0.89030969,0.5,2,0.58067362,0.5,0.5,0.5,0.9932496,0.63414932,2,1.7165243,1.1906363,1)
Previsao ETA40_LIMITES
[13] (5.12,9.22,0.68,0.2,2.12,13.87,4.1,0.07,0.34,0.14,3.586,3.586,3.586)
Previsao PMEDIA_ORIG
[13] (4,4.2,1.2,0.2,1.6,3.1,3.1,4.9,4.2,5.5,6,5.1,3.5916667)
Previsao PRECMEDIA_ETA40.GEFS
[13] (5.03,5.63,0.92,0.24,1.95,6.16,3.16,5.05,5.18,4.6,3.792,3.792,3.792)
Previsao PRECZERADA_
[13] (0,0,0,0,0,0,0,0,0,0,0,0,0)


Sub bacia: Ibitinga
cef: 0.999444
*dm: 0.0034837617
ebin: 192.28365
mape: 0.0034391069
somacoef: 1.9960049
supin: 53.838711
Iteracoes: 10000
Iteracao otima: 9955
Tempo: 9.908 s

Qcal
[34](0,0,0,246.12236,248.12674,269.6432,263.36123,253.0364,236.15913,209.93926,190.71107,185.0606,183.28426,182.01093,180.80421,187.26759,190.07217,193.68577,192.77907,190.67803,181.4846,174.97657,178.32434,193.48264,211.67091,226.80084,234.36343,240.86714,245.85238,249.50042,261.76981,290.32104,354.82006,398.75043)
Rsolo
[34](0,0,15.487836,19.275234,24.553239,28.913744,32.555597,34.988303,34.988228,34.204642,33.402973,32.761186,32.125722,31.483815,31.35329,31.295887,31.589724,31.726619,31.719406,31.378348,30.482656,30.271584,31.516353,34.225733,37.635196,41.256524,45.109744,49.078644,51.987342,54.316881,56.794153,60.237698,62.660941,53.796785)
Rsub
[34](0,0,243.09502,241.68316,240.27951,238.884,237.49661,236.11726,234.74593,233.38257,232.02712,230.67955,229.3398,228.00783,226.6836,225.36706,224.05816,222.75687,221.46313,220.17691,218.89816,217.62684,216.3629,215.1063,213.85699,212.61495,211.38012,210.15245,209.97835,210.8573,212.6536,215.49837,219.93207,225.56284)
Rsup
[34](0,0,0.52708588,0.55764201,0.7791597,0.72846517,0.63812785,0.48357917,0.23750353,0.059815418,0.01499308,0.008037837,0.0059465484,0.004447183,0.077978779,0.11563087,0.16114415,0.16234439,0.15179338,0.071749127,0.017937282,0.060557141,0.21874596,0.40654157,0.56433926,0.6479959,0.72123002,0.77954277,0.81660557,0.92991763,1.1955266,1.8049486,2.2006974,0.55017435)
Peso chuva 
[34](2,1.8978548,1.9570757,0.88153408,1.370587,1.4713451,2,1.3231421,0.90269693,0.5,0.5,0.5,0.5,0.5,0.5,0.5,0.59918157,0.82555323,0.86783322,0.71971094,0.5,0.77401335,0.94850844,0.99435802,1.166888,1.1502991,1.1647211,1.4248255,1.1061607,1.2285401,1.5556159,1.5722461,0.98308576,1)
Previsao ETA40_LIMITES
[13] (4.3222222,1.8988889,0.0077777778,0.14888889,9.3277778,17.994444,12.845556,5.1033333,1.19,1.1733333,5.4012222,5.4012222,5.4012222)
Previsao PMEDIA_ORIG
[13] (3.8,2.3,1,0.7,3.6,6.3,7.6,6.3,4,4.5,3.1,2.9,3.8416667)
Previsao PRECMEDIA_ETA40.GEFS
[13] (8.56,3.33,1.53,1.32,6.84,13.1,12.94,10.64,9.02,6.35,7.363,7.363,7.363)
Previsao PRECZERADA_
[13] (0,0,0,0,0,0,0,0,0,0,0,0,0)


Sub bacia: NAvanhanda
cef: 0.96020403
*dm: 0.045310007
ebin: 174.56443
mape: 0.021662813
somacoef: 1.9385412
supin: 34.406231
Iteracoes: 10000
Iteracao otima: 9491
Tempo: 10.361 s

Qcal
[34](0,0,0,208.97066,203.35816,197.5096,191.65521,186.59761,183.05084,180.66668,178.17754,176.23558,174.69662,173.45489,175.2255,195.70837,198.71185,192.46305,186.12232,181.33035,177.68291,174.88082,180.81792,193.10517,188.18513,190.05343,201.88854,220.14215,262.10246,249.97409,258.69498,244.90996,277.40327,280.20979)
Rsolo
[34](0,0,183.99012,183.40421,182.39252,180.81217,178.16744,176.41991,174.92287,172.48828,169.9513,167.61788,165.36815,164.7689,169.95237,171.77855,170.76522,168.41738,166.11144,163.77322,161.62327,162.92633,166.70134,165.92348,166.75593,170.7403,176.7183,187.05089,189.26599,195.29295,196.62667,205.81643,211.54961,208.09)
Rsub
[34](0,0,305.96263,305.37019,304.77598,304.17753,303.57167,302.95257,302.32551,301.69203,301.04725,300.39097,299.72457,299.04874,298.37183,297.72296,297.08542,296.44434,295.79293,295.13168,294.46073,293.78127,293.10995,292.45909,291.80613,291.15915,290.53435,289.94332,289.4134,288.89837,288.42251,287.95656,287.55344,287.19191)
Rsup
[34](0,0,0.6417039,0.54333031,0.44057304,0.33775204,0.24987073,0.19030863,0.15251459,0.11283109,0.083473029,0.061753783,0.045685771,0.08590052,0.47512568,0.53804758,0.42828648,0.31684857,0.23440623,0.17341495,0.12829329,0.24625521,0.48256574,0.39772908,0.4395224,0.66714141,1.0142345,1.8031172,1.5825523,1.7506843,1.4986462,2.1096307,2.1662642,1.6026136)
Peso chuva 
[34](0.62669197,2,0.5,0.73715279,0.5,2,2,2,2,2,2,2,2,0.5,0.5,0.5,1.7326257,2,2,2,2,0.5,0.5,0.62160688,2,1.0538314,0.7214802,1.8211556,2,2,2,1.5262467,0.7647793,1)
Previsao ETA40_LIMITES
[13] (11.155,2.505,0.8975,0.365,8.98625,11.16625,8.39375,8,1.33125,4.28,5.708,5.708,5.708)
Previsao PMEDIA_ORIG
[13] (9.2,4.1,2.3,0.6,4,2.3,4.8,5.1,4.2,5.4,3.2,2.8,4)
Previsao PRECMEDIA_ETA40.GEFS
[13] (11.16,3.99,2.03,0.66,4.86,4.99,4.59,6.43,5.22,5.4,4.933,4.933,4.933)
Previsao PRECZERADA_
[13] (0,0,0,0,0,0,0,0,0,0,0,0,0)


Tempo de execucao em: 35 s

Finalizando execucao: 11-02-2020 13:34:42

