ONS-Operador Nacional Do Sistema Eletrico
Modelo Computacional SMAP
Versao: 2.0.4 Data: 14/05/2019

Iniciando execucao: 24-03-2020 18:23:22

Parametros
   Amplitude inicial: 0.5
   dm alvo: 0 (nao e necessario multiplicar por 100)
   Limite de iteracoes: 10000
   Particulas: 24
   Pulso inicial: 0.1
   Uso de pesos: on
   Gerar graficos: off
   Semente: 9952

Sub bacia: Balsa
cef: 0.96769484
*dm: 0.03822639
ebin: 147.28271
mape: 0.020436079
somacoef: 1.9472588
supin: 51.421424
Iteracoes: 10000
Iteracao otima: 9988
Tempo: 4.445 s

Qcal
[32](0,198.70413,183.02723,171.53856,162.98685,224.53363,418.507,357.33042,295.37949,251.62466,223.17849,200.43428,186.74908,179.80259,169.13135,161.08041,158.43057,164.6616,167.52042,167.62318,158.72771,152.0325,146.86262,142.74236,139.33609,136.63377,144.08641,148.1871,163.91988,170.29036,156.59132,146.46149)
Rsolo
[32](80.3894,77.871011,75.45123,73.626461,79.31071,91.444953,91.754818,89.199218,86.930489,85.649992,83.808846,82.658999,81.921635,80.191465,77.924224,77.053504,77.454965,77.603194,77.421578,75.209592,73.128875,71.138663,69.196965,67.335537,66.142534,66.646502,66.97927,69.366624,71.044527,69.182426,67.32161,65.538377)
Rsub
[32](36.214111,36.062668,35.856388,35.601063,35.312129,35.15089,35.302125,35.459583,35.543432,35.565278,35.553555,35.495551,35.410249,35.308554,35.167681,34.977588,34.771472,34.577628,34.390305,34.202115,33.969421,33.697761,33.391435,33.053656,32.68802,32.307832,31.942678,31.589426,31.284986,31.017295,30.719048,30.392305)
Rsup
[32](0.72366327,0.5117072,0.36183163,0.25609551,1.138792,3.877844,3.0082386,2.1273794,1.5068104,1.1052318,0.7858193,0.59654485,0.50366792,0.35931015,0.25407064,0.22765909,0.32714665,0.37847425,0.39064188,0.27622552,0.19532094,0.13811276,0.097660471,0.069056381,0.051953488,0.17859613,0.2572058,0.49883473,0.6059124,0.42844476,0.3029562,0.21422238)
Peso chuva 
[32](0.5,1.8313732,0.5,2,1.2233933,0.78506261,0.5,0.57796702,0.69268919,1.4210215,2,2,2,2,2,1.2322558,0.5,0.5,1.9939864,2,2,2,0.5,2,2,1.9125446,1.0112598,0.6524413,1.4323665,0.5,2,1)
Previsao PMEDIA_ORIG
[13] (0,0,0,0.5,12.6,8.5,3.1,3.3,2.7,4.2,3.1,5.8,3.65)


Sub bacia: Flor+Estra
cef: 0.91509514
*dm: 0.089843632
ebin: 205.74395
mape: 0.029377605
somacoef: 1.8857175
supin: 36.595043
Iteracoes: 10000
Iteracao otima: 7590
Tempo: 4.598 s

Qcal
[34](0,0,0,242.33899,227.56839,220.64508,216.77823,311.7586,308.76846,278.23969,247.92461,229.88308,218.44613,211.2643,206.66792,203.57229,201.32196,199.54904,198.04704,196.70006,195.44304,194.23943,193.06873,191.91939,190.78492,189.66166,188.54755,187.4414,190.42762,207.25528,290.76001,294.56417,264.69339,230.49722)
Rsolo
[34](0,0,67.0712,66.690287,66.530347,66.423817,78.43089,80.907728,77.421832,74.544482,72.574617,71.082603,69.840583,68.618927,67.404246,66.210664,65.000916,63.813272,62.729532,61.660713,60.563771,59.478497,58.412451,57.345186,56.297421,55.268801,54.345427,54.311657,57.88081,69.679439,77.638026,75.025498,73.074936,71.03536)
Rsub
[34](0,0,211.80007,210.55958,209.32635,208.10034,206.88152,208.20584,210.45162,211.39137,211.33603,210.64398,209.49538,208.26838,207.04857,205.83591,204.63035,203.43184,202.24036,201.05586,199.87829,198.70762,197.54381,196.38682,195.2366,194.09311,192.95633,191.8262,190.70269,189.58576,188.47537,189.62103,189.85374,189.4462)
Rsup
[34](0,0,0.50286789,0.31645754,0.23778319,0.20101248,1.7222186,1.5675751,1.0141942,0.58507771,0.33790023,0.18997807,0.10662159,0.059839342,0.033583695,0.018848212,0.010578201,0.0059368146,0.0033319246,0.0018699794,0.0010494905,0.00058900661,0.00033056878,0.00018552546,0.00010412264,5.8436857e-005,3.2796577e-005,0.056153119,0.30238624,1.5704393,1.7470033,1.1061061,0.63309576,0.35531298)
Peso chuva 
[34](2,1.860942,2,1.1349454,2,2,1.5994494,0.63108687,0.5,0.5,0.5,0.5,0.5,0.5,0.5,0.5,2,0.5,0.5,0.5,0.5,0.5,0.5,2,0.5,2,0.5,2,1.0873555,0.97106535,0.92867656,0.5,0.5,1)
Previsao PMEDIA_ORIG
[13] (0,0,0,7,14.5,5.5,3.3,2.7,2.1,2,3.7,7,3.9833333)


Sub bacia: Itaipu
cef: 0.29635234
*dm: 0.7531442
ebin: 689.36265
mape: 0.26852588
somacoef: 1.0278265
supin: 0
Iteracoes: 10000
Iteracao otima: 9884
Tempo: 4.701 s

Qcal
[34](0,0,0,689.36265,682.93564,676.56855,671.80294,770.44966,796.54108,805.93114,776.40171,748.60213,721.53802,698.32375,678.94143,662.56246,648.53988,636.36846,628.09126,620.28007,610.70224,602.04588,594.11992,586.77508,579.8947,573.38763,567.18259,561.22383,555.56329,648.53827,866.09329,852.51413,794.61968,744.22789)
Rsolo
[34](0,0,51.9544,50.960597,49.914462,49.329778,56.511807,60.600446,63.890846,62.394033,61.228805,60.072477,59.05282,58.058691,56.878361,55.695759,54.530683,54.091162,53.642017,52.615782,51.570833,50.538353,49.4779,48.481676,47.498249,46.492954,45.654003,44.983401,52.398442,65.226636,67.906481,64.730656,62.57171,60.625262)
Rsub
[34](0,0,129.37461,128.16844,126.97351,125.78972,124.61697,123.45515,122.30429,122.2049,121.61971,120.67644,119.55136,118.43676,117.33256,116.23866,115.15495,114.08135,113.01775,111.96407,110.92022,109.8861,108.86162,107.84669,106.84122,105.84512,104.85832,103.88071,102.91222,101.95275,102.4962,103.99684,104.35093,103.98881)
Rsup
[34](0,0,0,0,0,0.012304443,0.84925475,1.1068297,1.2306804,0.99929404,0.80236358,0.62652542,0.48913415,0.38187152,0.2981306,0.2327533,0.18171264,0.16131387,0.14420791,0.11258444,0.087895705,0.068620984,0.053573033,0.041824958,0.032653129,0.025492598,0.019902305,0.0163003,0.79931238,2.5759503,2.4444994,1.9187666,1.5016424,1.172346)
Peso chuva 
[34](0.71788795,0.5,1.1165559,2,2,2,1.3095299,0.64027061,1.2218659,2,2,2,2,2,2,2,2,2,2,2,2,2,2,2,2,2,2,2,2,2,2,2,2,1)
Previsao PMEDIA_ORIG
[13] (0,0,0,2,14.3,4.6,2.9,3,2.9,2.4,3,8.8,3.6583333)


Sub bacia: Ivinhema
cef: 0.9717458
*dm: 0.03526944
ebin: 235.97268
mape: 0.021110035
somacoef: 1.9506358
supin: 111.89495
Iteracoes: 10000
Iteracao otima: 9885
Tempo: 6.674 s

Qcal
[46](0,0,0,0,0,0,0,0,0,0,0,0,0,0,0,347.86763,348.23115,366.00482,339.78922,369.84159,416.64743,420.30044,405.85775,402.4058,404.6984,387.32607,362.16223,338.9727,317.57399,300.42438,289.21006,277.09121,267.19515,259.103,252.45224,247.03923,242.22371,238.19572,234.7937,231.88944,235.89825,232.41587,254.66841,297.9228,325.54442,345.4903)
Rsolo
[46](0,0,0,0,0,0,0,0,0,0,0,0,0,0,34.1055,32.75672,32.118462,29.701675,29.975639,31.054453,30.671822,29.745304,29.136247,29.234823,28.461982,27.285726,26.02987,24.590768,23.314633,22.431579,21.289736,20.246222,19.29882,18.427567,17.612094,16.666677,15.624214,14.635674,13.714468,13.449268,12.803939,13.496004,15.741478,17.519231,19.104065,17.836731)
Rsub
[46](0,0,0,0,0,0,0,0,0,0,0,0,0,0,143.61733,143.89614,144.05577,144.16122,144.07738,144.01423,144.03408,144.02402,143.944,143.82007,143.70376,143.53347,143.28523,142.9597,142.55293,142.08106,141.56851,141.00718,140.40591,139.77943,139.15574,138.53484,137.91671,137.30133,136.6887,136.07881,135.47163,134.86717,134.2654,133.66632,133.0699,132.47616)
Rsup
[46](0,0,0,0,0,0,0,0,0,0,0,0,0,0,1.4729247,1.4716796,1.70219,1.3548212,1.7522277,2.3697202,2.4173772,2.2274791,2.1837701,2.2166291,1.9904647,1.6629046,1.3630192,1.088379,0.87142848,0.73401504,0.58557475,0.46744899,0.3739328,0.29993565,0.24217109,0.19221132,0.15255823,0.12108555,0.096105662,0.16206648,0.12935859,0.43535258,1.0177453,1.3942987,1.6697549,1.3252853)
Peso chuva 
[46](1.5301098,2,0.59939164,2,2,1.4101154,0.54512746,0.5,0.5,1.9682485,0.5,0.5,0.77217583,1.9633824,0.5,1.4790225,1.9826536,0.5,1.973215,0.5,0.5,0.77992177,0.90018206,0.97533139,0.67766673,0.62617462,0.72802553,0.59403561,0.65140055,1.1317291,0.78050181,1.0280083,1.0471254,1.0795658,1.6148003,2,2,2,2,2,2,0.97992072,0.84522069,2,2,1)
Previsao PMEDIA_ORIG
[13] (0,0.1,0.6,5.3,18.6,9.8,4.6,4.1,3.1,2.3,3.4,4.9,4.7333333)


Sub bacia: PTaquara
cef: 0.96171602
*dm: 0.042431987
ebin: 241.42443
mape: 0.018297827
somacoef: 1.9434182
supin: 62.237544
Iteracoes: 10000
Iteracao otima: 9979
Tempo: 4.579 s

Qcal
[33](0,0,303.66198,301.72905,288.1183,276.94258,271.37196,350.47559,385.26421,384.81987,353.18102,327.76998,307.26285,290.63274,277.07852,265.95225,256.7273,248.99478,242.96138,244.76079,249.10162,241.48296,235.0151,229.44706,224.58654,220.28168,216.41301,223.17063,250.70509,276.54003,312.89502,296.5385,275.30467)
Rsolo
[33](0,75.9906,75.492002,73.10946,70.67793,69.652616,75.113148,78.641774,79.962373,77.71302,75.248146,72.951628,70.978108,69.101036,67.102242,65.113547,63.59996,62.438536,62.155901,62.257903,60.5796,58.850455,57.191064,55.591773,54.052681,52.652385,52.957596,56.040561,59.37918,63.81937,63.542547,62.069575,60.27714)
Rsub
[33](0,58.017207,57.789974,57.555702,57.280158,56.965028,56.635937,56.40663,56.247815,56.117324,55.943163,55.723615,55.464388,55.173353,54.853858,54.505585,54.130454,53.737009,53.331186,52.925664,52.525797,52.107268,51.670667,51.21812,50.751498,50.272544,49.783696,49.303141,48.861707,48.465759,48.134665,47.803033,47.454068)
Rsup
[33](0,0.75741328,0.74539745,0.59162235,0.46957097,0.41773668,1.397071,1.832051,1.8346861,1.4562585,1.1558332,0.91738539,0.72812927,0.57791658,0.4586927,0.36406463,0.2889592,0.23545901,0.27790875,0.35127155,0.27880441,0.22128721,0.17563577,0.13940221,0.1106436,0.087817887,0.19481211,0.55423462,0.89099332,1.3534746,1.1711874,0.92957202,0.7378018)
Peso chuva 
[33](1.7831606,2,1.2171347,0.5,0.5,2,1.2871423,0.5,0.5,0.5,1.2335937,2,2,1.4244483,2,2,1.5905555,0.5,0.58911796,1.0841179,0.5,0.5,0.5,0.5,0.62360527,0.5,2,1.5420645,0.92180266,0.64196333,0.5,0.53781486,1)
Previsao PMEDIA_ORIG
[13] (0,0,0,0.4,8.9,10.8,3.1,4.4,2.9,3.1,3.2,7.3,3.675)


Tempo de execucao em: 25 s

Finalizando execucao: 24-03-2020 18:23:47

