ONS-Operador Nacional Do Sistema Eletrico
Modelo Computacional SMAP
Versao: 2.0.4 Data: 14/05/2019

Iniciando execucao: 25-03-2020 12:56:07

Parametros
   Amplitude inicial: 0.5
   somacoef alvo: 2 (nao e necessario multiplicar por 100)
   Limite de iteracoes: 10000
   Particulas: 24
   Pulso inicial: 0.1
   Uso de pesos: on
   Gerar graficos: off
   Semente: 9952

Sub bacia: CanoasI
cef: 0.98602438
dm: 0.019566927
ebin: 78.300636
mape: 0.013694773
*somacoef: 1.9723296
supin: 72.794271
Iteracoes: 10000
Iteracao otima: 9999
Tempo: 7.17 s

Qcal
[34](0,0,0,151.09491,152.09685,140.54306,191.01066,212.49261,201.19406,183.32599,165.38024,149.3329,136.49067,126.19654,117.92875,111.27294,105.9,101.54846,98.010628,95.121433,92.749688,90.791104,89.162743,87.798636,86.646284,87.895632,93.43365,97.115753,107.15476,120.80173,126.14747,127.26568,122.72251,114.37)
Rsolo
[34](0,0,341.01,344.07298,343.63836,353.63715,354.15394,348.93319,344.50082,342.93314,339.99708,336.50101,333.02832,329.59146,326.19008,322.8238,319.49226,316.1951,312.93196,309.70251,306.51407,303.35829,300.2305,297.1338,296.85252,298.80429,300.45427,304.48068,309.832,313.69192,316.58578,317.52116,316.01339,312.75213)
Rsub
[34](0,0,193.18328,192.68242,192.18285,191.68458,198.26951,205.23817,208.19217,207.83673,207.29787,206.76041,206.22434,205.68967,205.15638,204.62447,204.09394,203.56479,203.03701,202.5106,201.98555,201.46187,200.93954,200.41856,199.89894,199.38067,198.86373,198.34814,197.83389,197.32096,196.80937,196.29911,195.79016,195.28254)
Rsup
[34](0,0,2.2571162,2.2944778,1.9425103,3.6942508,4.4034804,3.6566284,2.8507631,2.3133291,1.8360905,1.457306,1.1566645,0.91804525,0.728653,0.57833227,0.45902263,0.3643265,0.28916613,0.22951131,0.18216325,0.14458307,0.11475566,0.091081625,0.14149069,0.32451645,0.4496582,0.7715906,1.2050978,1.3809331,1.4254261,1.2941341,1.0444981,0.82901869)
Peso chuva 
[34](2,2,1.2582781,1.5636706,2,0.79114299,0.5,0.5,0.5,0.5,0.5,2,1.988366,0.5,1.8312305,0.5,0.86036735,2,2,0.5,0.57181477,0.5,0.50012575,0.5,2,1.0931055,1.2395773,1.7324504,1.0464197,0.90607231,1.5800705,2,1.4109559,1)
Previsao PMEDIA_ORIG
[13] (0,0.1,0.5,1.1,5.8,2.6,2.1,0.9,1.5,3.6,4,4.3,2.2083333)


Sub bacia: Capivara
cef: 0.97888984
dm: 0.030720169
ebin: 139.5361
mape: 0.022317932
*somacoef: 1.9565719
supin: 180.72511
Iteracoes: 10000
Iteracao otima: 9959
Tempo: 9.186 s

Qcal
[33](0,0,320.26121,290.70333,244.2442,234.638,285.51201,311.63537,307.25157,255.50192,219.34634,193.95848,176.03213,163.25582,154.01371,147.29749,142.37117,138.68935,135.87332,133.66011,131.86715,130.36764,129.07355,127.92373,126.87571,137.26633,176.62425,189.5714,187.11302,204.6476,226.3619,206.81162,179.71)
Rsolo
[33](0,66.0592,66.57484,64.943227,65.293399,69.229766,72.322587,73.882931,71.312599,68.894886,66.940722,65.193413,63.585574,61.81129,59.964319,58.357379,56.887326,55.489368,53.876461,52.248824,50.67036,49.139582,47.655049,46.518682,46.465949,49.479756,51.273337,51.913836,54.317468,57.341373,57.304718,55.635865,53.955076)
Rsub
[33](0,65.968619,65.681073,65.421356,65.082522,64.762915,64.64891,64.711287,64.867122,64.869198,64.736314,64.501405,64.180708,63.785656,63.369914,62.956882,62.546542,62.138877,61.733869,61.331501,60.931755,60.534614,60.140062,59.748082,59.358656,58.971769,58.587403,58.205543,57.826171,57.449273,57.07483,56.702828,56.333251)
Rsup
[33](0,1.8218416,1.5300077,1.0672035,0.9775908,1.4972529,1.7630264,1.7175045,1.1925073,0.82798832,0.57489346,0.39919162,0.27723513,0.19249144,0.13365173,0.092797813,0.064431894,0.044736712,0.031061843,0.021567032,0.014974542,0.010397207,0.0072190469,0.0050123688,0.11806102,0.52306711,0.66177964,0.64513958,0.82999022,1.0569228,0.86782578,0.60255363,0.41836839)
Peso chuva 
[33](2,0.5,1.232091,0.5,1.0392209,0.93547176,0.71189563,1.0179207,0.65999871,1.5967505,1.6407819,1.87034,1.7977012,2,1.983915,1.9320741,2,1.9899729,1.986433,2,0.5,2,0.52878876,1.998783,2,1.9742952,1.3713043,0.70018657,0.87141292,0.97536851,2,0.9917378,1)
Previsao PMEDIA_ORIG
[13] (0,0.1,0.6,2.3,7.1,2.5,2.2,2.6,1.4,3.5,4.3,5.8,2.7)


Sub bacia: Chavantes
cef: 0.98930896
dm: 0.020247493
ebin: 44.645848
mape: 0.017194842
*somacoef: 1.9721141
supin: 65.781215
Iteracoes: 10000
Iteracao otima: 9920
Tempo: 10.575 s

Qcal
[34](0,0,0,110.42706,108.61755,90.82883,87.351029,89.19341,87.916244,100.34562,82.660981,69.942935,61.234855,55.255357,51.132588,48.273348,46.274022,44.859992,43.844411,43.100145,42.540694,42.107203,41.759625,41.470712,41.221925,41.000647,40.798295,40.609027,40.428868,41.280455,49.087689,57.72194,54.828678,49.85)
Rsolo
[34](0,0,122.9812,126.06647,125.49595,127.04637,129.37368,131.16288,134.96598,133.44846,131.27086,128.73788,126.23113,123.7732,121.36312,118.99998,116.68284,114.41083,112.19105,110.03292,107.91006,105.81019,103.7511,101.73089,99.750014,98.168667,96.703772,95.235482,94.637177,96.561294,99.349399,99.280271,97.457815,95.560146)
Rsub
[34](0,0,97.659879,97.269375,96.880432,96.493044,96.107206,95.72291,95.340151,94.958922,94.579218,94.201032,93.824358,93.449191,93.075524,92.70335,92.332665,91.963463,91.595736,91.22948,90.864688,90.501355,90.139475,89.779042,89.42005,89.062494,88.706367,88.351665,87.99838,87.646509,87.296044,86.946981,86.599313,86.253036)
Rsup
[34](0,0,1.800251,1.7556151,1.2736529,1.1833218,1.2385699,1.2084254,1.5533721,1.0741616,0.73085418,0.49726953,0.3383397,0.23020464,0.15663009,0.10657033,0.072509919,0.049335386,0.03356755,0.022839193,0.015539673,0.010573116,0.0071938951,0.0048946902,0.0033303228,0.002265935,0.0015417308,0.0010489859,0.028774564,0.24683939,0.4875198,0.41270635,0.28080334,0.19105719)
Peso chuva 
[34](2,0.5,0.5,1.1112529,2,1.1515656,0.59563457,0.5,1.5565124,2,2,1.8588751,0.66852808,1.937705,0.55043602,2,2,1.4657799,1.9697908,2,1.9473073,1.9847724,1.9400369,0.5,0.61549753,2,0.65120037,0.5,1.1535841,1.0173979,0.99116855,1.3041903,0.5,1)
Previsao PMEDIA_ORIG
[13] (0,0.1,0.2,0.8,5,3.5,1.4,0.9,1.8,2.9,3.6,4.1,2.025)


Sub bacia: Jurumirim
cef: 0.99943727
dm: 0.010381264
ebin: 84.542775
mape: 0.010366001
*somacoef: 1.9890713
supin: 148.33112
Iteracoes: 10000
Iteracao otima: 9606
Tempo: 10.524 s

Qcal
[34](0,0,0,232.87389,231.93081,218.75719,201.56943,179.88988,178.58777,194.04086,198.83716,176.89656,158.90488,145.2357,136.55141,128.26587,121.90084,116.95222,113.05051,109.92518,107.38352,105.27221,103.47931,101.92085,100.51931,99.228596,98.050445,97.010549,106.27584,116.0271,183.30793,244.26947,286.25328,360.45003)
Rsolo
[34](0,0,54.972,57.343844,58.117464,57.827477,56.186194,56.913005,59.142834,60.390233,58.256241,55.387098,52.905191,51.547945,49.505222,47.479441,45.560988,43.811229,42.330722,40.979722,39.779619,38.708294,37.532761,36.440308,35.399964,34.41636,33.797692,35.512419,37.708616,45.504291,52.936207,59.022171,66.065421,62.050568)
Rsub
[34](0,0,52.627199,53.34876,54.260818,55.232395,56.17132,56.964248,57.811731,58.846026,59.98518,60.924431,61.615062,62.105961,62.492401,62.731884,62.835672,62.820107,62.703491,62.507358,62.243504,61.923505,61.556677,61.141448,60.6845,60.213714,59.746581,59.283072,58.823158,58.436611,58.451791,58.969577,59.984149,61.670605)
Rsup
[34](0,0,2.9582971,2.9163703,2.6244161,2.2504974,1.7880413,1.7366678,2.01771,2.0802292,1.6061517,1.2172353,0.92249189,0.73356582,0.55593893,0.42132293,0.31930307,0.24198648,0.18339146,0.13898473,0.10533073,0.079825767,0.060496619,0.045847864,0.034746183,0.026332683,0.0205595,0.22019552,0.42940849,1.7836333,2.9989563,3.8196867,5.2669519,3.9916031)
Peso chuva 
[34](0.5,2,0.5,0.60533958,1.2502976,1.0730158,1.1848709,1.2749726,1.4473306,1.107995,0.69245792,0.5,0.5,2,0.5,0.5,0.5,0.5,0.5,0.5,0.5,0.5,0.5,0.5,0.52901921,1.5681965,0.5,2,0.97853852,0.90826993,1.0231232,0.76012294,1.0045943,1)
Previsao PMEDIA_ORIG
[13] (0.1,0.1,0.2,0.6,4,4.2,1.4,1.1,3,4,3.7,3.2,2.1333333)


Sub bacia: Maua
cef: 0.98425468
dm: 0.025642201
ebin: 39.24784
mape: 0.020238758
*somacoef: 1.9640159
supin: 36.803583
Iteracoes: 10000
Iteracao otima: 6913
Tempo: 10.371 s

Qcal
[34](0,0,0,76.051423,72.655269,69.482854,92.205882,109.27027,103.26593,97.720853,92.583274,87.817354,83.397618,79.326299,75.530667,72.003507,68.718161,65.651454,62.791541,60.121742,57.630104,55.320233,53.177017,51.18663,49.336412,47.614779,50.235958,48.790954,52.840002,60.050634,57.517172,54.934667,52.545241,50.332784)
Rsolo
[34](0,0,90.6444,88.502197,86.419011,95.380584,102.78678,100.74711,98.277935,95.841948,93.749085,92.088034,90.689619,88.994902,87.170182,85.266291,83.713777,82.384135,80.912652,79.21955,77.52711,75.870473,74.247849,72.659927,71.105965,73.658873,73.156128,76.588292,81.567682,80.803286,79.392545,77.73304,76.081242,74.45411)
Rsub
[34](0,0,19.170822,19.040546,18.889578,18.7197,18.647106,18.666962,18.660201,18.622749,18.556637,18.467295,18.360599,18.240108,18.103351,17.949842,17.779729,17.597159,17.404752,17.204841,17.007227,16.811882,16.618781,16.427898,16.239208,16.052684,15.868304,15.686041,15.505871,15.33034,15.154256,14.980195,14.808133,14.638047)
Rsup
[34](0,0,2.4283214,2.221839,2.0329139,3.5551395,4.6908635,4.2920112,3.9270575,3.5931361,3.2876084,3.00806,2.7538445,2.5196825,2.3054316,2.1093986,1.9300344,1.7659972,1.6158328,1.478437,1.3527241,1.2377007,1.1324579,1.0361639,0.94805795,1.1462004,1.0757644,1.3675429,1.8676419,1.7241933,1.5775835,1.4434401,1.3207031,1.2084024)
Peso chuva 
[34](2,1.7299036,2,0.5,0.5,1.1038778,1.3353629,0.5,0.5,0.5,0.5,0.5,0.5,0.72024808,2,2,2,0.76075073,2,2,2,2,1.9880945,2,1.9033009,1.9999359,2,1.1944401,1.7914409,2,1.9381072,1.2119875,2,1)
Previsao PMEDIA_ORIG
[13] (0,0,0.3,4,4.3,2.4,1,2.2,2.1,3,4.8,3.8,2.325)


Sub bacia: Rosana
cef: 0.94813138
dm: 0.058386473
ebin: 162.74093
mape: 0.026807215
*somacoef: 1.9213242
supin: 2.452125
Iteracoes: 10000
Iteracao otima: 9302
Tempo: 8.188 s

Qcal
[34](0,0,0,165.19306,164.17257,163.5607,164.46037,230.84569,329.97852,293.38792,230.40134,197.50862,181.19899,197.14864,200.41177,183.17998,174.28663,169.49814,167.12418,165.93804,165.32668,164.98436,164.75959,164.57789,164.40313,164.21832,164.01659,164.23138,171.12355,176.88851,187.32987,186.6576,174.78543,168.56871)
Rsolo
[34](0,0,138.1169,135.90402,133.70388,132.09,139.02206,149.81271,153.93786,151.69942,149.16097,146.75392,148.76784,150.01336,147.66622,145.26857,142.20342,139.34309,136.56699,133.8439,131.2046,128.65897,126.20838,123.85325,121.64502,119.74907,118.37552,118.49963,119.21526,121.39578,122.4131,120.8203,119.06683,116.97908)
Rsub
[34](0,0,315.74243,315.80534,315.80563,315.74536,315.6418,315.73098,316.14965,316.70292,317.18033,317.57402,317.89039,318.26955,318.68766,319.02963,319.29583,319.46829,319.55615,319.5646,319.49773,319.3603,319.15709,318.89269,318.57146,318.19873,317.78329,317.33801,316.89673,316.47278,316.10005,315.75221,315.36812,314.94505)
Rsup
[34](0,0,0.026344641,0.015032548,0.0084572212,0.018456741,0.73224724,1.7967965,1.4013635,0.7215974,0.3655676,0.1881635,0.35776821,0.39072636,0.20327959,0.10583946,0.052919732,0.026459866,0.013229933,0.0066149665,0.0033074833,0.0016537416,0.00082687082,0.00041343541,0.0002067177,0.00010335885,0.0047115009,0.081223927,0.14560392,0.26012927,0.25497066,0.12934701,0.064683995,0.032341998)
Peso chuva 
[34](0.53515623,0.72185726,2,0.67450194,0.93531735,0.5,0.5,0.5565973,0.7116547,0.5,0.93349772,1.5636453,1.4314836,1.5702181,1.6237912,1.6099126,2,2,2,2,2,2,0.84999645,2,2,2,2,2,2,2,2,2,2,1)
Previsao PMEDIA_ORIG
[13] (0,0.1,2.8,10.7,13.8,2,0.9,1.3,1.5,4.6,5.2,12.2,4.5916667)


Tempo de execucao em: 56 s

Finalizando execucao: 25-03-2020 12:57:03

