00083914 13/01/2020 1200 0       
00083914 14/01/2020 1200 0       
00083914 15/01/2020 1200 0       
00083914 16/01/2020 1200 54      
00083914 17/01/2020 1200 20      
00083914 18/01/2020 1200 0       
00083914 19/01/2020 1200 0       
00083914 20/01/2020 1200 0       
00083914 21/01/2020 1200 0.1     
00083914 22/01/2020 1200 12      
00083914 23/01/2020 1200 4       
00083914 24/01/2020 1200 0       
00083914 25/01/2020 1200 0       
00083914 26/01/2020 1200 0       
00083914 27/01/2020 1200 0       
00083914 28/01/2020 1200 18      
00083914 29/01/2020 1200 0       
00083914 30/01/2020 1200 19      
00083914 31/01/2020 1200 0.2     
00083914 01/02/2020 1200 0       
00083914 02/02/2020 1200 0       
00083914 03/02/2020 1200 0       
00083914 04/02/2020 1200 28      
00083914 05/02/2020 1200 0       
00083914 06/02/2020 1200 0       
00083914 07/02/2020 1200 0       
00083914 08/02/2020 1200 0       
00083914 09/02/2020 1200 0       
00083914 10/02/2020 1200 0       
00083914 11/02/2020 1200 0       
00083914 12/02/2020 1200 0       
00083914 13/02/2020 1200 0       
00083914 14/02/2020 1200 0       
00083914 15/02/2020 1200 0       
00083914 16/02/2020 1200 0       
00083914 17/02/2020 1200 0.2     
00083914 18/02/2020 1200 0       
00083914 19/02/2020 1200 10      
00083914 20/02/2020 1200 0       
00083914 21/02/2020 1200 0       
00083914 22/02/2020 1200 0       
00083914 23/02/2020 1200 0       
00083914 24/02/2020 1200 0       
00083914 25/02/2020 1200 2       
00083914 26/02/2020 1200 45      
00083914 27/02/2020 1200 0       
