02749054 13/01/2020 1000 0       
02749054 14/01/2020 1000 0       
02749054 15/01/2020 1000 0       
02749054 16/01/2020 1000 10      
02749054 17/01/2020 1000 4.6     
02749054 18/01/2020 1000 0       
02749054 19/01/2020 1000 0       
02749054 20/01/2020 1000 0       
02749054 21/01/2020 1000 0       
02749054 22/01/2020 1000 3       
02749054 23/01/2020 1000 3.2     
02749054 24/01/2020 1000 1       
02749054 25/01/2020 1000 0       
02749054 26/01/2020 1000 0       
02749054 27/01/2020 1000 0       
02749054 28/01/2020 1000 0       
02749054 29/01/2020 1000 0.8     
02749054 30/01/2020 1000 10.6    
02749054 31/01/2020 1000 16      
02749054 01/02/2020 1000 0       
02749054 02/02/2020 1000 0       
02749054 03/02/2020 1000 11.4    
02749054 04/02/2020 1000 0.6     
02749054 05/02/2020 1000 4.6     
02749054 06/02/2020 1000 0       
02749054 07/02/2020 1000 1.6     
02749054 08/02/2020 1000 2       
02749054 09/02/2020 1000 9.2     
02749054 10/02/2020 1000 0       
02749054 11/02/2020 1000 1.2     
02749054 12/02/2020 1000 0       
02749054 13/02/2020 1000 22.2    
02749054 14/02/2020 1000 0       
02749054 15/02/2020 1000 0       
02749054 16/02/2020 1000 0       
02749054 17/02/2020 1000 0       
02749054 18/02/2020 1000 0       
02749054 19/02/2020 1000 0       
02749054 20/02/2020 1000 0       
02749054 21/02/2020 1000 0       
02749054 22/02/2020 1000 0       
02749054 23/02/2020 1000 0       
02749054 24/02/2020 1000 0       
02749054 25/02/2020 1000 5.2     
02749054 26/02/2020 1000 24      
02749054 27/02/2020 1000 1.8     
