02749059 13/01/2020 1000 8       
02749059 14/01/2020 1000 0.2     
02749059 15/01/2020 1000 0       
02749059 16/01/2020 1000 5.8     
02749059 17/01/2020 1000 9.7     
02749059 18/01/2020 1000 0       
02749059 19/01/2020 1000 0       
02749059 20/01/2020 1000 0       
02749059 21/01/2020 1000 9.6     
02749059 22/01/2020 1000 0       
02749059 23/01/2020 1000 3.8     
02749059 24/01/2020 1000 0       
02749059 25/01/2020 1000 0.2     
02749059 26/01/2020 1000 0       
02749059 27/01/2020 1000 0       
02749059 28/01/2020 1000 3.8     
02749059 29/01/2020 1000 0.4     
02749059 30/01/2020 1000 1.8     
02749059 31/01/2020 1000 1       
02749059 01/02/2020 1000 0       
02749059 02/02/2020 1000 0       
02749059 03/02/2020 1000 1       
02749059 04/02/2020 1000 3       
02749059 05/02/2020 1000 0       
02749059 06/02/2020 1000 0       
02749059 07/02/2020 1000 0.2     
02749059 08/02/2020 1000 0.8     
02749059 09/02/2020 1000 5       
02749059 10/02/2020 1000 5       
02749059 11/02/2020 1000 0       
02749059 12/02/2020 1000 0.2     
02749059 13/02/2020 1000 0.2     
02749059 14/02/2020 1000 0.4     
02749059 15/02/2020 1000 0       
02749059 16/02/2020 1000 0       
02749059 17/02/2020 1000 1.6     
02749059 18/02/2020 1000 0       
02749059 19/02/2020 1000 0       
02749059 20/02/2020 1000 0       
02749059 21/02/2020 1000 0.2     
02749059 22/02/2020 1000 0       
02749059 23/02/2020 1000 0       
02749059 24/02/2020 1000 0       
02749059 25/02/2020 1000 2.2     
02749059 26/02/2020 1000 52.8    
02749059 27/02/2020 1000 1.9     
