02750032 13/01/2020 1000 0       
02750032 14/01/2020 1000 0       
02750032 15/01/2020 1000 0       
02750032 16/01/2020 1000 7       
02750032 17/01/2020 1000 7.4     
02750032 18/01/2020 1000 0       
02750032 19/01/2020 1000 0       
02750032 20/01/2020 1000 0       
02750032 21/01/2020 1000 0       
02750032 22/01/2020 1000 2       
02750032 23/01/2020 1000 3       
02750032 24/01/2020 1000 0       
02750032 25/01/2020 1000 0.4     
02750032 26/01/2020 1000 0.2     
02750032 27/01/2020 1000 0       
02750032 28/01/2020 1000 0       
02750032 29/01/2020 1000 2.4     
02750032 30/01/2020 1000 28.6    
02750032 31/01/2020 1000 4.6     
02750032 01/02/2020 1000 0       
02750032 02/02/2020 1000 0       
02750032 03/02/2020 1000 0       
02750032 04/02/2020 1000 0.6     
02750032 05/02/2020 1000 0       
02750032 06/02/2020 1000 0       
02750032 07/02/2020 1000 0.8     
02750032 08/02/2020 1000 0       
02750032 09/02/2020 1000 0       
02750032 10/02/2020 1000 21.2    
02750032 11/02/2020 1000 0       
02750032 12/02/2020 1000 0       
02750032 13/02/2020 1000 0       
02750032 14/02/2020 1000 0       
02750032 15/02/2020 1000 0       
02750032 16/02/2020 1000 0       
02750032 17/02/2020 1000 0       
02750032 18/02/2020 1000 1.2     
02750032 19/02/2020 1000 7.6     
02750032 20/02/2020 1000 0       
02750032 21/02/2020 1000 0       
02750032 22/02/2020 1000 0       
02750032 23/02/2020 1000 0       
02750032 24/02/2020 1000 0       
02750032 25/02/2020 1000 1.2     
02750032 26/02/2020 1000 4.4     
02750032 27/02/2020 1000 0.4     
