02751037 13/01/2020 1000 0       
02751037 14/01/2020 1000 0       
02751037 15/01/2020 1000 0       
02751037 16/01/2020 1000 10      
02751037 17/01/2020 1000 10      
02751037 18/01/2020 1000 0       
02751037 19/01/2020 1000 0       
02751037 20/01/2020 1000 0       
02751037 21/01/2020 1000 0       
02751037 22/01/2020 1000 5       
02751037 23/01/2020 1000 5       
02751037 24/01/2020 1000 0       
02751037 25/01/2020 1000 0       
02751037 26/01/2020 1000 0       
02751037 27/01/2020 1000 0       
02751037 28/01/2020 1000 0       
02751037 29/01/2020 1000 0       
02751037 30/01/2020 1000 25      
02751037 31/01/2020 1000 2       
02751037 01/02/2020 1000 0       
02751037 02/02/2020 1000 0       
02751037 03/02/2020 1000 20      
02751037 04/02/2020 1000 0       
02751037 05/02/2020 1000 3.3     
02751037 06/02/2020 1000 0       
02751037 07/02/2020 1000 0       
02751037 08/02/2020 1000 9.9     
02751037 09/02/2020 1000 0       
02751037 10/02/2020 1000 23.1    
02751037 11/02/2020 1000 0.3     
02751037 12/02/2020 1000 0       
02751037 13/02/2020 1000 0       
02751037 14/02/2020 1000 0       
02751037 15/02/2020 1000 0       
02751037 16/02/2020 1000 0       
02751037 17/02/2020 1000 1       
02751037 18/02/2020 1000 0       
02751037 19/02/2020 1000 3.3     
02751037 20/02/2020 1000 0       
02751037 21/02/2020 1000 0.3     
02751037 22/02/2020 1000 0       
02751037 23/02/2020 1000 0       
02751037 24/02/2020 1000 0       
02751037 25/02/2020 1000 22.4    
02751037 26/02/2020 1000 40.9    
02751037 27/02/2020 1000 0.3     
