02751028 13/01/2020 1000 0       
02751028 14/01/2020 1000 0       
02751028 15/01/2020 1000 0       
02751028 16/01/2020 1000 13.2    
02751028 17/01/2020 1000 46.4    
02751028 18/01/2020 1000 0       
02751028 19/01/2020 1000 0       
02751028 20/01/2020 1000 0       
02751028 21/01/2020 1000 0       
02751028 22/01/2020 1000 7.4     
02751028 23/01/2020 1000 7.2     
02751028 24/01/2020 1000 0.2     
02751028 25/01/2020 1000 0       
02751028 26/01/2020 1000 0       
02751028 27/01/2020 1000 0       
02751028 28/01/2020 1000 0       
02751028 29/01/2020 1000 0.2     
02751028 30/01/2020 1000 21      
02751028 31/01/2020 1000 1.6     
02751028 01/02/2020 1000 0       
02751028 02/02/2020 1000 0       
02751028 03/02/2020 1000 20.6    
02751028 04/02/2020 1000 0       
02751028 05/02/2020 1000 0       
02751028 06/02/2020 1000 0       
02751028 07/02/2020 1000 0       
02751028 08/02/2020 0000 -       
02751028 09/02/2020 0000 -       
02751028 10/02/2020 0000 -       
02751028 11/02/2020 0000 -       
02751028 12/02/2020 0000 -       
02751028 13/02/2020 1000 1       
02751028 14/02/2020 1000 0       
02751028 15/02/2020 1000 0       
02751028 16/02/2020 1000 0       
02751028 17/02/2020 1000 0       
02751028 18/02/2020 1000 0       
02751028 19/02/2020 1000 0       
02751028 20/02/2020 1000 0       
02751028 21/02/2020 1000 0       
02751028 22/02/2020 1000 0       
02751028 23/02/2020 1000 0       
02751028 24/02/2020 1000 0       
02751028 25/02/2020 1000 0.4     
02751028 26/02/2020 1000 128     
02751028 27/02/2020 1000 0.8     
