99990828 13/01/2020 1200 0       
99990828 14/01/2020 1200 0       
99990828 15/01/2020 1200 0       
99990828 16/01/2020 1200 16.6    
99990828 17/01/2020 1200 18.4    
99990828 18/01/2020 1200 0       
99990828 19/01/2020 1200 0       
99990828 20/01/2020 1200 0       
99990828 21/01/2020 1200 0.2     
99990828 22/01/2020 1200 7.4     
99990828 23/01/2020 1200 5.8     
99990828 24/01/2020 1200 0       
99990828 25/01/2020 1200 0       
99990828 26/01/2020 1200 0       
99990828 27/01/2020 1200 0       
99990828 28/01/2020 1200 0       
99990828 29/01/2020 1200 10.6    
99990828 30/01/2020 1200 12.6    
99990828 31/01/2020 1200 0.2     
99990828 01/02/2020 1200 0       
99990828 02/02/2020 1200 0       
99990828 03/02/2020 1200 12.6    
99990828 04/02/2020 1200 0       
99990828 05/02/2020 1200 0       
99990828 06/02/2020 1200 0       
99990828 07/02/2020 1200 0       
99990828 08/02/2020 1200 0       
99990828 09/02/2020 1200 3.2     
99990828 10/02/2020 1200 0       
99990828 11/02/2020 1200 0       
99990828 12/02/2020 1200 0       
99990828 13/02/2020 1200 1.6     
99990828 14/02/2020 1200 0       
99990828 15/02/2020 1200 0       
99990828 16/02/2020 1200 0       
99990828 17/02/2020 1200 10.4    
99990828 18/02/2020 1200 0       
99990828 19/02/2020 1200 0       
99990828 20/02/2020 1200 0       
99990828 21/02/2020 1200 0       
99990828 22/02/2020 1200 0       
99990828 23/02/2020 1200 0       
99990828 24/02/2020 1200 0       
99990828 25/02/2020 1200 0.8     
99990828 26/02/2020 1200 62.6    
99990828 27/02/2020 1200 0       
