99990815 13/01/2020 1200 0       
99990815 14/01/2020 1200 0       
99990815 15/01/2020 1200 0       
99990815 16/01/2020 1200 30      
99990815 17/01/2020 1200 2.6     
99990815 18/01/2020 1200 0       
99990815 19/01/2020 1200 0.2     
99990815 20/01/2020 1200 0       
99990815 21/01/2020 1200 2.2     
99990815 22/01/2020 1200 4.4     
99990815 23/01/2020 1200 1.2     
99990815 24/01/2020 1200 1.6     
99990815 25/01/2020 1200 1.2     
99990815 26/01/2020 1200 0       
99990815 27/01/2020 1200 0       
99990815 28/01/2020 1200 0.8     
99990815 29/01/2020 1200 23      
99990815 30/01/2020 1200 7       
99990815 31/01/2020 1200 0.6     
99990815 01/02/2020 1200 13.8    
99990815 02/02/2020 1200 0       
99990815 03/02/2020 1200 5.4     
99990815 04/02/2020 1200 0.2     
99990815 05/02/2020 1200 0       
99990815 06/02/2020 1200 0.8     
99990815 07/02/2020 1200 10.8    
99990815 08/02/2020 1200 4.8     
99990815 09/02/2020 1200 7.2     
99990815 10/02/2020 1200 0.8     
99990815 11/02/2020 1200 0       
99990815 12/02/2020 1200 0       
99990815 13/02/2020 1200 0.8     
99990815 14/02/2020 1200 0       
99990815 15/02/2020 1200 0.2     
99990815 16/02/2020 1200 0       
99990815 17/02/2020 1200 4.4     
99990815 18/02/2020 1200 0       
99990815 19/02/2020 1200 1.6     
99990815 20/02/2020 1200 0.2     
99990815 21/02/2020 1200 0       
99990815 22/02/2020 1200 0.2     
99990815 23/02/2020 1200 0       
99990815 24/02/2020 1200 0       
99990815 25/02/2020 1200 3       
99990815 26/02/2020 1200 22.4    
99990815 27/02/2020 1200 11.2    
