99990860 13/01/2020 1200 0       
99990860 14/01/2020 1200 0       
99990860 15/01/2020 1200 0       
99990860 16/01/2020 1200 7.2     
99990860 17/01/2020 1200 6.8     
99990860 18/01/2020 1200 0       
99990860 19/01/2020 1200 0       
99990860 20/01/2020 1200 0       
99990860 21/01/2020 1200 0       
99990860 22/01/2020 1200 2.8     
99990860 23/01/2020 1200 2.4     
99990860 24/01/2020 1200 0.2     
99990860 25/01/2020 1200 0.6     
99990860 26/01/2020 1200 0       
99990860 27/01/2020 1200 0       
99990860 28/01/2020 1200 0       
99990860 29/01/2020 1200 2.4     
99990860 30/01/2020 1200 26.2    
99990860 31/01/2020 1200 4.4     
99990860 01/02/2020 1200 0.2     
99990860 02/02/2020 1200 0       
99990860 03/02/2020 1200 0       
99990860 04/02/2020 1200 0.8     
99990860 05/02/2020 1200 0.2     
99990860 06/02/2020 1200 0       
99990860 07/02/2020 1200 1       
99990860 08/02/2020 1200 0.2     
99990860 09/02/2020 1200 2.8     
99990860 10/02/2020 1200 27.8    
99990860 11/02/2020 1200 0       
99990860 12/02/2020 1200 0       
99990860 13/02/2020 1200 0       
99990860 14/02/2020 1200 0       
99990860 15/02/2020 1200 0       
99990860 16/02/2020 1200 0       
99990860 17/02/2020 1200 0       
99990860 18/02/2020 1200 2.2     
99990860 19/02/2020 1200 12.4    
99990860 20/02/2020 1200 0.2     
99990860 21/02/2020 1200 0       
99990860 22/02/2020 1200 0       
99990860 23/02/2020 1200 0       
99990860 24/02/2020 1200 0       
99990860 25/02/2020 1200 12      
99990860 26/02/2020 1200 65      
99990860 27/02/2020 1200 2.4     
