00083811 07/02/2020 1200 0       
00083811 08/02/2020 1200 0       
00083811 09/02/2020 1200 0       
00083811 10/02/2020 1200 0.2     
00083811 11/02/2020 1200 0       
00083811 12/02/2020 1200 0       
00083811 13/02/2020 1200 0       
00083811 14/02/2020 1200 0       
00083811 15/02/2020 1200 0       
00083811 16/02/2020 1200 0       
00083811 17/02/2020 1200 0       
00083811 18/02/2020 1200 0       
00083811 19/02/2020 1200 0       
00083811 20/02/2020 1200 4       
00083811 21/02/2020 1200 0       
00083811 22/02/2020 1200 0       
00083811 23/02/2020 1200 0       
00083811 24/02/2020 1200 0       
00083811 25/02/2020 1200 0.6     
00083811 26/02/2020 1200 15      
00083811 27/02/2020 1200 6       
00083811 28/02/2020 1200 0       
00083811 29/02/2020 1200 0       
00083811 01/03/2020 1200 0       
00083811 02/03/2020 1200 0       
00083811 03/03/2020 1200 0.3     
00083811 04/03/2020 1200 0       
00083811 05/03/2020 1200 0       
00083811 06/03/2020 1200 0       
00083811 07/03/2020 1200 0       
00083811 08/03/2020 1200 0       
00083811 09/03/2020 1200 8       
00083811 10/03/2020 1200 0       
00083811 11/03/2020 1200 0       
00083811 12/03/2020 1200 0       
00083811 13/03/2020 1200 0       
00083811 14/03/2020 1200 0       
00083811 15/03/2020 1200 0       
00083811 16/03/2020 1200 0       
00083811 17/03/2020 1200 0       
00083811 18/03/2020 1200 0       
00083811 19/03/2020 1200 14      
00083811 20/03/2020 1200 2       
00083811 21/03/2020 1200 0       
00083811 22/03/2020 1200 0       
00083811 23/03/2020 1200 0       
00083811 24/03/2020 1200 0.0