00083813 07/02/2020 1200 0       
00083813 08/02/2020 1200 10      
00083813 09/02/2020 1200 4       
00083813 10/02/2020 1200 0       
00083813 11/02/2020 1200 1       
00083813 12/02/2020 1200 0.7     
00083813 13/02/2020 1200 0       
00083813 14/02/2020 1200 0.2     
00083813 15/02/2020 1200 0       
00083813 16/02/2020 1200 0       
00083813 17/02/2020 1200 0       
00083813 18/02/2020 1200 6       
00083813 19/02/2020 1200 0       
00083813 20/02/2020 1200 4       
00083813 21/02/2020 1200 0       
00083813 22/02/2020 1200 12      
00083813 23/02/2020 1200 0       
00083813 24/02/2020 1200 0       
00083813 25/02/2020 1200 0       
00083813 26/02/2020 1200 22      
00083813 27/02/2020 1200 3       
00083813 28/02/2020 1200 0       
00083813 29/02/2020 1200 0       
00083813 01/03/2020 1200 0       
00083813 02/03/2020 1200 0       
00083813 03/03/2020 1200 0.1     
00083813 04/03/2020 1200 0       
00083813 05/03/2020 1200 0       
00083813 06/03/2020 1200 0       
00083813 07/03/2020 1200 0       
00083813 08/03/2020 1200 0       
00083813 09/03/2020 1200 0       
00083813 10/03/2020 1200 0       
00083813 11/03/2020 1200 0       
00083813 12/03/2020 1200 0       
00083813 13/03/2020 1200 0       
00083813 14/03/2020 1200 0       
00083813 15/03/2020 1200 0       
00083813 16/03/2020 1200 0       
00083813 17/03/2020 1200 5       
00083813 18/03/2020 1200 2       
00083813 19/03/2020 1200 2       
00083813 20/03/2020 1200 0       
00083813 21/03/2020 1200 0       
00083813 22/03/2020 1200 0       
00083813 23/03/2020 1200 0       
00083813 24/03/2020 1200 0.018228515623560926