02252050 07/02/2020 1000 10      
02252050 08/02/2020 1000 0       
02252050 09/02/2020 1000 0       
02252050 10/02/2020 1000 0       
02252050 11/02/2020 1000 0       
02252050 12/02/2020 1000 0       
02252050 13/02/2020 1000 0       
02252050 14/02/2020 1000 0       
02252050 15/02/2020 1000 0       
02252050 16/02/2020 1000 0       
02252050 17/02/2020 1000 0       
02252050 18/02/2020 1000 20.5    
02252050 19/02/2020 1000 7.3     
02252050 20/02/2020 1000 2.8     
02252050 21/02/2020 1000 2.8     
02252050 22/02/2020 1000 7.3     
02252050 23/02/2020 1000 0       
02252050 24/02/2020 1000 0       
02252050 25/02/2020 1000 0       
02252050 26/02/2020 1000 53.5    
02252050 27/02/2020 1000 53.5    
02252050 28/02/2020 1000 0       
02252050 29/02/2020 1000 0       
02252050 01/03/2020 1000 0       
02252050 02/03/2020 1000 0       
02252050 03/03/2020 1000 50.3    
02252050 04/03/2020 1000 0       
02252050 05/03/2020 1000 5.5     
02252050 06/03/2020 1000 0       
02252050 07/03/2020 1000 0       
02252050 08/03/2020 1000 0       
02252050 09/03/2020 1000 0       
02252050 10/03/2020 1000 0       
02252050 11/03/2020 1000 0       
02252050 12/03/2020 1000 0       
02252050 13/03/2020 1000 0       
02252050 14/03/2020 1000 0       
02252050 15/03/2020 1000 0       
02252050 16/03/2020 1000 3       
02252050 17/03/2020 1000 0       
02252050 18/03/2020 1000 7.8     
02252050 19/03/2020 1000 1.8     
02252050 20/03/2020 1000 23      
02252050 21/03/2020 1000 1.3     
02252050 22/03/2020 1000 0       
02252050 23/03/2020 1000 0       
02252050 24/03/2020 1000 0.0