02252049 07/02/2020 1000 0.5     
02252049 08/02/2020 1000 0       
02252049 09/02/2020 1000 0       
02252049 10/02/2020 1000 0       
02252049 11/02/2020 1000 0.3     
02252049 12/02/2020 1000 0       
02252049 13/02/2020 1000 0       
02252049 14/02/2020 1000 0       
02252049 15/02/2020 1000 0       
02252049 16/02/2020 1000 0       
02252049 17/02/2020 1000 0       
02252049 18/02/2020 1000 10      
02252049 19/02/2020 1000 3.5     
02252049 20/02/2020 1000 1       
02252049 21/02/2020 1000 1.5     
02252049 22/02/2020 1000 0       
02252049 23/02/2020 1000 0       
02252049 24/02/2020 1000 0       
02252049 25/02/2020 1000 0       
02252049 26/02/2020 1000 31.5    
02252049 27/02/2020 1000 48.8    
02252049 28/02/2020 1000 0       
02252049 29/02/2020 1000 0       
02252049 01/03/2020 1000 0       
02252049 02/03/2020 1000 0       
02252049 03/03/2020 1000 19.5    
02252049 04/03/2020 1000 0       
02252049 05/03/2020 1000 0       
02252049 06/03/2020 1000 0       
02252049 07/03/2020 1000 0       
02252049 08/03/2020 1000 0       
02252049 09/03/2020 1000 0       
02252049 10/03/2020 1000 0       
02252049 11/03/2020 1000 0       
02252049 12/03/2020 1000 0       
02252049 13/03/2020 1000 0       
02252049 14/03/2020 1000 0       
02252049 15/03/2020 1000 0       
02252049 16/03/2020 1000 0       
02252049 17/03/2020 1000 0       
02252049 18/03/2020 1000 13      
02252049 19/03/2020 1000 0.3     
02252049 20/03/2020 1000 6.8     
02252049 21/03/2020 1000 0.3     
02252049 22/03/2020 1000 0       
02252049 23/03/2020 1000 0       
02252049 24/03/2020 1000 0.0