02348090 07/02/2020 1000 0       
02348090 08/02/2020 1000 0       
02348090 09/02/2020 1000 5.8     
02348090 10/02/2020 1000 16.5    
02348090 11/02/2020 1000 1.3     
02348090 12/02/2020 1000 0       
02348090 13/02/2020 1000 0       
02348090 14/02/2020 1000 0       
02348090 15/02/2020 1000 7.8     
02348090 16/02/2020 1000 0       
02348090 17/02/2020 1000 0       
02348090 18/02/2020 1000 0       
02348090 19/02/2020 1000 0       
02348090 20/02/2020 1000 44.3    
02348090 21/02/2020 1000 2.8     
02348090 22/02/2020 1000 11.5    
02348090 23/02/2020 1000 0       
02348090 24/02/2020 1000 0       
02348090 25/02/2020 1000 4.5     
02348090 26/02/2020 1000 7.8     
02348090 27/02/2020 1000 7.8     
02348090 28/02/2020 1000 0.3     
02348090 29/02/2020 1000 0       
02348090 01/03/2020 1000 0       
02348090 02/03/2020 1000 0       
02348090 03/03/2020 1000 0.3     
02348090 04/03/2020 1000 0       
02348090 05/03/2020 1000 0       
02348090 06/03/2020 1000 0       
02348090 07/03/2020 1000 0       
02348090 08/03/2020 1000 0       
02348090 09/03/2020 1000 0       
02348090 10/03/2020 1000 0       
02348090 11/03/2020 1000 0       
02348090 12/03/2020 1000 0       
02348090 13/03/2020 1000 0       
02348090 14/03/2020 1000 0       
02348090 15/03/2020 1000 0       
02348090 16/03/2020 1000 0       
02348090 17/03/2020 1000 5.3     
02348090 18/03/2020 1000 0       
02348090 19/03/2020 1000 27.5    
02348090 20/03/2020 1000 52      
02348090 21/03/2020 1000 7.8     
02348090 22/03/2020 1000 0       
02348090 23/03/2020 1000 0       
02348090 24/03/2020 1000 0.6143580312157685