99990871 07/02/2020 1200 15.6    
99990871 08/02/2020 1200 1.2     
99990871 09/02/2020 1200 0       
99990871 10/02/2020 1200 6       
99990871 11/02/2020 1200 0       
99990871 12/02/2020 1200 0       
99990871 13/02/2020 1200 0       
99990871 14/02/2020 1200 0       
99990871 15/02/2020 1200 0       
99990871 16/02/2020 1200 0       
99990871 17/02/2020 1200 0       
99990871 18/02/2020 1200 0       
99990871 19/02/2020 1200 1.8     
99990871 20/02/2020 1200 14.6    
99990871 21/02/2020 1200 0       
99990871 22/02/2020 1200 14.6    
99990871 23/02/2020 1200 0       
99990871 24/02/2020 1200 0       
99990871 25/02/2020 1200 0       
99990871 26/02/2020 1200 21      
99990871 27/02/2020 1200 17.4    
99990871 28/02/2020 1200 0       
99990871 29/02/2020 1200 0       
99990871 01/03/2020 1200 0       
99990871 02/03/2020 1200 0       
99990871 03/03/2020 1200 0       
99990871 04/03/2020 1200 0       
99990871 05/03/2020 1200 0       
99990871 06/03/2020 1200 0       
99990871 07/03/2020 1200 0       
99990871 08/03/2020 1200 0       
99990871 09/03/2020 1200 0       
99990871 10/03/2020 1200 0       
99990871 11/03/2020 1200 0       
99990871 12/03/2020 1200 0       
99990871 13/03/2020 1200 0       
99990871 14/03/2020 1200 0       
99990871 15/03/2020 1200 0       
99990871 16/03/2020 1200 0       
99990871 17/03/2020 1200 7.8     
99990871 18/03/2020 1200 0       
99990871 19/03/2020 1200 3.2     
99990871 20/03/2020 1200 8.8     
99990871 21/03/2020 1200 0.2     
99990871 22/03/2020 1200 0       
99990871 23/03/2020 1200 0       
99990871 24/03/2020 1200 0.0