99990714 07/02/2020 1200 0.8     
99990714 08/02/2020 1200 0       
99990714 09/02/2020 1200 0.4     
99990714 10/02/2020 1200 19      
99990714 11/02/2020 1200 1.4     
99990714 12/02/2020 1200 0       
99990714 13/02/2020 1200 0       
99990714 14/02/2020 1200 0       
99990714 15/02/2020 1200 0       
99990714 16/02/2020 1200 0       
99990714 17/02/2020 1200 0       
99990714 18/02/2020 1200 0       
99990714 19/02/2020 1200 0       
99990714 20/02/2020 1200 51.4    
99990714 21/02/2020 1200 0       
99990714 22/02/2020 1200 15      
99990714 23/02/2020 1200 0       
99990714 24/02/2020 1200 0       
99990714 25/02/2020 1200 2.6     
99990714 26/02/2020 1200 4.6     
99990714 27/02/2020 1200 8       
99990714 28/02/2020 1200 0       
99990714 29/02/2020 1200 0       
99990714 01/03/2020 1200 0       
99990714 02/03/2020 1200 0.4     
99990714 03/03/2020 1200 0       
99990714 04/03/2020 1200 0       
99990714 05/03/2020 1200 0       
99990714 06/03/2020 1200 0       
99990714 07/03/2020 1200 0       
99990714 08/03/2020 1200 0       
99990714 09/03/2020 1200 0       
99990714 10/03/2020 1200 0       
99990714 11/03/2020 1200 0       
99990714 12/03/2020 1200 0       
99990714 13/03/2020 1200 0       
99990714 14/03/2020 1200 0       
99990714 15/03/2020 1200 0       
99990714 16/03/2020 1200 0       
99990714 17/03/2020 1200 0       
99990714 18/03/2020 1200 0       
99990714 19/03/2020 1200 7.4     
99990714 20/03/2020 1200 0       
99990714 21/03/2020 1200 1.6     
99990714 22/03/2020 1200 0       
99990714 23/03/2020 1200 0       
99990714 24/03/2020 1200 0.763125000002264