ONS-Operador Nacional Do Sistema Eletrico
Modelo Computacional SMAP
Versao: 3.0.0 Data: 23/09/2019

Iniciando execucao: 22-03-2020 13:01:20

Parametros
   Amplitude inicial: 0.5
   somacoef alvo: 2 (nao e necessario multiplicar por 100)
   Limite de iteracoes: 10000
   Particulas: 24
   Pulso inicial: 0.1
   Uso de pesos: on
   Gerar graficos: off
   Semente: 9952

Sub bacia: CanoasI
cef: 0.98591215
dm: 0.020845906
ebin: 80.276231
mape: 0.015365036
*somacoef: 1.9705471
supin: 58.748757
Iteracoes: 10000
Iteracao otima: 9908
Tempo: 9.02 s

Qcal
[34](0,0,0,139.02499,146.74155,147.23323,151.06336,152.78694,142.44883,186.53507,209.93546,199.91323,182.34412,164.89014,149.24854,136.73674,126.71516,118.67322,112.20548,106.98992,102.77082,99.345027,96.551137,94.260911,92.372428,90.804667,89.493207,88.386806,89.680094,94.16886,98.081327,108.05824,122.24394,127.62999)
Rsolo
[34](0,0,334.44,338.51575,341.26974,344.67885,347.36577,344.61516,353.39356,354.10245,348.92191,344.49809,342.93243,340.2278,336.72935,333.25431,329.81512,326.41143,323.04286,319.70906,316.40967,313.14432,309.91267,306.74131,303.60552,300.4838,297.38954,297.10794,298.60105,300.24457,304.20016,309.63164,313.47677,310.24169)
Rsub
[34](0,0,198.05747,197.54397,197.03179,196.52095,196.32677,198.12669,197.88147,204.26181,211.17494,214.10504,213.73226,213.17812,212.62541,212.07414,211.5243,210.97588,210.42889,209.88331,209.33915,208.7964,208.25505,207.71511,207.17657,206.63942,206.10367,205.56931,205.03633,204.50474,203.97452,203.44568,202.91821,202.3921)
Rsup
[34](0,0,1.82161,2.0673294,2.0890115,2.2141915,2.2700747,1.9269022,3.4013984,4.2279436,3.5533297,2.7900986,2.2651784,1.7979576,1.4270399,1.1326423,0.89897879,0.71351994,0.56632115,0.4494894,0.35675997,0.28316058,0.2247447,0.17837999,0.14158029,0.11237235,0.089189993,0.14010282,0.2898054,0.42136547,0.74070835,1.1903121,1.366842,1.0848633)
Peso chuva 
[34](1.9210906,0.5,0.5921692,0.90873938,0.88336702,1.045736,1.5544526,2,0.73460553,0.5,0.5,0.5,0.5,0.69194453,2,0.5,2,0.5,1.9683797,2,1.3095474,1.9992678,0.5,2,2,2,2,2,1.0140643,1.2382034,1.7173377,1.0553027,0.90433273,1)
Previsao ETA40_LIMITES
[13] (0,0,0,0,0,0.49888889,16.925556,2.5255556,0,0.045555556,1.9995556,1.9995556,1.9995556)
Previsao PMEDIA_ORIG
[13] (0,0,0,0.1,0.1,0.3,5.4,6.9,8.5,8.6,1.9,1.7,2.7916667)
Previsao PRECMEDIA_ETA40.GEFS
[13] (0,0,0,0.1,0.09,0.26,4.57,6.26,11.13,8.31,3.072,3.072,3.072)
Previsao PRECZERADA_ETA40
[13] (0,0,0,0,0,0,0,0,0,0,0,0,0)


Sub bacia: Capivara
cef: 0.99012601
dm: 0.018998403
ebin: 136.34488
mape: 0.016230949
*somacoef: 1.9738951
supin: 43.479503
Iteracoes: 10000
Iteracao otima: 9736
Tempo: 8.354 s

Qcal
[33](0,0,179.82438,242.05117,286.45763,320.28195,289.91249,243.11505,234.80245,285.86255,312.12199,308.13086,256.2278,220.02981,194.66357,176.77906,164.0709,154.92055,148.18075,143.19945,139.47804,136.63313,134.3985,132.58928,131.07712,129.77288,128.61467,127.5595,138.06626,179.1183,193.80931,196.19164,222.86994)
Rsolo
[33](0,60.9824,64.994973,68.79291,72.344579,72.338219,70.263478,70.320604,73.77144,76.40587,77.582291,74.566134,71.746527,69.317274,67.348245,65.555416,63.626681,61.696813,59.888763,58.380134,56.947149,55.267469,53.59781,51.978592,50.408291,48.88543,47.68061,47.626173,50.727235,52.685736,53.910308,57.07736,55.353023)
Rsub
[33](0,64.459901,64.039765,63.71244,63.581589,63.652221,63.722017,63.67196,63.625433,63.781522,64.102644,64.499069,64.698496,64.726787,64.617797,64.404661,64.102322,63.709689,63.294442,62.881902,62.472051,62.064871,61.660346,61.258456,60.859187,60.462519,60.068437,59.676924,59.287962,58.901535,58.517627,58.136222,57.757302)
Rsup
[33](0,0.43830526,1.0745553,1.5291844,1.8729485,1.565296,1.0920553,1.0093254,1.5250409,1.786427,1.7393462,1.2076726,0.83851795,0.58220445,0.40423944,0.28067652,0.19488088,0.13531078,0.093949736,0.065231704,0.04529204,0.031447422,0.021834749,0.015160425,0.01052627,0.0073086587,0.0050745887,0.11933862,0.54146692,0.69780269,0.73000423,1.0070736,0.69923699)
Peso chuva 
[33](0.59866704,2,1.6215566,1.2547948,1.3708323,1.1946353,0.5,1.039062,0.91495471,0.6969201,1.0009718,0.5,0.5,0.7110155,1.7120864,1.6964398,1.9311297,1.6549235,0.51249472,2,2,1.2421906,2,0.5,2,2,1.7475217,2,2,1.4099079,0.78340105,0.9755404,1)
Previsao ETA40_LIMITES
[13] (0,0,0.0053333333,0,0,2.1046667,10.363333,1.1606667,0.081333333,0.065333333,1.3780667,1.3780667,1.3780667)
Previsao PMEDIA_ORIG
[13] (0.1,0,0,0,0,0.6,3.7,6.6,8.9,8.5,2,1.4,2.65)
Previsao PRECMEDIA_ETA40.GEFS
[13] (0.08,0.01,0,0.04,0.04,0.58,4.2,7.48,13.21,8.81,3.445,3.445,3.445)
Previsao PRECZERADA_ETA40
[13] (0,0,0,0,0,0,0,0,0,0,0,0,0)


Sub bacia: Chavantes
cef: 0.99255995
dm: 0.019529361
ebin: 46.633628
mape: 0.018056622
*somacoef: 1.9745033
supin: 5.8639562
Iteracoes: 10000
Iteracao otima: 9450
Tempo: 8.636 s

Qcal
[34](0,0,0,52.497584,64.358447,89.111096,111.09554,109.25879,92.06026,88.254047,88.619678,89.438767,101.05166,83.938845,71.534744,62.978029,57.068306,52.990506,50.159364,48.17667,46.77148,45.759446,45.015137,44.45321,44.015595,43.662785,43.367894,43.112631,42.884548,42.675177,42.478754,42.291356,43.467439,51.460015)
Rsolo
[34](0,0,120.9036,123.07945,127.78026,132.86663,135.51841,134.89907,136.07966,137.79324,139.41215,142.43859,140.32509,137.36809,134.6015,131.98058,129.4107,126.89085,124.42007,121.9974,119.6219,117.29478,115.01776,112.78345,110.58771,108.43471,106.3233,104.253,102.31733,100.68245,99.15375,98.639627,100.5614,98.603295)
Rsub
[34](0,0,102.00802,101.60013,101.19387,100.78923,100.38621,99.984807,99.585006,99.186804,98.921948,98.787452,98.903169,98.842972,98.546027,98.151979,97.759507,97.368604,96.979265,96.591482,96.20525,95.820562,95.437412,95.055795,94.675703,94.297132,93.920074,93.544523,93.170475,92.797922,92.426859,92.057279,91.689178,91.322548)
Rsup
[34](0,0,0.16048035,0.49018274,1.1726774,1.7793936,1.7341692,1.2685146,1.169351,1.1843392,1.2100691,1.5295646,1.0597863,0.72107331,0.49061467,0.33381177,0.22712386,0.15453394,0.10514412,0.071539533,0.048675141,0.033118322,0.022533541,0.015331709,0.010431618,0.0070976206,0.0048291856,0.0032857537,0.0022356104,0.0015210981,0.0010349476,0.037844942,0.26118513,0.17770906)
Peso chuva 
[34](2,1.9597927,0.5,0.5,0.72024433,1.0999211,1.0511125,2,1.0830863,0.54182569,0.5,1.4636727,2,0.5,0.5,2,1.7221097,1.88886,0.87451456,0.76458876,2,0.5,0.5,0.5,0.5,0.5,2,0.64884908,0.5,0.5,0.5,1.2523089,1.0183421,1)
Previsao ETA40_LIMITES
[13] (0,0,0.0375,0,0,0,7.1075,0.6,0.02,0,0.7765,0.7765,0.7765)
Previsao PMEDIA_ORIG
[13] (0,0,0,0.1,0.1,0.2,0.8,5.1,8.1,7.5,1.5,1.7,2.0916667)
Previsao PRECMEDIA_ETA40.GEFS
[13] (0.01,0.02,0.05,0.09,0.05,0.14,2.24,5.01,10.35,8.47,2.643,2.643,2.643)
Previsao PRECZERADA_ETA40
[13] (0,0,0,0,0,0,0,0,0,0,0,0,0)


Sub bacia: Jurumirim
cef: 0.99601745
dm: 0.014048349
ebin: 69.073263
mape: 0.013472025
*somacoef: 1.9825454
supin: 98.427125
Iteracoes: 10000
Iteracao otima: 9569
Tempo: 8.858 s

Qcal
[34](0,0,0,167.50039,174.05823,203.72551,230.41559,232.9148,219.5196,202.31348,180.53627,178.76699,195.70251,201.08783,178.2413,160.62216,147.26228,138.91331,132.74628,126.20901,121.1541,117.19168,114.03732,111.48956,109.3872,107.61296,106.08476,104.72053,103.47093,102.29343,101.46631,110.8059,121.92332,192.9)
Rsolo
[34](0,0,60.156,61.335311,64.188148,66.774785,67.661739,67.006537,65.561066,63.045207,62.803299,64.264843,64.813544,61.87217,58.582573,55.754676,54.151524,52.715619,50.375126,48.181643,46.194449,44.514141,42.988163,41.636083,40.505982,39.289928,38.160392,37.013385,35.948542,35.4459,37.156832,39.4937,47.34696,45.429761)
Rsub
[34](0,0,42.997551,44.238202,45.578451,47.18498,49.045151,50.985475,52.840711,54.530337,55.954454,57.343978,58.866913,60.433362,61.698689,62.653226,63.360368,63.933667,64.39228,64.677224,64.811306,64.818675,64.7264,64.5497,64.303148,64.002019,63.645529,63.241084,62.791099,62.30397,61.820621,61.387588,61.060825,61.169134)
Rsup
[34](0,0,1.9630181,2.054058,2.6027986,3.0836309,3.0738773,2.7445596,2.3419634,1.8535079,1.7725946,2.0658359,2.1244471,1.6186117,1.2266783,0.9296483,0.74048152,0.59911926,0.4540475,0.34410366,0.26078181,0.19763565,0.14977982,0.11351187,0.086025914,0.065195452,0.049408913,0.037444954,0.028377969,0.02748902,0.22924248,0.46484074,1.8908599,1.4330038)
Peso chuva 
[34](2,0.52670052,0.5,1.2687867,1.3567638,0.88302324,0.58057477,1.1644099,1.0112457,1.1140864,1.1992646,1.4088244,1.0757354,0.5,0.5,0.5,2,2,0.5,0.5,0.5,0.5,0.5,0.50101177,0.66784494,2,2,2,2,0.69740633,2,1.0146828,0.92382543,1)
Previsao ETA40_LIMITES
[13] (0.035,0.038,0.105,0,0,0,5.267,1.23,0.091,0,0.6766,0.6766,0.6766)
Previsao PMEDIA_ORIG
[13] (0,0.1,0.2,0.2,0.1,0.2,0.6,4.2,8.2,8.3,1.6,1.7,2.1166667)
Previsao PRECMEDIA_ETA40.GEFS
[13] (0.05,0.08,0.2,0.19,0.08,0.2,1.74,4.45,8.57,7.6,2.316,2.316,2.316)
Previsao PRECZERADA_ETA40
[13] (0,0,0,0,0,0,0,0,0,0,0,0,0)


Sub bacia: Maua
cef: 0.97895539
dm: 0.037802027
ebin: 41.533751
mape: 0.031402513
*somacoef: 1.9475529
supin: 37.139468
Iteracoes: 10000
Iteracao otima: 9889
Tempo: 8.871 s

Qcal
[34](0,0,0,78.673219,75.20165,77.350452,73.94977,70.776594,67.807144,92.413103,108.88002,102.94023,97.452794,92.367152,87.648043,83.270186,79.235551,75.472424,71.971916,68.707945,65.660053,62.813411,60.16398,57.708917,55.432049,53.318574,51.354948,49.52877,47.828693,50.421408,48.992772,52.75,57.842338,55.522044)
Rsolo
[34](0,0,89.1891,87.653747,90.066044,88.173066,86.112327,84.107172,93.618385,101.00456,99.019307,96.610578,94.232966,92.191282,90.57303,89.212153,87.458149,85.567613,83.709316,82.094061,80.726987,79.29462,77.635376,75.975525,74.35102,72.760892,71.204771,69.681931,72.238209,71.745284,75.045841,79.117987,78.379181,76.702904)
Rsub
[34](0,0,20.287388,20.129108,19.957118,19.811724,19.648576,19.467019,19.268672,19.169684,19.160431,19.126336,19.063483,18.973784,18.862396,18.734907,18.594696,18.438388,18.265519,18.077329,17.876852,17.671519,17.468544,17.267901,17.069562,16.873502,16.679693,16.48811,16.298728,16.111521,15.926465,15.743534,15.562704,15.383951)
Rsup
[34](0,0,2.4504833,2.2428077,2.4078192,2.2030801,2.0157501,1.844349,3.4946568,4.5945246,4.2038637,3.8464053,3.5193418,3.2200889,2.9462817,2.6972954,2.4679418,2.2580904,2.0660829,1.8904019,1.7296593,1.5825847,1.4480161,1.3248899,1.2122333,1.109156,1.0148434,0.92855031,1.1252009,1.0562265,1.3291281,1.6898338,1.5611659,1.4284185)
Peso chuva 
[34](0.5,2,2,0.5,1.4935134,0.5,0.5,0.5,1.1507744,1.3272461,0.5,0.5,0.5,0.5,0.5,0.5,0.5,0.5,1.4612303,1.3042843,0.63650579,2,2,0.58486802,0.52773883,0.5,0.5,2,2,2,1.171312,1.59629,2,1)
Previsao ETA40_LIMITES
[13] (0.008,0.016,0.12,0,0.032,0.032,4.148,0.403,0.372,0,0.5131,0.5131,0.5131)
Previsao PMEDIA_ORIG
[13] (0,0,0,0.1,0,0.1,1.2,3.8,6.1,8.1,1.2,1.1,1.8083333)
Previsao PRECMEDIA_ETA40.GEFS
[13] (0,0.02,0.07,0.05,0.03,0.06,1.93,5.38,8.77,9.55,2.586,2.586,2.586)
Previsao PRECZERADA_ETA40
[13] (0,0,0,0,0,0,0,0,0,0,0,0,0)


Sub bacia: Rosana
cef: 0.88650964
dm: 0.12106356
ebin: 170.01285
mape: 0.04214646
*somacoef: 1.8443632
supin: 0
Iteracoes: 10000
Iteracao otima: 9625
Tempo: 9.007 s

Qcal
[34](0,0,0,170.01285,171.59199,183.04338,182.30426,176.4088,173.41036,173.09244,239.18094,332.55817,295.32812,235.04867,203.59205,187.97607,201.44957,204.86004,189.23175,181.05063,176.4808,174.20521,173.05739,172.45442,172.10561,171.867,171.66787,171.47395,171.26919,171.04718,171.24138,178.10983,183.85175,194.26815)
Rsolo
[34](0,0,141.8892,140.02449,140.27294,139.16235,136.88853,134.67679,133.03046,139.93383,150.36579,154.17213,151.92458,149.41917,147.03454,148.66417,149.71566,147.45124,145.12124,142.06258,139.20823,136.43778,133.72005,131.0858,128.54493,126.09882,123.74792,121.54362,119.6512,118.28062,118.40688,119.12464,121.30728,119.13739)
Rsub
[34](0,0,329.85107,329.98493,330.06349,330.14908,330.20214,330.19016,330.11665,329.99853,330.0744,330.47124,330.99273,331.43798,331.80048,332.08626,332.4228,332.79212,333.08825,333.31099,333.44044,333.48572,333.45198,333.34329,333.16438,332.92004,332.61482,332.25306,331.84008,331.38464,330.89958,330.41869,329.95525,329.54313)
Rsup
[34](0,0,0,0.016224325,0.13881854,0.13040373,0.066771432,0.0346237,0.031615234,0.74229751,1.7450846,1.3429024,0.69239663,0.35197391,0.18219469,0.32536609,0.36014321,0.19019404,0.10065951,0.050329754,0.025164877,0.012582439,0.0062912193,0.0031456096,0.0015728048,0.00078640241,0.0003932012,0.0001966006,9.8300301e-005,0.0047066719,0.08118459,0.14553634,0.26001228,0.13000614)
Peso chuva 
[34](0.85379532,1.9982459,2,0.5,0.5,0.5,0.65369286,0.97473057,0.5,0.5,0.54435705,0.68888754,0.5,0.97748356,1.6198057,1.357487,1.5232408,1.7388659,1.7220399,2,2,2,2,2,2,0.5,0.63333498,2,2,2,2,2,2,1)
Previsao ETA40_LIMITES
[13] (0,0,0,0,0,7.4425,6.11125,1.41625,0.09375,0,1.506375,1.506375,1.506375)
Previsao PMEDIA_ORIG
[13] (0,0,0,0.1,0.1,0.9,5.4,10.8,19.5,10.5,2.8,2,4.3416667)
Previsao PRECMEDIA_ETA40.GEFS
[13] (0.03,0.01,0,0.05,0.03,1.78,5.4,10.65,20.58,8.63,4.716,4.716,4.716)
Previsao PRECZERADA_ETA40
[13] (0,0,0,0,0,0,0,0,0,0,0,0,0)


Tempo de execucao em: 53 s

Finalizando execucao: 22-03-2020 13:02:13

