02348034 23/01/2020 1000 7.8     
02348034 24/01/2020 1000 5       
02348034 25/01/2020 1000 0       
02348034 26/01/2020 1000 0       
02348034 27/01/2020 1000 0       
02348034 28/01/2020 1000 0       
02348034 29/01/2020 1000 0       
02348034 30/01/2020 1000 1.5     
02348034 31/01/2020 1000 13.5    
02348034 01/02/2020 1000 0       
02348034 02/02/2020 1000 62.8    
02348034 03/02/2020 1000 8.3     
02348034 04/02/2020 1000 16.3    
02348034 05/02/2020 1000 3.5     
02348034 06/02/2020 1000 0       
02348034 07/02/2020 1000 3.8     
02348034 08/02/2020 1000 0       
02348034 09/02/2020 1000 1       
02348034 10/02/2020 1000 32.8    
02348034 11/02/2020 1000 1.5     
02348034 12/02/2020 1000 0       
02348034 13/02/2020 1000 0       
02348034 14/02/2020 1000 0       
02348034 15/02/2020 1000 5       
02348034 16/02/2020 1000 0       
02348034 17/02/2020 1000 0       
02348034 18/02/2020 1000 0       
02348034 19/02/2020 1000 0       
02348034 20/02/2020 1000 3.8     
02348034 21/02/2020 1000 0       
02348034 22/02/2020 1000 13.5    
02348034 23/02/2020 1000 0       
02348034 24/02/2020 1000 0       
02348034 25/02/2020 1000 0       
02348034 26/02/2020 1000 12.3    
02348034 27/02/2020 1000 7.5     
02348034 28/02/2020 1000 0       
02348034 29/02/2020 1000 0       
02348034 01/03/2020 1000 0       
02348034 02/03/2020 1000 0       
02348034 03/03/2020 1000 0.3     
02348034 04/03/2020 1000 0       
02348034 05/03/2020 1000 0       
02348034 06/03/2020 1000 0       
02348034 07/03/2020 1000 0       
02348034 08/03/2020 1000 0       
02348034 09/03/2020 1000 0.0