02448072 23/01/2020 1000 0.8     
02448072 24/01/2020 1000 0       
02448072 25/01/2020 1000 0       
02448072 26/01/2020 1000 0       
02448072 27/01/2020 1000 0       
02448072 28/01/2020 1000 0       
02448072 29/01/2020 1000 0       
02448072 30/01/2020 1000 0       
02448072 31/01/2020 1000 6.3     
02448072 01/02/2020 1000 0       
02448072 02/02/2020 1000 72.8    
02448072 03/02/2020 1000 57.5    
02448072 04/02/2020 1000 0       
02448072 05/02/2020 1000 4.5     
02448072 06/02/2020 1000 0       
02448072 07/02/2020 1000 0       
02448072 08/02/2020 1000 1.8     
02448072 09/02/2020 1000 8.3     
02448072 10/02/2020 1000 2.8     
02448072 11/02/2020 1000 0       
02448072 12/02/2020 1000 0       
02448072 13/02/2020 1000 0       
02448072 14/02/2020 1000 0       
02448072 15/02/2020 1000 0       
02448072 16/02/2020 1000 0       
02448072 17/02/2020 1000 0       
02448072 18/02/2020 1000 5       
02448072 19/02/2020 1000 0       
02448072 20/02/2020 1000 85.3    
02448072 21/02/2020 1000 0       
02448072 22/02/2020 1000 30.3    
02448072 23/02/2020 1000 0       
02448072 24/02/2020 1000 0       
02448072 25/02/2020 1000 0.8     
02448072 26/02/2020 1000 5.8     
02448072 27/02/2020 1000 13      
02448072 28/02/2020 1000 0       
02448072 29/02/2020 1000 0       
02448072 01/03/2020 1000 0       
02448072 02/03/2020 1000 0.5     
02448072 03/03/2020 1000 0.8     
02448072 04/03/2020 1000 0       
02448072 05/03/2020 1000 0       
02448072 06/03/2020 1000 0       
02448072 07/03/2020 1000 0       
02448072 08/03/2020 1000 0       
02448072 09/03/2020 1000 8.842308531051087