99990715 23/01/2020 1200 2       
99990715 24/01/2020 1200 0.4     
99990715 25/01/2020 1200 0.2     
99990715 26/01/2020 1200 0       
99990715 27/01/2020 1200 0.2     
99990715 28/01/2020 1200 0.2     
99990715 29/01/2020 1200 0.2     
99990715 30/01/2020 1200 1.4     
99990715 31/01/2020 1200 24.2    
99990715 01/02/2020 1200 0       
99990715 02/02/2020 1200 37.4    
99990715 03/02/2020 1200 29.4    
99990715 04/02/2020 1200 20.4    
99990715 05/02/2020 1200 3.2     
99990715 06/02/2020 1200 2.2     
99990715 07/02/2020 1200 0.4     
99990715 08/02/2020 1200 0.2     
99990715 09/02/2020 1200 1.6     
99990715 10/02/2020 1200 11.2    
99990715 11/02/2020 1200 1.8     
99990715 12/02/2020 1200 0.4     
99990715 13/02/2020 1200 0.2     
99990715 14/02/2020 1200 0.4     
99990715 15/02/2020 1200 0       
99990715 16/02/2020 1200 0.8     
99990715 17/02/2020 1200 0.2     
99990715 18/02/2020 1200 2.4     
99990715 19/02/2020 1200 0.2     
99990715 20/02/2020 1200 17.4    
99990715 21/02/2020 1200 17      
99990715 22/02/2020 1200 2.2     
99990715 23/02/2020 1200 0.2     
99990715 24/02/2020 1200 0.4     
99990715 25/02/2020 1200 0       
99990715 26/02/2020 1200 2       
99990715 27/02/2020 1200 9       
99990715 28/02/2020 1200 0.2     
99990715 29/02/2020 1200 0.4     
99990715 01/03/2020 1200 0.4     
99990715 02/03/2020 1200 0.2     
99990715 03/03/2020 1200 0.6     
99990715 04/03/2020 1200 0.2     
99990715 05/03/2020 1200 0.4     
99990715 06/03/2020 1200 0.2     
99990715 07/03/2020 1200 0.4     
99990715 08/03/2020 1200 0       
99990715 09/03/2020 1200 3.120312500121289