99990849 23/01/2020 1200 35      
99990849 24/01/2020 1200 0       
99990849 25/01/2020 1200 0       
99990849 26/01/2020 1200 0       
99990849 27/01/2020 1200 0       
99990849 28/01/2020 1200 0       
99990849 29/01/2020 1200 0       
99990849 30/01/2020 1200 24.2    
99990849 31/01/2020 1200 13.4    
99990849 01/02/2020 1200 30.8    
99990849 02/02/2020 1200 41.4    
99990849 03/02/2020 1200 21.8    
99990849 04/02/2020 1200 3.6     
99990849 05/02/2020 1200 0.2     
99990849 06/02/2020 1200 6.8     
99990849 07/02/2020 1200 0       
99990849 08/02/2020 1200 0       
99990849 09/02/2020 1200 0       
99990849 10/02/2020 1200 0       
99990849 11/02/2020 1200 0.2     
99990849 12/02/2020 1200 0       
99990849 13/02/2020 1200 0       
99990849 14/02/2020 1200 0       
99990849 15/02/2020 1200 0       
99990849 16/02/2020 1200 0       
99990849 17/02/2020 1200 0       
99990849 18/02/2020 1200 0       
99990849 19/02/2020 1200 0       
99990849 20/02/2020 1200 0.4     
99990849 21/02/2020 1200 47.8    
99990849 22/02/2020 1200 0       
99990849 23/02/2020 1200 0       
99990849 24/02/2020 1200 0       
99990849 25/02/2020 1200 0       
99990849 26/02/2020 1200 59.6    
99990849 27/02/2020 1200 29.8    
99990849 28/02/2020 1200 0       
99990849 29/02/2020 1200 0       
99990849 01/03/2020 1200 0       
99990849 02/03/2020 1200 0       
99990849 03/03/2020 1200 3.8     
99990849 04/03/2020 1200 0       
99990849 05/03/2020 1200 0       
99990849 06/03/2020 1200 0       
99990849 07/03/2020 1200 0       
99990849 08/03/2020 1200 0       
99990849 09/03/2020 1200 0.4689062500521407