99990871 23/01/2020 1200 12.4    
99990871 24/01/2020 1200 5.6     
99990871 25/01/2020 1200 0       
99990871 26/01/2020 1200 0       
99990871 27/01/2020 1200 0       
99990871 28/01/2020 1200 0       
99990871 29/01/2020 1200 0       
99990871 30/01/2020 1200 1.2     
99990871 31/01/2020 1200 1.6     
99990871 01/02/2020 1200 0.2     
99990871 02/02/2020 1200 10.2    
99990871 03/02/2020 1200 30.8    
99990871 04/02/2020 1200 0.8     
99990871 05/02/2020 1200 0.6     
99990871 06/02/2020 1200 0       
99990871 07/02/2020 1200 15.6    
99990871 08/02/2020 1200 1.2     
99990871 09/02/2020 1200 0       
99990871 10/02/2020 1200 6       
99990871 11/02/2020 1200 0       
99990871 12/02/2020 1200 0       
99990871 13/02/2020 1200 0       
99990871 14/02/2020 1200 0       
99990871 15/02/2020 1200 0       
99990871 16/02/2020 1200 0       
99990871 17/02/2020 1200 0       
99990871 18/02/2020 1200 0       
99990871 19/02/2020 1200 1.8     
99990871 20/02/2020 1200 14.6    
99990871 21/02/2020 1200 0       
99990871 22/02/2020 1200 14.6    
99990871 23/02/2020 1200 0       
99990871 24/02/2020 1200 0       
99990871 25/02/2020 1200 0       
99990871 26/02/2020 1200 21      
99990871 27/02/2020 1200 17.4    
99990871 28/02/2020 1200 0       
99990871 29/02/2020 1200 0       
99990871 01/03/2020 1200 0       
99990871 02/03/2020 1200 0       
99990871 03/03/2020 1200 0       
99990871 04/03/2020 1200 0       
99990871 05/03/2020 1200 0       
99990871 06/03/2020 1200 0       
99990871 07/03/2020 1200 0       
99990871 08/03/2020 1200 0       
99990871 09/03/2020 1200 0.0