ONS-Operador Nacional Do Sistema Eletrico
Modelo Computacional SMAP
Versao: 2.0.4 Data: 14/05/2019

Iniciando execucao: 25-03-2020 12:56:15

Parametros
   Amplitude inicial: 0.5
   dm alvo: 0 (nao e necessario multiplicar por 100)
   Limite de iteracoes: 10000
   Particulas: 24
   Pulso inicial: 0.1
   Uso de pesos: on
   Gerar graficos: off
   Semente: 9952

Sub bacia: SMesa
cef: 0.98364022
*dm: 0.023706278
ebin: 753.55343
mape: 0.017156493
somacoef: 1.9664837
supin: 457.8678
Iteracoes: 10000
Iteracao otima: 9982
Tempo: 9.852 s

Qcal
[34](0,0,0,1211.4212,1148.8263,1320.7816,1227.767,1238.0022,1121.8728,1316.7791,1461.4579,1437.259,1462.3564,1622.1678,1734.7861,2059.8267,2203.3623,2158.2565,2013.3777,1735.7445,1767.0854,1581.868,1507.5762,1384.0261,1275.9851,1183.8101,1112.6644,1059.4317,1019.3898,1159.2646,1470.2247,1712.3837,1611.941,1830.0798)
Rsolo
[34](0,0,39.180698,40.055481,46.224707,44.294706,45.628501,42.901279,48.055398,50.700033,49.369028,49.641686,52.22507,53.168401,56.639311,56.642268,54.459611,51.5295,45.741954,48.740787,44.927012,44.615703,42.454157,40.731145,39.155468,37.584463,35.938214,34.630302,38.59347,46.487523,51.542236,48.367954,52.542935,44.875909)
Rsub
[34](0,0,119.82963,118.55858,117.32909,118.33394,118.5696,119.32079,119.03434,120.79413,123.74397,126.04059,128.43802,132.05323,136.10992,142.00819,147.84558,152.41397,155.42993,155.83547,157.50772,157.56999,157.51161,156.66229,155.24305,153.59636,151.96714,150.3552,148.76037,147.18244,147.97841,151.04766,152.60506,156.12406)
Rsup
[34](0,0,2.6368141,2.3223677,3.3571668,2.7851146,2.8355233,2.1395419,3.2723606,4.041821,3.7956332,3.856994,4.6905087,5.208141,6.9331037,7.5461044,7.0749433,6.075156,4.367072,4.5328743,3.4056657,2.9755712,2.2661731,1.6747338,1.1953054,0.84521933,0.59766032,0.42543928,1.2887215,3.1366533,4.5023968,3.8128043,5.0126421,3.5444732)
Peso chuva 
[34](0.5,2,2,2,2,2,2,2,2,1.344999,1.1975805,0.90196694,1.3292745,1.4419494,0.9649195,0.50828872,0.55743635,0.5,0.5,1.1705256,0.5,0.67068578,0.5,0.5,0.5,0.5,0.5,0.5,1.2758643,1.4420144,0.98256059,0.71692498,0.9994723,1)
Previsao PMEDIA_ORIG
[13] (3,1.9,1.6,2.3,1.1,1.3,1.1,1.6,2.2,3.1,2.9,3,2.0916667)


Tempo de execucao em: 10 s

Finalizando execucao: 25-03-2020 12:56:25

