ONS-Operador Nacional Do Sistema Eletrico
Modelo Computacional SMAP
Versao: 3.0.0 Data: 23/09/2019

Iniciando execucao: 27-02-2020 14:04:42

Parametros
   Amplitude inicial: 0.5
   dm alvo: 0 (nao e necessario multiplicar por 100)
   Limite de iteracoes: 10000
   Particulas: 24
   Pulso inicial: 0.1
   Uso de pesos: on
   Gerar graficos: off
   Semente: 9952

Sub bacia: BBonita
cef: 0.97691719
*dm: 0.039132995
ebin: 130.9454
mape: 0.031600239
somacoef: 1.9453169
supin: 160.01528
Iteracoes: 10000
Iteracao otima: 9512
Tempo: 8.743 s

Qcal
[34](0,0,0,290.96068,246.54881,213.52352,224.98011,292.02998,355.78747,373.03405,611.24351,1003.0496,1295.2231,1211.3963,1002.4849,823.27871,709.00546,704.55489,1052.314,1158.3993,1144.4343,1064.3583,834.29156,672.22393,557.43995,475.57489,416.66443,411.29208,514.4764,609.11279,550.90457,486.63985,444.56905,529.27041)
Rsolo
[34](0,0,67.019104,64.546964,61.985655,61.776536,64.298458,67.092663,68.561389,75.158492,85.295815,96.741902,94.375933,90.604158,86.637042,83.690495,83.660863,89.140354,92.515848,93.089116,92.569601,86.611215,80.683693,75.50157,71.044134,67.407416,66.751912,70.208816,73.771618,72.923018,71.119472,69.622191,72.5964,68.23242)
Rsub
[34](0,0,91.28877,91.993879,92.548144,92.955543,93.349753,93.883684,94.581956,95.368981,96.600632,98.629171,101.72036,104.56212,107.0309,109.13025,110.96771,112.79465,115.09261,117.69564,120.34232,122.92752,124.95502,126.47734,127.59772,128.402,128.9686,129.49241,130.23304,131.21303,132.12941,132.91889,133.60621,134.48953)
Rsup
[34](0,0,1.5975172,1.1440325,0.80638624,0.91492926,1.5786783,2.207557,2.3697391,4.7366396,10.522436,20.416088,8.8421556,6.1083118,4.4447453,3.4239546,3.4932789,7.0696691,8.8712212,8.0469225,7.2824178,5.0570236,3.5112208,2.4379304,1.6927174,1.175297,1.1902726,2.2845018,3.2854935,2.7526558,2.1560906,1.7790224,2.6654175,1.8506676)
Peso chuva 
[34](2,0.5,1.8352357,2,2,2,2,1.5807147,0.77582242,1.2732119,1.4755025,2,0.5,0.5,0.5,0.5,0.75085545,0.78626952,0.58110945,0.68329707,1.2030577,0.5,0.58187334,1.8987052,0.86573122,0.72463496,1.2199321,1.3755786,0.91030453,0.5,0.5,0.7234088,0.78129581,1)
Previsao ETA40_LIMITES
[13] (0.66133333,0.762,0.98466667,1.0013333,5.57,0.888,0.334,0.016666667,0.044666667,0.077333333,1.034,1.034,1.034)
Previsao PMEDIA_ORIG
[13] (0.5,0.4,1.5,1,3.8,3.1,0.9,0.8,0.3,0.5,0.4,0.2,1.1166667)
Previsao PRECMEDIA_ETA40.GEFS
[13] (0.53,0.61,1.82,1.26,4.67,2.56,1.4,0.74,0.31,0.37,1.427,1.427,1.427)
Previsao PRECZERADA_
[13] (0,0,0,0,0,0,0,0,0,0,0,0,0)


Sub bacia: ESouza
cef: 0.818293
*dm: 0.23031738
ebin: 51.244609
mape: 0.14152265
somacoef: 1.6767703
supin: 21.558895
Iteracoes: 10000
Iteracao otima: 9969
Tempo: 8.513 s

Qcal
[34](0,0,0,72.803503,63.996055,144.1782,132.28501,115.3779,157.79909,523.2395,570.99883,443.66364,298.17992,263.35743,263.39794,232.96395,238.54423,1110.8508,908.462,582.70837,382.7361,260.75361,185.9526,139.82245,135.49761,169.61118,348.74162,298.77034,271.20875,195.6545,148.90457,120.08274,351.9609,541.01378)
Rsolo
[34](0,0,12.330377,11.323999,17.774445,17.588391,16.522913,19.799852,26.977366,23.731694,21.163796,16.490293,19.284603,21.007686,19.930516,20.843174,29.95684,22.192775,16.219431,14.008877,12.919848,12.206329,11.187519,13.630628,18.163946,24.413534,20.604089,20.489978,15.965374,14.170079,13.186637,23.698872,25.39103,15.587732)
Rsub
[34](0,0,120.45551,119.54149,118.6344,119.79898,120.85649,121.37465,123.69267,131.70087,136.76846,139.86866,140.22713,142.08516,145.03772,147.25853,150.05998,160.94602,164.59863,164.64326,163.78618,162.57569,161.34205,160.11778,159.16373,160.23167,165.64682,168.14845,170.55553,170.43973,169.59666,168.42511,173.18743,179.35089)
Rsup
[34](0,0,0.98474244,0.60020724,4.2803015,3.7144283,2.9216152,4.8492125,21.496336,23.522217,17.607473,10.901991,9.3044436,9.2701887,7.822686,8.0344205,47.824203,38.36818,23.417802,14.282831,8.7277095,5.3345576,3.2514493,3.0776946,4.6544337,12.815796,10.428038,9.1205,5.6226452,3.4895059,2.1893978,12.803628,21.346427,13.010793)
Peso chuva 
[34](2,1.6948494,1.9757861,0.76192283,1.781765,0.92361341,0.66650265,2,0.61128966,0.5,0.5,0.5,0.99702459,0.62103707,2,1.8018844,0.84273438,0.5,0.5,0.5,0.5,2,1.4314629,2,2,1.9710476,0.80787938,0.8719839,0.5,1.9994487,1.9975253,1.6933547,1.5436964,1)
Previsao ETA40_LIMITES
[13] (0.69,3.03,0.21,2.75,12.05,0.83,0.14,0.07,0.07,2,2.184,2.184,2.184)
Previsao PMEDIA_ORIG
[13] (1.2,2.6,9.4,6.7,11,5.3,2.9,2,1.1,1.7,0.5,1.2,3.8)
Previsao PRECMEDIA_ETA40.GEFS
[13] (1.44,3.24,6.31,7.02,13.71,4.7,2.25,2.04,1.46,1.66,4.383,4.383,4.383)
Previsao PRECZERADA_
[13] (0,0,0,0,0,0,0,0,0,0,0,0,0)


Sub bacia: Ibitinga
cef: 0.9989265
*dm: 0.006150306
ebin: 161.35727
mape: 0.0060558953
somacoef: 1.9928706
supin: 29.314487
Iteracoes: 10000
Iteracao otima: 9948
Tempo: 8.629 s

Qcal
[34](0,0,0,190.67176,183.12084,165.18421,178.32463,193.66731,211.53755,226.653,234.95206,240.73504,242.27715,248.50017,257.9001,292.73924,368.29054,486.49624,766.70812,716.70721,492.40514,346.1933,257.90456,217.14308,206.5613,203.11661,207.04902,220.4658,229.35761,244.22072,255.42377,266.62767,276.95421,280.20733)
Rsolo
[34](0,0,37.512944,37.954628,37.085901,37.905776,40.019203,43.260254,47.043031,50.613069,53.020684,54.37104,55.378399,56.259705,58.155703,61.458889,65.588529,71.888187,71.532933,66.466877,61.232323,55.35291,50.341625,47.369907,45.533729,45.135581,45.758006,47.03297,49.033345,50.867651,52.525873,53.915177,54.683656,49.803995)
Rsub
[34](0,0,203.99628,202.81151,201.63361,200.46256,199.2983,198.14081,196.99004,196.22203,196.67001,198.02666,199.91977,202.2235,204.8936,208.39967,213.48122,220.72936,231.71564,242.41111,249.98713,254.71312,256.68779,256.68661,255.67588,254.19096,252.71466,251.24693,250.16062,249.73865,249.96859,250.82221,252.22226,253.93003)
Rsup
[34](0,0,0.2869915,0.22224197,0.055762032,0.19347633,0.35269831,0.53661299,0.69350588,0.78070179,0.83384866,0.83844038,0.8847045,0.95889116,1.2792927,1.9917966,3.1096908,5.7968625,5.2222738,2.9435127,1.4534185,0.55246662,0.13811665,0.034529164,0.0086322909,0.058629793,0.20141345,0.2998308,0.45375419,0.56670066,0.67460732,0.76909484,0.79010151,0.19752538)
Peso chuva 
[34](2,2,2,1.240804,2,1.1987465,1.0993301,1.0753919,1.2303583,1.1594831,1.1214109,1.3057119,1.0498098,1.1406149,1.4896178,1.600661,1.1435445,1.6152989,1.671273,1.3661847,1.03068,0.87424811,1.7960724,0.5,0.5,2,0.91214849,0.71507448,0.85620083,1.0845737,1.1254031,1.0182304,0.61149708,1)
Previsao ETA40_LIMITES
[13] (0.37333333,0.30333333,0.41111111,0.023333333,0.33444444,0.21777778,0.10888889,0.18666667,0.24111111,0.78444444,0.29844444,0.29844444,0.29844444)
Previsao PMEDIA_ORIG
[13] (0.4,0.5,1.5,0.8,1.9,1.6,0.5,0.4,0.2,0.4,0.5,0.3,0.75)
Previsao PRECMEDIA_ETA40.GEFS
[13] (0.52,0.53,1.6,2.17,2.04,1.75,0.89,0.55,0.33,0.61,1.099,1.099,1.099)
Previsao PRECZERADA_
[13] (0,0,0,0,0,0,0,0,0,0,0,0,0)


Sub bacia: NAvanhanda
cef: 0.78085979
*dm: 0.22002973
ebin: 165.99535
mape: 0.019764808
somacoef: 1.761095
supin: 0
Iteracoes: 10000
Iteracao otima: 9972
Tempo: 8.697 s

Qcal
[34](0,0,0,165.99535,165.63593,165.27033,173.11003,186.90214,185.31016,182.04822,180.26941,188.01814,184.27786,181.45043,185.95515,189.26804,192.44152,202.92511,222.86998,206.57477,194.26108,185.06369,179.05609,178.8217,177.0187,179.64686,173.82341,175.70611,176.7692,172.28728,169.63166,180.91548,179.82254,195.89393)
Rsolo
[34](0,0,169.63178,167.16274,164.77694,166.0629,169.81898,169.57534,168.76865,168.15291,170.52237,169.83215,169.15734,170.6591,172.15521,173.8884,177.84072,184.22804,182.15587,179.34159,176.57865,175.09683,174.80816,174.20001,174.85131,172.30174,172.42308,172.43782,170.99936,169.87811,172.91365,172.71948,177.53162,174.77519)
Rsub
[34](0,0,290.94342,290.31346,289.67266,289.02174,288.379,287.75712,287.13569,286.51184,285.88658,285.27524,284.66202,284.04701,283.44148,282.84547,282.26034,281.69843,281.17457,280.64011,280.09108,279.52819,278.95877,278.38936,277.81825,277.25223,276.67413,276.09828,275.5241,274.94394,274.35955,273.79271,273.22641,272.68779)
Rsup
[34](0,0,0,0,0,0.15314326,0.4172166,0.39414252,0.33991734,0.31337937,0.46455293,0.40129911,0.3550905,0.44565161,0.51388304,0.57941324,0.78116694,1.1591342,0.86078983,0.63681681,0.47112041,0.36506362,0.36675125,0.33918284,0.39427741,0.29168849,0.33295397,0.35890915,0.28142754,0.23807171,0.45474243,0.44038992,0.74616041,0.55201337)
Peso chuva 
[34](0.89849561,0.58026397,1.9069098,0.5,0.5,0.5,0.5,0.83280404,1.2592854,0.5,0.5,0.5,1.1081957,1.222323,2,0.75278985,0.63142587,2,2,0.5,0.5,2,1.4003805,0.78050799,1.4900011,0.5,1.0848031,0.83649468,2,2,1.3077958,0.63438368,0.5,1)
Previsao ETA40_LIMITES
[13] (0.71875,1.00125,0.2375,0.60375,0.7725,1.13125,0.2525,1.18625,0.17375,0.505,0.65825,0.65825,0.65825)
Previsao PMEDIA_ORIG
[13] (1,0.8,1.7,2.7,2.2,1.5,0.7,0.3,0.3,0.8,0.8,0.4,1.1)
Previsao PRECMEDIA_ETA40.GEFS
[13] (1.47,1.09,1.69,2.71,1.8,1.39,0.61,0.45,0.28,0.65,1.214,1.214,1.214)
Previsao PRECZERADA_
[13] (0,0,0,0,0,0,0,0,0,0,0,0,0)


Tempo de execucao em: 35 s

Finalizando execucao: 27-02-2020 14:05:17

