00083836 17/01/2020 1200 24      
00083836 18/01/2020 1200 0       
00083836 19/01/2020 1200 0       
00083836 20/01/2020 1200 0       
00083836 21/01/2020 1200 0       
00083836 22/01/2020 1200 0       
00083836 23/01/2020 1200 0.4     
00083836 24/01/2020 1200 2       
00083836 25/01/2020 1200 0       
00083836 26/01/2020 1200 0       
00083836 27/01/2020 1200 0       
00083836 28/01/2020 1200 0.1     
00083836 29/01/2020 1200 2       
00083836 30/01/2020 1200 0.1     
00083836 31/01/2020 1200 4       
00083836 01/02/2020 1200 0.8     
00083836 02/02/2020 1200 0.1     
00083836 03/02/2020 1200 15      
00083836 04/02/2020 1200 0       
00083836 05/02/2020 1200 1       
00083836 06/02/2020 1200 0       
00083836 07/02/2020 1200 0       
00083836 08/02/2020 1200 0       
00083836 09/02/2020 1200 0       
00083836 10/02/2020 1200 2       
00083836 11/02/2020 1200 0       
00083836 12/02/2020 1200 0       
00083836 13/02/2020 1200 0       
00083836 14/02/2020 1200 0       
00083836 15/02/2020 1200 0       
00083836 16/02/2020 1200 0       
00083836 17/02/2020 1200 0       
00083836 18/02/2020 1200 0       
00083836 19/02/2020 1200 1       
00083836 20/02/2020 1200 44      
00083836 21/02/2020 1200 0       
00083836 22/02/2020 1200 3       
00083836 23/02/2020 1200 0       
00083836 24/02/2020 1200 0       
00083836 25/02/2020 1200 0       
00083836 26/02/2020 1200 13      
00083836 27/02/2020 1200 1       
00083836 28/02/2020 1200 0       
00083836 29/02/2020 1200 0       
00083836 01/03/2020 1200 0       
00083836 02/03/2020 1200 0.1     
