02249109 17/01/2020 1000 8.5     
02249109 18/01/2020 1000 0       
02249109 19/01/2020 1000 0       
02249109 20/01/2020 1000 0       
02249109 21/01/2020 1000 0       
02249109 22/01/2020 1000 0       
02249109 23/01/2020 1000 5       
02249109 24/01/2020 1000 9.8     
02249109 25/01/2020 1000 0       
02249109 26/01/2020 1000 0       
02249109 27/01/2020 1000 0       
02249109 28/01/2020 1000 0       
02249109 29/01/2020 1000 0       
02249109 30/01/2020 1000 10.8    
02249109 31/01/2020 1000 4.5     
02249109 01/02/2020 1000 3.8     
02249109 02/02/2020 1000 3       
02249109 03/02/2020 1000 3.5     
02249109 04/02/2020 1000 25.5    
02249109 05/02/2020 1000 0       
02249109 06/02/2020 1000 8.5     
02249109 07/02/2020 1000 0       
02249109 08/02/2020 1000 5.8     
02249109 09/02/2020 1000 0.8     
02249109 10/02/2020 1000 84      
02249109 11/02/2020 1000 21.8    
02249109 12/02/2020 1000 0       
02249109 13/02/2020 1000 0       
02249109 14/02/2020 1000 0       
02249109 15/02/2020 1000 0       
02249109 16/02/2020 1000 0       
02249109 17/02/2020 1000 0       
02249109 18/02/2020 1000 1       
02249109 19/02/2020 1000 1.5     
02249109 20/02/2020 1000 8       
02249109 21/02/2020 1000 4.8     
02249109 22/02/2020 1000 26.8    
02249109 23/02/2020 1000 0       
02249109 24/02/2020 1000 0.5     
02249109 25/02/2020 1000 2.3     
02249109 26/02/2020 1000 38      
02249109 27/02/2020 1000 12.3    
02249109 28/02/2020 1000 0.3     
02249109 29/02/2020 1000 0       
02249109 01/03/2020 1000 0       
02249109 02/03/2020 1000 0       
