02252050 17/01/2020 1000 8.3     
02252050 18/01/2020 1000 0       
02252050 19/01/2020 1000 0       
02252050 20/01/2020 1000 0       
02252050 21/01/2020 1000 0       
02252050 22/01/2020 1000 0       
02252050 23/01/2020 1000 8.8     
02252050 24/01/2020 1000 0       
02252050 25/01/2020 1000 0       
02252050 26/01/2020 1000 0       
02252050 27/01/2020 1000 0       
02252050 28/01/2020 1000 0       
02252050 29/01/2020 1000 0       
02252050 30/01/2020 1000 1       
02252050 31/01/2020 1000 5       
02252050 01/02/2020 1000 0       
02252050 02/02/2020 1000 7       
02252050 03/02/2020 1000 33.8    
02252050 04/02/2020 1000 22.8    
02252050 05/02/2020 1000 0       
02252050 06/02/2020 1000 0       
02252050 07/02/2020 1000 10      
02252050 08/02/2020 1000 0       
02252050 09/02/2020 1000 0       
02252050 10/02/2020 1000 0       
02252050 11/02/2020 1000 0       
02252050 12/02/2020 1000 0       
02252050 13/02/2020 1000 0       
02252050 14/02/2020 1000 0       
02252050 15/02/2020 1000 0       
02252050 16/02/2020 1000 0       
02252050 17/02/2020 1000 0       
02252050 18/02/2020 1000 20.5    
02252050 19/02/2020 1000 7.3     
02252050 20/02/2020 1000 2.8     
02252050 21/02/2020 1000 2.8     
02252050 22/02/2020 1000 7.3     
02252050 23/02/2020 1000 0       
02252050 24/02/2020 1000 0       
02252050 25/02/2020 1000 0       
02252050 26/02/2020 1000 53.5    
02252050 27/02/2020 1000 53.5    
02252050 28/02/2020 1000 0       
02252050 29/02/2020 1000 0       
02252050 01/03/2020 1000 0       
02252050 02/03/2020 1000 0       
