02251070 17/01/2020 1000 0       
02251070 18/01/2020 1000 0       
02251070 19/01/2020 1000 0       
02251070 20/01/2020 1000 0       
02251070 21/01/2020 1000 0       
02251070 22/01/2020 1000 0       
02251070 23/01/2020 1000 2.3     
02251070 24/01/2020 1000 4.5     
02251070 25/01/2020 1000 9.8     
02251070 26/01/2020 1000 0       
02251070 27/01/2020 1000 0       
02251070 28/01/2020 1000 0       
02251070 29/01/2020 1000 0       
02251070 30/01/2020 1000 5       
02251070 31/01/2020 1000 9.3     
02251070 01/02/2020 1000 0.3     
02251070 02/02/2020 1000 26.3    
02251070 03/02/2020 1000 27.3    
02251070 04/02/2020 1000 11.5    
02251070 05/02/2020 1000 0       
02251070 06/02/2020 1000 11.8    
02251070 07/02/2020 1000 0.5     
02251070 08/02/2020 1000 0       
02251070 09/02/2020 1000 0.5     
02251070 10/02/2020 1000 2       
02251070 11/02/2020 1000 4.5     
02251070 12/02/2020 1000 0       
02251070 13/02/2020 1000 0       
02251070 14/02/2020 1000 0       
02251070 15/02/2020 1000 0       
02251070 16/02/2020 1000 0       
02251070 17/02/2020 1000 0       
02251070 18/02/2020 1000 0       
02251070 19/02/2020 1000 0       
02251070 20/02/2020 1000 0       
02251070 21/02/2020 1000 0.8     
02251070 22/02/2020 1000 0       
02251070 23/02/2020 1000 1.5     
02251070 24/02/2020 1000 0       
02251070 25/02/2020 1000 0       
02251070 26/02/2020 1000 20.5    
02251070 27/02/2020 1000 32      
02251070 28/02/2020 1000 0       
02251070 29/02/2020 1000 0       
02251070 01/03/2020 1000 0       
02251070 02/03/2020 1000 0       
