02252051 17/01/2020 1000 0       
02252051 18/01/2020 1000 0       
02252051 19/01/2020 1000 0       
02252051 20/01/2020 1000 0       
02252051 21/01/2020 1000 0       
02252051 22/01/2020 1000 0       
02252051 23/01/2020 1000 24.8    
02252051 24/01/2020 1000 9       
02252051 25/01/2020 1000 0       
02252051 26/01/2020 1000 0       
02252051 27/01/2020 1000 0       
02252051 28/01/2020 1000 0       
02252051 29/01/2020 1000 0       
02252051 30/01/2020 1000 30.5    
02252051 31/01/2020 1000 4.5     
02252051 01/02/2020 1000 13      
02252051 02/02/2020 1000 30      
02252051 03/02/2020 1000 33      
02252051 04/02/2020 1000 5.3     
02252051 05/02/2020 1000 0       
02252051 06/02/2020 1000 7.8     
02252051 07/02/2020 1000 0       
02252051 08/02/2020 1000 0       
02252051 09/02/2020 1000 0       
02252051 10/02/2020 1000 0       
02252051 11/02/2020 1000 0.5     
02252051 12/02/2020 1000 0       
02252051 13/02/2020 1000 0       
02252051 14/02/2020 1000 0       
02252051 15/02/2020 1000 0       
02252051 16/02/2020 1000 0       
02252051 17/02/2020 1000 0       
02252051 18/02/2020 1000 0       
02252051 19/02/2020 1000 2.8     
02252051 20/02/2020 1000 5       
02252051 21/02/2020 1000 80.8    
02252051 22/02/2020 1000 0.3     
02252051 23/02/2020 1000 0       
02252051 24/02/2020 1000 0       
02252051 25/02/2020 1000 0       
02252051 26/02/2020 1000 86.8    
02252051 27/02/2020 1000 35.5    
02252051 28/02/2020 1000 0       
02252051 29/02/2020 1000 0       
02252051 01/03/2020 1000 0       
02252051 02/03/2020 1000 0       
