02250090 17/01/2020 1000 25      
02250090 18/01/2020 1000 0       
02250090 19/01/2020 1000 0       
02250090 20/01/2020 1000 0       
02250090 21/01/2020 1000 0       
02250090 22/01/2020 1000 0       
02250090 23/01/2020 1000 4       
02250090 24/01/2020 1000 13.3    
02250090 25/01/2020 1000 0       
02250090 26/01/2020 1000 0       
02250090 27/01/2020 1000 0       
02250090 28/01/2020 1000 0       
02250090 29/01/2020 1000 0       
02250090 30/01/2020 1000 5       
02250090 31/01/2020 1000 57      
02250090 01/02/2020 1000 1.5     
02250090 02/02/2020 1000 5       
02250090 03/02/2020 1000 40.3    
02250090 04/02/2020 1000 41.3    
02250090 05/02/2020 1000 0.3     
02250090 06/02/2020 1000 0       
02250090 07/02/2020 1000 0.3     
02250090 08/02/2020 1000 9.8     
02250090 09/02/2020 1000 0       
02250090 10/02/2020 1000 13      
02250090 11/02/2020 1000 1       
02250090 12/02/2020 1000 0       
02250090 13/02/2020 1000 0       
02250090 14/02/2020 1000 0       
02250090 15/02/2020 1000 0       
02250090 16/02/2020 1000 0       
02250090 17/02/2020 1000 0       
02250090 18/02/2020 1000 0       
02250090 19/02/2020 1000 0       
02250090 20/02/2020 1000 23.3    
02250090 21/02/2020 1000 0.3     
02250090 22/02/2020 1000 2       
02250090 23/02/2020 1000 11.5    
02250090 24/02/2020 1000 0       
02250090 25/02/2020 1000 0.5     
02250090 26/02/2020 1000 66      
02250090 27/02/2020 1000 26.5    
02250090 28/02/2020 1000 0       
02250090 29/02/2020 1000 0       
02250090 01/03/2020 1000 0       
02250090 02/03/2020 1000 0       
