02349074 17/01/2020 1000 5       
02349074 18/01/2020 1000 0       
02349074 19/01/2020 1000 0       
02349074 20/01/2020 1000 0       
02349074 21/01/2020 1000 0       
02349074 22/01/2020 1000 0       
02349074 23/01/2020 1000 5       
02349074 24/01/2020 1000 5       
02349074 25/01/2020 1000 0       
02349074 26/01/2020 1000 0       
02349074 27/01/2020 1000 0       
02349074 28/01/2020 1000 0       
02349074 29/01/2020 1000 0       
02349074 30/01/2020 1000 0       
02349074 31/01/2020 1000 10      
02349074 01/02/2020 1000 0       
02349074 02/02/2020 1000 15      
02349074 03/02/2020 1000 20      
02349074 04/02/2020 1000 5       
02349074 05/02/2020 1000 0       
02349074 06/02/2020 1000 2       
02349074 07/02/2020 1000 0       
02349074 08/02/2020 1000 0       
02349074 09/02/2020 1000 5       
02349074 10/02/2020 1000 15      
02349074 11/02/2020 1000 2       
02349074 12/02/2020 1000 0       
02349074 13/02/2020 1000 0       
02349074 14/02/2020 1000 8.2     
02349074 15/02/2020 1000 0       
02349074 16/02/2020 1000 0       
02349074 17/02/2020 1000 0       
02349074 18/02/2020 1000 0       
02349074 19/02/2020 1000 0       
02349074 20/02/2020 1000 14.2    
02349074 21/02/2020 1000 0       
02349074 22/02/2020 1000 17      
02349074 23/02/2020 1000 0       
02349074 24/02/2020 1000 0       
02349074 25/02/2020 1000 5       
02349074 26/02/2020 1000 2.2     
02349074 27/02/2020 1000 9.8     
02349074 28/02/2020 1000 0       
02349074 29/02/2020 1000 0       
02349074 01/03/2020 1000 0       
02349074 02/03/2020 1000 0       
