02348092 17/01/2020 1000 6.3     
02348092 18/01/2020 1000 0       
02348092 19/01/2020 1000 0       
02348092 20/01/2020 1000 0       
02348092 21/01/2020 1000 0       
02348092 22/01/2020 1000 0       
02348092 23/01/2020 1000 16.5    
02348092 24/01/2020 1000 2.5     
02348092 25/01/2020 1000 0       
02348092 26/01/2020 1000 0       
02348092 27/01/2020 1000 0       
02348092 28/01/2020 1000 0       
02348092 29/01/2020 1000 0       
02348092 30/01/2020 1000 20      
02348092 31/01/2020 1000 31.3    
02348092 01/02/2020 1000 0       
02348092 02/02/2020 1000 8.8     
02348092 03/02/2020 1000 113.5   
02348092 04/02/2020 1000 23.8    
02348092 05/02/2020 1000 6       
02348092 06/02/2020 1000 0       
02348092 07/02/2020 1000 4.5     
02348092 08/02/2020 1000 0       
02348092 09/02/2020 1000 0       
02348092 10/02/2020 1000 18.3    
02348092 11/02/2020 1000 7       
02348092 12/02/2020 1000 3.5     
02348092 13/02/2020 1000 0       
02348092 14/02/2020 1000 0       
02348092 15/02/2020 1000 0       
02348092 16/02/2020 1000 0       
02348092 17/02/2020 1000 0       
02348092 18/02/2020 1000 3.8     
02348092 19/02/2020 1000 0       
02348092 20/02/2020 1000 6.5     
02348092 21/02/2020 1000 3.8     
02348092 22/02/2020 1000 12      
02348092 23/02/2020 1000 0.8     
02348092 24/02/2020 1000 0       
02348092 25/02/2020 1000 0       
02348092 26/02/2020 1000 7.5     
02348092 27/02/2020 1000 11.8    
02348092 28/02/2020 1000 0       
02348092 29/02/2020 1000 0       
02348092 01/03/2020 1000 0.5     
02348092 02/03/2020 1000 0       
