99990821 17/01/2020 1200 10.2    
99990821 18/01/2020 1200 0       
99990821 19/01/2020 1200 0       
99990821 20/01/2020 1200 0       
99990821 21/01/2020 1200 0       
99990821 22/01/2020 1200 0       
99990821 23/01/2020 1200 9.8     
99990821 24/01/2020 1200 2.8     
99990821 25/01/2020 1200 0       
99990821 26/01/2020 1200 0       
99990821 27/01/2020 1200 0       
99990821 28/01/2020 1200 0       
99990821 29/01/2020 1200 0       
99990821 30/01/2020 1200 1       
99990821 31/01/2020 1200 5.2     
99990821 01/02/2020 1200 0       
99990821 02/02/2020 1200 11.2    
99990821 03/02/2020 1200 7.2     
99990821 04/02/2020 1200 27.4    
99990821 05/02/2020 1200 0.2     
99990821 06/02/2020 1200 0       
99990821 07/02/2020 1200 0       
99990821 08/02/2020 1200 0.4     
99990821 09/02/2020 1200 0       
99990821 10/02/2020 1200 5       
99990821 11/02/2020 1200 0       
99990821 12/02/2020 1200 0       
99990821 13/02/2020 1200 0       
99990821 14/02/2020 1200 0       
99990821 15/02/2020 1200 0       
99990821 16/02/2020 1200 0       
99990821 17/02/2020 1200 0       
99990821 18/02/2020 1200 0       
99990821 19/02/2020 1200 0       
99990821 20/02/2020 1200 22      
99990821 21/02/2020 1200 61.8    
99990821 22/02/2020 1200 20      
99990821 23/02/2020 1200 0       
99990821 24/02/2020 1200 0       
99990821 25/02/2020 1200 1.6     
99990821 26/02/2020 1200 9.8     
99990821 27/02/2020 1200 9.8     
99990821 28/02/2020 1200 0       
99990821 29/02/2020 1200 0       
99990821 01/03/2020 1200 0       
99990821 02/03/2020 1200 0       
