99990714 17/01/2020 1200 2.8     
99990714 18/01/2020 1200 0.4     
99990714 19/01/2020 1200 0       
99990714 20/01/2020 1200 0       
99990714 21/01/2020 1200 0       
99990714 22/01/2020 1200 0       
99990714 23/01/2020 1200 2.4     
99990714 24/01/2020 1200 0       
99990714 25/01/2020 1200 0       
99990714 26/01/2020 1200 0       
99990714 27/01/2020 1200 0       
99990714 28/01/2020 1200 0       
99990714 29/01/2020 1200 0       
99990714 30/01/2020 1200 0       
99990714 31/01/2020 1200 14.2    
99990714 01/02/2020 1200 0       
99990714 02/02/2020 1200 8.2     
99990714 03/02/2020 1200 36.2    
99990714 04/02/2020 1200 3       
99990714 05/02/2020 1200 1       
99990714 06/02/2020 1200 0       
99990714 07/02/2020 1200 0.8     
99990714 08/02/2020 1200 0       
99990714 09/02/2020 1200 0.4     
99990714 10/02/2020 1200 19      
99990714 11/02/2020 1200 1.4     
99990714 12/02/2020 1200 0       
99990714 13/02/2020 1200 0       
99990714 14/02/2020 1200 0       
99990714 15/02/2020 1200 0       
99990714 16/02/2020 1200 0       
99990714 17/02/2020 1200 0       
99990714 18/02/2020 1200 0       
99990714 19/02/2020 1200 0       
99990714 20/02/2020 1200 51.4    
99990714 21/02/2020 1200 0       
99990714 22/02/2020 1200 15      
99990714 23/02/2020 1200 0       
99990714 24/02/2020 1200 0       
99990714 25/02/2020 1200 2.6     
99990714 26/02/2020 1200 4.6     
99990714 27/02/2020 1200 8       
99990714 28/02/2020 1200 0       
99990714 29/02/2020 1200 0       
99990714 01/03/2020 1200 0       
99990714 02/03/2020 1200 0.4     
