00083916 17/01/2020 1200 12      
00083916 18/01/2020 1200 0       
00083916 19/01/2020 1200 0       
00083916 20/01/2020 1200 0       
00083916 21/01/2020 1200 2       
00083916 22/01/2020 1200 9.1     
00083916 23/01/2020 1200 0       
00083916 24/01/2020 1200 0       
00083916 25/01/2020 1200 0       
00083916 26/01/2020 1200 0       
00083916 27/01/2020 1200 0       
00083916 28/01/2020 1200 1       
00083916 29/01/2020 1200 0       
00083916 30/01/2020 1200 14      
00083916 31/01/2020 1200 0.3     
00083916 01/02/2020 1200 0       
00083916 02/02/2020 1200 0       
00083916 03/02/2020 1200 0       
00083916 04/02/2020 1200 21      
00083916 05/02/2020 1200 0       
00083916 06/02/2020 1200 0       
00083916 07/02/2020 1200 0       
00083916 08/02/2020 1200 0       
00083916 09/02/2020 1200 0.4     
00083916 10/02/2020 1200 0       
00083916 11/02/2020 1200 0       
00083916 12/02/2020 1200 0       
00083916 13/02/2020 1200 0       
00083916 14/02/2020 1200 0       
00083916 15/02/2020 1200 0       
00083916 16/02/2020 1200 0       
00083916 17/02/2020 1200 0       
00083916 18/02/2020 1200 0       
00083916 19/02/2020 1200 0       
00083916 20/02/2020 1200 0       
00083916 21/02/2020 1200 0       
00083916 22/02/2020 1200 0       
00083916 23/02/2020 1200 0       
00083916 24/02/2020 1200 0       
00083916 25/02/2020 1200 5       
00083916 26/02/2020 1200 77      
00083916 27/02/2020 1200 0.1     
00083916 28/02/2020 1200 0       
00083916 29/02/2020 1200 0       
00083916 01/03/2020 1200 0       
00083916 02/03/2020 1200 0       
