02751047 17/01/2020 1000 20      
02751047 18/01/2020 1000 0       
02751047 19/01/2020 1000 0       
02751047 20/01/2020 1000 0       
02751047 21/01/2020 1000 0       
02751047 22/01/2020 1000 3.9     
02751047 23/01/2020 1000 2.1     
02751047 24/01/2020 1000 0.2     
02751047 25/01/2020 1000 0       
02751047 26/01/2020 1000 0       
02751047 27/01/2020 1000 0       
02751047 28/01/2020 1000 0.4     
02751047 29/01/2020 1000 3.3     
02751047 30/01/2020 1000 13.2    
02751047 31/01/2020 1000 0.2     
02751047 01/02/2020 1000 0.2     
02751047 02/02/2020 1000 0       
02751047 03/02/2020 1000 12.5    
02751047 04/02/2020 1000 0.2     
02751047 05/02/2020 1000 0       
02751047 06/02/2020 1000 0       
02751047 07/02/2020 1000 0       
02751047 08/02/2020 1000 0       
02751047 09/02/2020 1000 0       
02751047 10/02/2020 1000 0.5     
02751047 11/02/2020 1000 0       
02751047 12/02/2020 1000 3.4     
02751047 13/02/2020 1000 0       
02751047 14/02/2020 1000 0       
02751047 15/02/2020 1000 0       
02751047 16/02/2020 1000 0       
02751047 17/02/2020 1000 0.2     
02751047 18/02/2020 1000 11.5    
02751047 19/02/2020 1000 0       
02751047 20/02/2020 1000 0       
02751047 21/02/2020 1000 0       
02751047 22/02/2020 1000 0       
02751047 23/02/2020 1000 0       
02751047 24/02/2020 1000 0       
02751047 25/02/2020 1000 10      
02751047 26/02/2020 1000 97.5    
02751047 27/02/2020 1000 1.7     
02751047 28/02/2020 1000 0       
02751047 29/02/2020 1000 0       
02751047 01/03/2020 1000 0       
02751047 02/03/2020 1000 0       
