02750041 17/01/2020 1000 4.6     
02750041 18/01/2020 1000 0       
02750041 19/01/2020 1000 0       
02750041 20/01/2020 1000 0       
02750041 21/01/2020 1000 0       
02750041 22/01/2020 1000 3.4     
02750041 23/01/2020 1000 4       
02750041 24/01/2020 1000 0       
02750041 25/01/2020 1000 3.2     
02750041 26/01/2020 1000 0.2     
02750041 27/01/2020 1000 0.2     
02750041 28/01/2020 1000 0       
02750041 29/01/2020 1000 3.9     
02750041 30/01/2020 1000 36.4    
02750041 31/01/2020 1000 6.6     
02750041 01/02/2020 1000 0.2     
02750041 02/02/2020 1000 0       
02750041 03/02/2020 1000 0       
02750041 04/02/2020 1000 0       
02750041 05/02/2020 1000 0.4     
02750041 06/02/2020 1000 0       
02750041 07/02/2020 1000 14      
02750041 08/02/2020 1000 0       
02750041 09/02/2020 1000 2.2     
02750041 10/02/2020 1000 7.4     
02750041 11/02/2020 1000 0       
02750041 12/02/2020 1000 0       
02750041 13/02/2020 1000 0       
02750041 14/02/2020 1000 0       
02750041 15/02/2020 1000 0       
02750041 16/02/2020 1000 0.2     
02750041 17/02/2020 1000 14.2    
02750041 18/02/2020 1000 3.6     
02750041 19/02/2020 1000 4.8     
02750041 20/02/2020 1000 0.4     
02750041 21/02/2020 1000 0       
02750041 22/02/2020 1000 0       
02750041 23/02/2020 1000 0.2     
02750041 24/02/2020 1000 0       
02750041 25/02/2020 1000 14      
02750041 26/02/2020 1000 96      
02750041 27/02/2020 1000 0.9     
02750041 28/02/2020 1000 0.2     
02750041 29/02/2020 1000 0.2     
02750041 01/03/2020 1000 0       
02750041 02/03/2020 1000 0       
