02751002 17/01/2020 1000 33.7    
02751002 18/01/2020 1000 0       
02751002 19/01/2020 1000 0       
02751002 20/01/2020 1000 0       
02751002 21/01/2020 1000 0       
02751002 22/01/2020 1000 3       
02751002 23/01/2020 1000 3       
02751002 24/01/2020 1000 0       
02751002 25/01/2020 1000 0.2     
02751002 26/01/2020 1000 0       
02751002 27/01/2020 1000 0       
02751002 28/01/2020 1000 0       
02751002 29/01/2020 1000 0       
02751002 30/01/2020 1000 16      
02751002 31/01/2020 1000 0.2     
02751002 01/02/2020 1000 0.2     
02751002 02/02/2020 1000 0       
02751002 03/02/2020 1000 0.2     
02751002 04/02/2020 1000 2.4     
02751002 05/02/2020 1000 0       
02751002 06/02/2020 1000 0       
02751002 07/02/2020 1000 0       
02751002 08/02/2020 1000 0       
02751002 09/02/2020 1000 0       
02751002 10/02/2020 1000 31.3    
02751002 11/02/2020 1000 0       
02751002 12/02/2020 1000 0       
02751002 13/02/2020 1000 0       
02751002 14/02/2020 1000 0       
02751002 15/02/2020 1000 0       
02751002 16/02/2020 1000 0       
02751002 17/02/2020 1000 2.6     
02751002 18/02/2020 1000 0       
02751002 19/02/2020 1000 0.4     
02751002 20/02/2020 1000 0       
02751002 21/02/2020 1000 0       
02751002 22/02/2020 1000 0       
02751002 23/02/2020 1000 0       
02751002 24/02/2020 1000 0       
02751002 25/02/2020 1000 11.6    
02751002 26/02/2020 1000 111.1   
02751002 27/02/2020 1000 0.4     
02751002 28/02/2020 1000 0.2     
02751002 29/02/2020 1000 0       
02751002 01/03/2020 1000 0       
02751002 02/03/2020 1000 0       
