02752035 17/01/2020 1000 24.2    
02752035 18/01/2020 1000 0       
02752035 19/01/2020 1000 0       
02752035 20/01/2020 1000 0       
02752035 21/01/2020 1000 0       
02752035 22/01/2020 1000 6.8     
02752035 23/01/2020 1000 8.4     
02752035 24/01/2020 1000 0       
02752035 25/01/2020 1000 0       
02752035 26/01/2020 1000 0       
02752035 27/01/2020 1000 0       
02752035 28/01/2020 1000 0       
02752035 29/01/2020 1000 11.8    
02752035 30/01/2020 1000 15      
02752035 31/01/2020 1000 0.4     
02752035 01/02/2020 1000 0       
02752035 02/02/2020 1000 0       
02752035 03/02/2020 1000 14.8    
02752035 04/02/2020 1000 0       
02752035 05/02/2020 1000 0       
02752035 06/02/2020 1000 0       
02752035 07/02/2020 1000 0       
02752035 08/02/2020 1000 0       
02752035 09/02/2020 1000 4       
02752035 10/02/2020 1000 0.2     
02752035 11/02/2020 1000 2.6     
02752035 12/02/2020 1000 0       
02752035 13/02/2020 1000 1.8     
02752035 14/02/2020 1000 0       
02752035 15/02/2020 1000 0       
02752035 16/02/2020 1000 0       
02752035 17/02/2020 1000 10.8    
02752035 18/02/2020 1000 0       
02752035 19/02/2020 1000 0       
02752035 20/02/2020 1000 0       
02752035 21/02/2020 1000 0       
02752035 22/02/2020 1000 0       
02752035 23/02/2020 1000 0       
02752035 24/02/2020 1000 0       
02752035 25/02/2020 1000 0.8     
02752035 26/02/2020 1000 76.8    
02752035 27/02/2020 1000 0.4     
02752035 28/02/2020 1000 0       
02752035 29/02/2020 1000 0       
02752035 01/03/2020 1000 0       
02752035 02/03/2020 1000 0       
