02752038 17/01/2020 1000 30.6    
02752038 18/01/2020 1000 0       
02752038 19/01/2020 1000 0       
02752038 20/01/2020 1000 0.4     
02752038 21/01/2020 1000 0       
02752038 22/01/2020 1000 2.2     
02752038 23/01/2020 1000 1.2     
02752038 24/01/2020 1000 0       
02752038 25/01/2020 1000 0       
02752038 26/01/2020 1000 0       
02752038 27/01/2020 1000 0       
02752038 28/01/2020 1000 0.2     
02752038 29/01/2020 1000 10      
02752038 30/01/2020 1000 14      
02752038 31/01/2020 1000 1.8     
02752038 01/02/2020 1000 0       
02752038 02/02/2020 1000 0       
02752038 03/02/2020 1000 10      
02752038 04/02/2020 1000 0       
02752038 05/02/2020 1000 0       
02752038 06/02/2020 1000 0       
02752038 07/02/2020 1000 0       
02752038 08/02/2020 1000 0       
02752038 09/02/2020 1000 2       
02752038 10/02/2020 1000 2       
02752038 11/02/2020 1000 0       
02752038 12/02/2020 1000 0       
02752038 13/02/2020 1000 0       
02752038 14/02/2020 1000 0       
02752038 15/02/2020 1000 0.4     
02752038 16/02/2020 1000 5       
02752038 17/02/2020 1000 15.8    
02752038 18/02/2020 1000 0.2     
02752038 19/02/2020 1000 5       
02752038 20/02/2020 1000 0       
02752038 21/02/2020 1000 0       
02752038 22/02/2020 1000 0       
02752038 23/02/2020 1000 0       
02752038 24/02/2020 1000 0       
02752038 25/02/2020 1000 4.6     
02752038 26/02/2020 1000 62.6    
02752038 27/02/2020 1000 0       
02752038 28/02/2020 1000 0       
02752038 29/02/2020 1000 0.2     
02752038 01/03/2020 1000 0       
02752038 02/03/2020 1000 0       
