02850027 17/01/2020 1000 0       
02850027 18/01/2020 1000 0       
02850027 19/01/2020 1000 0.2     
02850027 20/01/2020 1000 0       
02850027 21/01/2020 1000 0       
02850027 22/01/2020 1000 0.8     
02850027 23/01/2020 1000 0.6     
02850027 24/01/2020 1000 0       
02850027 25/01/2020 1000 0       
02850027 26/01/2020 1000 0       
02850027 27/01/2020 1000 0       
02850027 28/01/2020 1000 0.4     
02850027 29/01/2020 1000 7.4     
02850027 30/01/2020 1000 2.5     
02850027 31/01/2020 1000 0       
02850027 01/02/2020 1000 0.2     
02850027 02/02/2020 1000 0       
02850027 03/02/2020 1000 4.2     
02850027 04/02/2020 1000 42.2    
02850027 05/02/2020 1000 1       
02850027 06/02/2020 1000 0       
02850027 07/02/2020 1000 3.6     
02850027 08/02/2020 1000 4       
02850027 09/02/2020 1000 18      
02850027 10/02/2020 1000 0.2     
02850027 11/02/2020 1000 0.4     
02850027 12/02/2020 1000 0       
02850027 13/02/2020 1000 0       
02850027 14/02/2020 1000 0       
02850027 15/02/2020 1000 0       
02850027 16/02/2020 1000 0       
02850027 17/02/2020 1000 3.4     
02850027 18/02/2020 1000 1.7     
02850027 19/02/2020 1000 0.4     
02850027 20/02/2020 1000 0       
02850027 21/02/2020 1000 0       
02850027 22/02/2020 1000 0       
02850027 23/02/2020 1000 0       
02850027 24/02/2020 1000 0       
02850027 25/02/2020 1000 5       
02850027 26/02/2020 1000 41.5    
02850027 27/02/2020 1000 1.4     
02850027 28/02/2020 1000 0       
02850027 29/02/2020 1000 0       
02850027 01/03/2020 1000 0       
02850027 02/03/2020 1000 0       
