02854023 17/01/2020 1000 12.6    
02854023 18/01/2020 1000 0       
02854023 19/01/2020 1000 0       
02854023 20/01/2020 1000 0       
02854023 21/01/2020 1000 0       
02854023 22/01/2020 1000 3.4     
02854023 23/01/2020 1000 5       
02854023 24/01/2020 1000 0       
02854023 25/01/2020 1000 0       
02854023 26/01/2020 1000 0       
02854023 27/01/2020 1000 0       
02854023 28/01/2020 1000 0       
02854023 29/01/2020 1000 3       
02854023 30/01/2020 1000 19.8    
02854023 31/01/2020 1000 1.8     
02854023 01/02/2020 1000 0       
02854023 02/02/2020 1000 0       
02854023 03/02/2020 1000 0       
02854023 04/02/2020 1000 0       
02854023 05/02/2020 1000 0       
02854023 06/02/2020 1000 0       
02854023 07/02/2020 1000 0       
02854023 08/02/2020 1000 0       
02854023 09/02/2020 1000 0       
02854023 10/02/2020 1000 0       
02854023 11/02/2020 1000 0       
02854023 12/02/2020 1000 0       
02854023 13/02/2020 1000 0       
02854023 14/02/2020 1000 0       
02854023 15/02/2020 1000 13.8    
02854023 16/02/2020 1000 0.2     
02854023 17/02/2020 1000 0       
02854023 18/02/2020 1000 0.2     
02854023 19/02/2020 1000 24.2    
02854023 20/02/2020 1000 0       
02854023 21/02/2020 1000 0       
02854023 22/02/2020 1000 0       
02854023 23/02/2020 1000 0       
02854023 24/02/2020 1000 0       
02854023 25/02/2020 1000 0       
02854023 26/02/2020 1000 4.8     
02854023 27/02/2020 1000 0       
02854023 28/02/2020 1000 0       
02854023 29/02/2020 1000 0       
02854023 01/03/2020 1000 0       
02854023 02/03/2020 1000 0       
