02850028 17/01/2020 1000 2       
02850028 18/01/2020 1000 0.4     
02850028 19/01/2020 1000 0       
02850028 20/01/2020 1000 0       
02850028 21/01/2020 1000 0       
02850028 22/01/2020 1000 3.2     
02850028 23/01/2020 1000 1.2     
02850028 24/01/2020 1000 0       
02850028 25/01/2020 1000 0.2     
02850028 26/01/2020 1000 0.2     
02850028 27/01/2020 1000 0       
02850028 28/01/2020 1000 0       
02850028 29/01/2020 1000 3.4     
02850028 30/01/2020 1000 25      
02850028 31/01/2020 1000 0       
02850028 01/02/2020 1000 0       
02850028 02/02/2020 1000 0       
02850028 03/02/2020 1000 0.2     
02850028 04/02/2020 1000 5.8     
02850028 05/02/2020 1000 0       
02850028 06/02/2020 1000 0       
02850028 07/02/2020 1000 0       
02850028 08/02/2020 1000 0       
02850028 09/02/2020 1000 2.6     
02850028 10/02/2020 1000 0.2     
02850028 11/02/2020 1000 1.8     
02850028 12/02/2020 1000 0       
02850028 13/02/2020 1000 0       
02850028 14/02/2020 1000 0       
02850028 15/02/2020 1000 0       
02850028 16/02/2020 1000 1.2     
02850028 17/02/2020 1000 0.2     
02850028 18/02/2020 1000 4.7     
02850028 19/02/2020 1000 0.5     
02850028 20/02/2020 1000 0       
02850028 21/02/2020 1000 0       
02850028 22/02/2020 1000 0       
02850028 23/02/2020 1000 0       
02850028 24/02/2020 1000 0       
02850028 25/02/2020 1000 1.2     
02850028 26/02/2020 1000 51      
02850028 27/02/2020 1000 1.1     
02850028 28/02/2020 1000 0.2     
02850028 29/02/2020 1000 0       
02850028 01/03/2020 1000 0       
02850028 02/03/2020 1000 0.4     
