99990845 17/01/2020 1200 10      
99990845 18/01/2020 1200 1       
99990845 19/01/2020 1200 0.2     
99990845 20/01/2020 1200 0.2     
99990845 21/01/2020 1200 0       
99990845 22/01/2020 1200 2.8     
99990845 23/01/2020 1200 39.4    
99990845 24/01/2020 1200 95.2    
99990845 25/01/2020 1200 23      
99990845 26/01/2020 1200 0.2     
99990845 27/01/2020 1200 0       
99990845 28/01/2020 1200 0       
99990845 29/01/2020 1200 5.2     
99990845 30/01/2020 1200 9.6     
99990845 31/01/2020 1200 3       
99990845 01/02/2020 1200 0.8     
99990845 02/02/2020 1200 2.6     
99990845 03/02/2020 1200 9.6     
99990845 04/02/2020 1200 3.6     
99990845 05/02/2020 1200 30      
99990845 06/02/2020 1200 17.4    
99990845 07/02/2020 1200 32      
99990845 08/02/2020 1200 5.6     
99990845 09/02/2020 1200 3.2     
99990845 10/02/2020 1200 31.2    
99990845 11/02/2020 1200 4.8     
99990845 12/02/2020 1200 8.8     
99990845 13/02/2020 1200 30.4    
99990845 14/02/2020 1200 0.2     
99990845 15/02/2020 1200 0       
99990845 16/02/2020 1200 0       
99990845 17/02/2020 1200 0.6     
99990845 18/02/2020 1200 0.2     
99990845 19/02/2020 1200 0.2     
99990845 20/02/2020 1200 0.2     
99990845 21/02/2020 1200 2       
99990845 22/02/2020 1200 0.2     
99990845 23/02/2020 1200 0.2     
99990845 24/02/2020 1200 0.4     
99990845 25/02/2020 1200 7.2     
99990845 26/02/2020 1200 17      
99990845 27/02/2020 1200 35.2    
99990845 28/02/2020 1200 0       
99990845 29/02/2020 1200 0.4     
99990845 01/03/2020 1200 37.4    
99990845 02/03/2020 1200 8.4     
