99990859 17/01/2020 1200 13.6    
99990859 18/01/2020 1200 0       
99990859 19/01/2020 1200 0       
99990859 20/01/2020 1200 0       
99990859 21/01/2020 1200 0       
99990859 22/01/2020 1200 0       
99990859 23/01/2020 1200 1       
99990859 24/01/2020 1200 0       
99990859 25/01/2020 1200 3.8     
99990859 26/01/2020 1200 0       
99990859 27/01/2020 1200 0       
99990859 28/01/2020 1200 0       
99990859 29/01/2020 1200 21      
99990859 30/01/2020 1200 36.6    
99990859 31/01/2020 1200 5.8     
99990859 01/02/2020 1200 0.2     
99990859 02/02/2020 1200 0       
99990859 03/02/2020 1200 3.8     
99990859 04/02/2020 1200 0       
99990859 05/02/2020 1200 0       
99990859 06/02/2020 1200 0       
99990859 07/02/2020 1200 6.8     
99990859 08/02/2020 1200 0       
99990859 09/02/2020 1200 0       
99990859 10/02/2020 1200 20.6    
99990859 11/02/2020 1200 0       
99990859 12/02/2020 1200 0       
99990859 13/02/2020 1200 0       
99990859 14/02/2020 1200 0       
99990859 15/02/2020 1200 0       
99990859 16/02/2020 1200 0.2     
99990859 17/02/2020 1200 2       
99990859 18/02/2020 1200 1.6     
99990859 19/02/2020 1200 4.8     
99990859 20/02/2020 1200 0.2     
99990859 21/02/2020 1200 0       
99990859 22/02/2020 1200 0.2     
99990859 23/02/2020 1200 0       
99990859 24/02/2020 1200 0       
99990859 25/02/2020 1200 24      
99990859 26/02/2020 1200 38.6    
99990859 27/02/2020 1200 1.2     
99990859 28/02/2020 1200 0       
99990859 29/02/2020 1200 0       
99990859 01/03/2020 1200 0       
99990859 02/03/2020 1200 0       
