99990841 17/01/2020 1200 3.2     
99990841 18/01/2020 1200 0       
99990841 19/01/2020 1200 0       
99990841 20/01/2020 1200 0       
99990841 21/01/2020 1200 0       
99990841 22/01/2020 1200 2       
99990841 23/01/2020 1200 3.8     
99990841 24/01/2020 1200 0       
99990841 25/01/2020 1200 0       
99990841 26/01/2020 1200 0       
99990841 27/01/2020 1200 0       
99990841 28/01/2020 1200 0       
99990841 29/01/2020 1200 4.2     
99990841 30/01/2020 1200 51.4    
99990841 31/01/2020 1200 0.4     
99990841 01/02/2020 1200 0.2     
99990841 02/02/2020 1200 0       
99990841 03/02/2020 1200 12      
99990841 04/02/2020 1200 0.2     
99990841 05/02/2020 1200 0.6     
99990841 06/02/2020 1200 0       
99990841 07/02/2020 1200 0       
99990841 08/02/2020 1200 24.2    
99990841 09/02/2020 1200 2       
99990841 10/02/2020 1200 7.2     
99990841 11/02/2020 1200 0       
99990841 12/02/2020 1200 0       
99990841 13/02/2020 1200 0       
99990841 14/02/2020 1200 0       
99990841 15/02/2020 1200 0       
99990841 16/02/2020 1200 1.8     
99990841 17/02/2020 1200 0       
99990841 18/02/2020 1200 10      
99990841 19/02/2020 1200 16.8    
99990841 20/02/2020 1200 0.2     
99990841 21/02/2020 1200 0       
99990841 22/02/2020 1200 0       
99990841 23/02/2020 1200 0       
99990841 24/02/2020 1200 0       
99990841 25/02/2020 1200 16.6    
99990841 26/02/2020 1200 90.2    
99990841 27/02/2020 1200 1.6     
99990841 28/02/2020 1200 0.2     
99990841 29/02/2020 1200 0       
99990841 01/03/2020 1200 0       
99990841 02/03/2020 1200 0       
