ONS-Operador Nacional Do Sistema Eletrico
Modelo Computacional SMAP
Versao: 3.0.0 Data: 23/09/2019

Iniciando execucao: 08-03-2020 13:27:39

Parametros
   Amplitude inicial: 0.5
   dm alvo: 0 (nao e necessario multiplicar por 100)
   Limite de iteracoes: 10000
   Particulas: 24
   Pulso inicial: 0.1
   Uso de pesos: on
   Gerar graficos: off
   Semente: 9952

Sub bacia: SMesa
cef: 0.98887684
*dm: 0.023695403
ebin: 585.876
mape: 0.020922415
somacoef: 1.9679544
supin: 135.79352
Iteracoes: 10000
Iteracao otima: 9583
Tempo: 8.617 s

Qcal
[34](0,0,0,721.66952,1271.9051,2318.7649,2975.5659,2862.2184,2580.6329,2098.1782,1839.4832,1696.8497,1467.0098,1332.3741,1224.5257,1134.977,1040.8839,1029.7905,970.24866,929.49241,1020.3572,1023.9183,1246.7575,1186.7175,1174.5938,1061.7737,1267.4336,1401.9753,1357.4462,1365.4558,1570.7675,1679.6683,2039.085,2520.4001)
Rsolo
[34](0,0,42.396448,51.811636,61.753072,63.639945,58.898241,54.995521,47.271802,46.137752,46.652433,43.358469,42.091777,41.141155,40.348932,39.104211,39.381596,38.598112,37.929307,40.812067,41.410291,47.119274,44.813844,44.678044,41.482209,47.013183,49.668429,47.824869,47.939454,51.692185,52.623779,56.626148,60.057335,47.78534)
Rsub
[34](0,0,93.165666,92.978737,96.764137,106.19766,116.78427,124.21468,129.32325,130.63664,131.46491,132.49576,132.23411,131.52732,130.50827,129.24427,127.87336,126.51699,125.17501,123.84726,122.80224,121.96484,123.29174,123.67315,123.99823,123.17215,124.44157,126.86829,128.44477,130.05423,133.38736,137.15119,143.03091,150.89471)
Rsup
[34](0,0,0.78202106,3.9575418,9.8492123,13.290027,12.253876,10.36316,7.3997459,5.8623831,5.0109753,3.6500182,2.8841406,2.2886489,1.8098523,1.3137553,1.299517,1.0057428,0.81963179,1.3909975,1.4493506,2.7629855,2.3691674,2.2855351,1.6240432,2.8383342,3.5671741,3.2228518,3.2118858,4.3359687,4.8424077,6.7759445,9.3348551,6.6007393)
Peso chuva 
[34](2,1.8756525,2,0.67491677,0.64329397,0.65072132,0.6838657,1.58361,1.1390328,0.89134323,1.4999315,0.50042668,1.8132158,2,2,2,2,2,2,2,2,2,2,1.6942931,0.82535548,1.9742562,1.2857183,1.0502209,0.81493963,1.3759785,1.401617,0.98352382,0.73226247,1)
Previsao ETA40_LIMITES
[13] (4.0507692,3.7865385,3.6161538,12.663846,13.686923,11.108846,20.834231,19.656154,2.2596154,4.335,9.5998077,9.5998077,9.5998077)
Previsao PMEDIA_ORIG
[13] (3.6,3.9,5,6.1,6.9,4.6,8.5,6.4,3.8,3.6,4.2,4.3,5.075)
Previsao PRECMEDIA_ETA40.GEFS
[13] (3.77,3.72,4.78,8.58,8.35,6.65,11.08,10.66,2.92,3.56,6.407,6.407,6.407)
Previsao PRECZERADA_
[13] (0,0,0,0,0,0,0,0,0,0,0,0,0)


Tempo de execucao em: 9 s

Finalizando execucao: 08-03-2020 13:27:48

