01449005 23/01/2020 1000 9.6     
01449005 24/01/2020 1000 11      
01449005 25/01/2020 1000 59.8    
01449005 26/01/2020 1000 7.2     
01449005 27/01/2020 1000 2.4     
01449005 28/01/2020 1000 60.4    
01449005 29/01/2020 1000 0       
01449005 30/01/2020 1000 11.6    
01449005 31/01/2020 1000 0       
01449005 01/02/2020 1000 0       
01449005 02/02/2020 1000 0       
01449005 03/02/2020 1000 0.2     
01449005 04/02/2020 1000 25.2    
01449005 05/02/2020 1000 0       
01449005 06/02/2020 1000 8       
01449005 07/02/2020 1000 79.2    
01449005 08/02/2020 1000 108.4   
01449005 09/02/2020 1000 25.4    
01449005 10/02/2020 1000 1.8     
01449005 11/02/2020 1000 0.6     
01449005 12/02/2020 1000 0       
01449005 13/02/2020 1000 52.2    
01449005 14/02/2020 1000 0.2     
01449005 15/02/2020 1000 0       
01449005 16/02/2020 1000 0       
01449005 17/02/2020 1000 0       
01449005 18/02/2020 1000 0       
01449005 19/02/2020 1000 2       
01449005 20/02/2020 1000 0       
01449005 21/02/2020 1000 0       
01449005 22/02/2020 1000 6.4     
01449005 23/02/2020 1000 0.2     
01449005 24/02/2020 1000 0       
01449005 25/02/2020 1000 6.4     
01449005 26/02/2020 1000 0       
01449005 27/02/2020 1000 0       
01449005 28/02/2020 1000 0.2     
01449005 29/02/2020 1000 14.2    
01449005 01/03/2020 1000 1.8     
01449005 02/03/2020 1000 2.4     
01449005 03/03/2020 1000 22.4    
01449005 04/03/2020 1000 0.4     
01449005 05/03/2020 1000 1       
01449005 06/03/2020 1000 6       
01449005 07/03/2020 1000 70.6    
01449005 08/03/2020 1000 0.2     
01449005 09/03/2020 1000 0.41359868466324756