99990015 23/01/2020 1200 7.4     
99990015 24/01/2020 1200 27      
99990015 25/01/2020 1200 52.8    
99990015 26/01/2020 1200 10.4    
99990015 27/01/2020 1200 8.6     
99990015 28/01/2020 0000 -       
99990015 29/01/2020 1200 0       
99990015 30/01/2020 1200 5.4     
99990015 31/01/2020 1200 0       
99990015 01/02/2020 1200 0       
99990015 02/02/2020 1200 0       
99990015 03/02/2020 1200 0       
99990015 04/02/2020 1200 25.2    
99990015 05/02/2020 1200 1       
99990015 06/02/2020 1200 32.6    
99990015 07/02/2020 1200 86.4    
99990015 08/02/2020 1200 86      
99990015 09/02/2020 1200 42.2    
99990015 10/02/2020 1200 25.6    
99990015 11/02/2020 1200 0       
99990015 12/02/2020 1200 0       
99990015 13/02/2020 1200 6.2     
99990015 14/02/2020 1200 2.8     
99990015 15/02/2020 1200 0       
99990015 16/02/2020 1200 8.4     
99990015 17/02/2020 1200 0       
99990015 18/02/2020 1200 0.2     
99990015 19/02/2020 1200 0       
99990015 20/02/2020 1200 5.4     
99990015 21/02/2020 1200 0       
99990015 22/02/2020 1200 0.2     
99990015 23/02/2020 1200 10      
99990015 24/02/2020 1200 0       
99990015 25/02/2020 1200 0       
99990015 26/02/2020 1200 2.8     
99990015 27/02/2020 1200 0.6     
99990015 28/02/2020 1200 0       
99990015 29/02/2020 1200 0.8     
99990015 01/03/2020 1200 0.2     
99990015 02/03/2020 1200 0       
99990015 03/03/2020 1200 27.6    
99990015 04/03/2020 1200 0       
99990015 05/03/2020 1200 4       
99990015 06/03/2020 1200 59.8    
99990015 07/03/2020 1200 60      
99990015 08/03/2020 1200 5       
99990015 09/03/2020 1200 0.28702983560149936