ONS-Operador Nacional Do Sistema Eletrico
Modelo Computacional SMAP
Versao: 2.0.4 Data: 14/05/2019

Iniciando execucao: 26-03-2020 14:10:36

Parametros
   Amplitude inicial: 0.5
   dm alvo: 0 (nao e necessario multiplicar por 100)
   Limite de iteracoes: 10000
   Particulas: 24
   Pulso inicial: 0.1
   Uso de pesos: on
   Gerar graficos: off
   Semente: 9952

Sub bacia: BG
cef: 0.99225308
*dm: 0.070266535
ebin: 18.495008
mape: 0.069838179
somacoef: 1.9224149
supin: 2.8548205
Iteracoes: 10000
Iteracao otima: 7501
Tempo: 10.855 s

Qcal
[34](0,0,0,21.349828,25.831117,39.381055,100.50504,83.754922,67.723226,55.400385,45.946243,38.686034,33.081723,28.741659,25.336391,22.643369,20.484114,18.72646,17.274572,16.052071,15.0052,14.115079,13.347048,12.674726,12.078014,11.541573,11.053677,10.780003,10.528968,10.367624,9.8653762,9.4163376,9.0099538,8.6381473)
Rsolo
[34](0,0,38.6048,38.8032,41.280646,49.14726,48.711741,47.42296,46.071142,44.68983,43.359077,42.067878,41.138844,40.007623,38.8321,37.68799,36.689857,35.684027,34.608767,33.558206,32.525113,31.524639,30.581168,29.71447,29.048646,28.397254,27.925109,27.475524,27.072076,26.270096,25.488429,24.750403,24.03777,23.291812)
Rsub
[34](0,0,3.9001686,3.7926393,3.6902303,3.6106526,3.6092344,3.6031294,3.5836036,3.551063,3.5063033,3.4508509,3.3860167,3.3156374,3.2386161,3.1552926,3.0665777,2.9740738,2.8782048,2.7801626,2.68546,2.5939834,2.5056228,2.4202721,2.3378287,2.2581937,2.1812713,2.1069692,2.0351981,1.9658718,1.898907,1.8342233,1.7717429,1.7113908)
Rsup
[34](0,0,0.08468949,0.23275573,0.64912707,2.4735913,1.9768913,1.5021629,1.1393473,0.86346381,0.6543832,0.49592973,0.37630051,0.28518246,0.21612789,0.16379431,0.12413288,0.094075128,0.071295615,0.054031972,0.040948578,0.031033219,0.023518782,0.017823904,0.013507996,0.010237147,0.012939637,0.01594516,0.021255325,0.016108524,0.012207978,0.0092519174,0.0070116422,0.0053138311)
Peso chuva 
[34](0.5,2,2,1.7458505,1.0187052,0.54716448,0.5,0.72784756,0.81319051,2,2,2,0.90221162,2,2,2,2,2,2,2,2,2,2,2,1.5115992,0.68298228,1.7751599,0.50835582,2,0.53577712,0.5,2,2,1)
Previsao PMEDIA_ORIG
[13] (0.1,0.2,1.4,2.4,1.3,0.3,2,8.1,5.4,3.9,4.7,4,2.8166667)


Sub bacia: CN
cef: 0.99389367
*dm: 0.034433023
ebin: 21.536
mape: 0.033887252
somacoef: 1.9600064
supin: 16.233549
Iteracoes: 10000
Iteracao otima: 9062
Tempo: 10.442 s

Qcal
[34](0,0,0,37.769549,34.809035,84.497101,143.78708,158.63758,137.55068,119.61772,104.47907,91.700085,80.890202,71.713801,63.905865,57.238462,51.516798,46.582149,42.309767,38.596351,35.410992,32.671004,30.306805,28.259855,26.480903,24.928522,24.24799,26.257919,41.788892,48.251433,42.969998,38.521437,35.156881,31.914525)
Rsolo
[34](0,0,105.6859,103.95566,112.25428,121.24667,126.08957,124.08091,121.71921,119.83668,117.89495,115.73718,113.71925,111.70745,109.61507,107.54686,105.69557,104.07578,102.31235,100.4438,98.632118,96.841796,95.063851,93.402031,92.170501,91.711107,92.585255,97.422534,100.60839,99.22505,98.110145,97.460885,96.475335,94.666822)
Rsub
[34](0,0,6.1678417,6.0584528,5.9325254,5.9106695,6.0178701,6.1995052,6.3449391,6.4503651,6.5250019,6.5694105,6.5820061,6.5663829,6.524108,6.455604,6.36268,6.2493558,6.1194694,5.9922737,5.8677219,5.745759,5.626331,5.5093855,5.3948707,5.2827361,5.1729323,5.0654108,4.9601242,4.8570261,4.7560708,4.657214,4.5604119,4.4656219)
Rsup
[34](0,0,0.6073795,0.51090228,2.3864364,4.6076311,5.1492587,4.3365618,3.6465993,3.0664123,2.5785351,2.1682809,1.8232996,1.5332061,1.2892675,1.0841405,0.91164982,0.76660307,0.64463377,0.54207023,0.45582491,0.38330153,0.32231689,0.27103511,0.22791293,0.21710013,0.30664661,0.90178587,1.1573371,0.9732006,0.8199462,0.7069758,0.59830906,0.50311594)
Peso chuva 
[34](0.5,2,0.77900551,0.5,1.6251797,0.51933035,0.5,0.5,0.5,0.5,0.5,0.5,0.5,0.5,0.5,0.50130005,1.2874993,2,2,2,2,2,2,2,2,1.6429882,2,1.6216865,2,2,2,2,2,1)
Previsao PMEDIA_ORIG
[13] (0,0.1,1,2.2,0.9,0.3,1.9,8.1,6,4.3,4.7,4.4,2.825)


Sub bacia: FozChapeco
cef: 0.97382279
*dm: 0.046793029
ebin: 42.39325
mape: 0.03878584
somacoef: 1.935037
supin: 52.368516
Iteracoes: 10000
Iteracao otima: 9699
Tempo: 10.387 s

Qcal
[34](0,0,0,94.761766,104.2587,166.98122,186.3652,159.71791,139.13372,122.01406,107.76747,95.903994,86.134115,77.864734,70.958057,65.181672,60.342871,56.281861,52.866149,49.985869,47.549923,45.482775,43.721787,42.21502,40.919407,39.799234,38.867774,40.709217,47.834838,45.353204,43.251377,41.464815,39.94,38.632553)
Rsolo
[34](0,0,29.0055,39.664836,63.154703,77.569312,75.596967,73.2503,70.842146,68.956516,67.427623,66.33009,64.48223,62.68585,60.999823,59.399328,57.787894,56.169711,54.59801,53.069894,51.582081,50.135978,48.730418,47.364262,46.087024,45.23744,47.018916,53.03865,51.612099,50.325404,49.008498,47.63539,46.300033,45.002012)
Rsub
[34](0,0,91.587545,90.877016,90.171999,89.472452,88.778331,88.089596,87.406204,86.728113,86.055284,85.387673,84.725243,84.067951,83.415758,82.768625,82.126513,81.489382,80.857194,80.22991,79.607493,78.989904,78.377106,77.769063,77.165737,76.567091,75.97309,75.383696,74.798875,74.218592,73.64281,73.071495,72.504612,71.942127)
Rsup
[34](0,0,5.1377912,6.101786,12.287408,14.063725,11.638105,9.6498998,8.0013514,6.6344341,5.5010819,4.572892,3.7916784,3.1439239,2.6068292,2.1614894,1.7922296,1.4860527,1.2321817,1.0216809,0.84714124,0.70241918,0.58242084,0.48292251,0.40042205,0.33622348,0.54385908,1.2697076,1.0527961,0.8729408,0.72381126,0.60015838,0.49762984,0.41261685)
Peso chuva 
[34](2,0.5,1.8123874,2,1.3154635,0.67926399,2,0.82098641,0.5,0.5,0.5,0.5,0.5,0.5,2,2,0.5,1.2152063,1.9843004,1.7182844,1.9505033,0.5,1.4711888,2,0.59698218,0.5,0.61165145,0.65769115,0.5,1.8167625,1.2571314,2,0.61880019,1)
Previsao PMEDIA_ORIG
[13] (0,0.2,1.5,2.5,0.1,0,1.2,7.7,5.6,6.7,5.1,5.1,2.975)


Sub bacia: Ita
cef: 0.98262327
*dm: 0.067447197
ebin: 19.096
mape: 0.065170342
somacoef: 1.9174529
supin: 6.0945147
Iteracoes: 10000
Iteracao otima: 9849
Tempo: 9.789 s

Qcal
[34](0,0,0,25.190515,23.524374,156.24111,243.04226,203.86204,164.39445,133.51703,109.39077,90.56202,75.85089,64.339321,55.311968,48.210679,42.600742,38.151757,34.602632,31.743645,29.413123,27.488296,25.873612,24.495886,23.298776,22.238975,21.293414,25.962075,39.499839,41.796363,36.587213,32.550083,29.236774,26.562202)
Rsolo
[34](0,0,84.8286,83.863348,101.81451,116.7541,118.5076,116.91893,115.17909,113.06463,110.98818,108.98141,107.03741,105.12771,103.24579,101.58349,100.01336,98.352247,96.644311,94.96754,93.30618,91.679416,90.088218,88.531562,87.141131,86.132462,88.241936,93.235554,95.73407,94.611225,93.690763,92.066461,90.469628,88.904715)
Rsub
[34](0,0,2.9984175,2.918831,2.8382928,2.8606604,2.988371,3.1242114,3.2413141,3.3396058,3.417418,3.4763841,3.5182658,3.5446564,3.5568512,3.556025,3.5445058,3.5236165,3.4934666,3.4544644,3.4074705,3.3532031,3.2924449,3.2259317,3.1543447,3.0789735,3.0020326,2.9390795,2.9055704,2.8877885,2.8643472,2.8367576,2.8014254,2.7591007)
Rsup
[34](0,0,0.19706382,0.15957898,4.4675094,7.2695854,5.9764085,4.6722656,3.6497412,2.8493864,2.2245422,1.7367205,1.3558736,1.058543,0.82641424,0.64518918,0.50370512,0.39324721,0.30701171,0.23968686,0.18712573,0.14609078,0.11405441,0.089043326,0.069516942,0.054463696,0.22126749,0.67196983,0.75312757,0.58835348,0.46264167,0.3611886,0.28198325,0.22014692)
Peso chuva 
[34](0.5,1.8284731,0.5,0.5,0.99394974,0.77211763,0.5,0.5,0.5,0.5,0.5,0.5,0.5,0.5,0.5,0.5,0.5,0.5,0.5,0.5,0.5,2,0.5,2,2,1.1043725,0.52078568,0.70046517,1.1424143,0.87134701,1.270883,2,1.90537,1)
Previsao PMEDIA_ORIG
[13] (0,0,1.7,2.7,0.3,0,1.5,8.8,5.6,5.9,4.9,5.5,3.075)


Sub bacia: Machadinho
cef: 0.93553803
*dm: 0.11352363
ebin: 27.612
mape: 0.093446614
somacoef: 1.8420914
supin: 0
Iteracoes: 10000
Iteracao otima: 9676
Tempo: 7.12 s

Qcal
[34](0,0,0,27.612,29.016942,71.295739,210.50644,204.0676,136.5101,94.942081,67.430136,51.375261,41.992983,39.036238,35.291478,32.604776,30.957145,29.885939,29.128044,28.527045,27.993158,27.478584,26.95784,26.418594,25.855903,25.269227,24.679445,24.165558,48.458725,52.22002,40.056688,32.79741,28.395535,25.650467)
Rsolo
[34](0,0,135.5806,135.36948,146.26174,167.72533,179.55274,179.90633,179.30054,176.30106,173.39809,170.56694,170.46806,169.13759,166.39818,163.71811,161.22161,158.71055,156.17213,153.68857,151.25282,148.86892,146.53608,144.26261,142.1051,140.5765,139.28788,147.23469,152.32634,150.01804,147.74444,145.43517,143.1734,140.95845)
Rsub
[34](0,0,6.4409073,6.220678,6.01384,5.8950364,5.9553502,6.120106,6.2772268,6.4180094,6.5209548,6.5901274,6.6290378,6.6644576,6.6856697,6.6814924,6.6546676,6.6087474,6.5453409,6.4658561,6.3722577,6.2662959,6.1496086,6.0236916,5.8899734,5.7501484,5.6092186,5.469032,5.3937543,5.3614788,5.313924,5.2527498,5.1789854,5.0941891)
Rsup
[34](0,0,0,0.088791317,1.7203898,7.0016195,6.7484663,4.1681859,2.5715102,1.5087827,0.88524845,0.51940203,0.40133591,0.25404951,0.14905853,0.087457143,0.051313749,0.030107328,0.017664879,0.010364519,0.0060811765,0.0035680101,0.0020934594,0.0012282959,0.00072067834,0.0010852287,0.0044975011,0.94546286,1.0998329,0.64530521,0.37862007,0.22214784,0.13034085,0.07647492)
Peso chuva 
[34](2,2,0.5,1.3364829,1.8864406,0.5,0.54556186,2,2,0.5,0.5,0.5,2,1.9717783,0.5,0.5,0.5,0.5,0.5,0.5,0.55719942,2,0.5,1.7444897,2,1.9985903,2,1.5072084,2,0.5,0.5,0.5,0.95445788,1)
Previsao PMEDIA_ORIG
[13] (0,0,1.4,2.1,0.6,0,1.7,8.1,4.8,5.2,4.7,4.6,2.7666667)


Sub bacia: Monjolinho
cef: 0.97552146
*dm: 0.052322455
ebin: 12.297573
mape: 0.046243276
somacoef: 1.9292782
supin: 2.3624168
Iteracoes: 10000
Iteracao otima: 9917
Tempo: 7.288 s

Qcal
[34](0,0,0,14.659989,17.704547,48.260452,52.592872,43.161256,34.610613,28.217051,23.416161,19.8064,17.079167,15.00613,13.418336,12.190763,11.972894,11.019188,10.26426,9.6575184,9.1615065,8.7484899,8.3979259,8.0945927,7.8272057,8.0399527,13.919175,19.622565,18.89,15.891936,13.357691,11.49139,10.029857,8.9136972)
Rsolo
[34](0,0,118.8588,120.99084,132.86585,139.08991,138.84287,136.78494,134.71229,132.37105,130.07555,127.83154,125.61806,123.43651,121.407,121.21506,119.23678,117.19793,115.19413,113.2184,111.24467,109.30526,107.40019,105.53159,105.17692,110.00157,115.43115,117.45268,116.771,115.26072,114.10526,112.12145,110.18036,108.25865)
Rsub
[34](0,0,12.235573,11.956112,11.683034,11.416194,11.155447,10.900657,10.651685,10.4084,10.170672,9.9383737,9.7113809,9.4895727,9.2728306,9.0610388,8.8540844,8.6518568,8.4542481,8.2611529,8.0724679,7.8880924,7.7079282,7.5318788,7.3598505,7.1917513,7.0274914,6.8669833,6.7101412,6.5568814,6.407122,6.2607831,6.1177866,5.9780562)
Rsup
[34](0,0,0.20632867,0.49676532,3.1894268,3.5912349,2.7903852,2.0659551,1.5294093,1.131465,0.83706373,0.61926412,0.45813483,0.33893054,0.25074258,0.2503055,0.18517732,0.13699515,0.10134973,0.074979056,0.055469897,0.04103692,0.030359328,0.022459989,0.05614162,0.58437672,1.0969181,1.0470268,0.79894963,0.59106712,0.44121414,0.32641252,0.24148169,0.17864941)
Peso chuva 
[34](2,0.5,0.5,0.64878962,0.5,1.1414974,1.6161887,0.5,0.5,2,1.9413804,1.1945469,0.85798859,1.9089948,0.5,2,0.5,0.5,0.5,0.5,0.54653241,0.5,0.57162898,0.5,1.8869165,0.96056481,0.72863054,1.6434154,2,0.79039873,2,0.5,0.5,1)
Previsao PMEDIA_ORIG
[13] (0,0.1,2.1,1.9,0.5,0.1,2.3,9.6,6,6.9,5.3,4.9,3.3083333)


Sub bacia: QQueixo
cef: 0.99809271
*dm: 0.027078495
ebin: 13.820303
mape: 0.027011241
somacoef: 1.9710815
supin: 5.0564068
Iteracoes: 10000
Iteracao otima: 9977
Tempo: 6.288 s

Qcal
[34](0,0,0,18.87671,17.989016,40.546404,68.897712,60.873707,54.024687,48.17116,43.161239,38.911084,35.462571,32.290808,29.560965,27.202493,25.158349,23.382029,21.833584,20.473511,19.272305,18.205051,17.250594,16.391156,15.611739,14.899694,14.24437,15.327322,15.78765,14.936892,14.168747,13.469985,12.8297,12.253093)
Rsolo
[34](0,0,163.2775,161.36384,178.90973,197.18542,193.40298,189.67359,186.0421,182.8927,180.96545,179.89219,177.08893,174.12357,171.27915,168.73704,166.42527,163.73249,161.11178,158.56417,156.07571,153.65496,151.29921,149.00588,146.77253,144.87246,148.55632,151.16794,149.00962,146.87172,144.78766,142.66261,140.56952,138.50715)
Rsub
[34](0,0,19.817999,19.589046,19.339911,19.349696,19.671334,19.916992,20.091434,20.199982,20.253935,20.275486,20.279426,20.23936,20.155019,20.030475,19.872135,19.68492,19.465127,19.215515,18.938709,18.637018,18.312737,17.968004,17.604811,17.225014,16.833289,16.490941,16.18629,15.863833,15.524891,15.171089,14.824581,14.485987)
Rsup
[34](0,0,1.1123907,0.95222667,5.9529895,12.188671,10.374075,8.8296276,7.5151112,6.3962943,5.4529986,4.6910321,3.9926517,3.3982432,2.8923276,2.4617305,2.0952388,1.7833088,1.5178176,1.2918515,1.0995263,0.93583363,0.7965108,0.67792975,0.57700253,0.49110092,0.78944358,0.94323585,0.80281102,0.68329202,0.58156649,0.49498541,0.42129414,0.35857371)
Peso chuva 
[34](0.5,0.5,0.5,0.50006508,1.60134,1.3681278,0.50419372,0.5,0.5,0.5,0.5,0.5,0.5,0.5,0.5,0.5,0.5,0.5,0.5,0.5,0.5,0.5,1.7389546,0.58372909,1.922907,0.5,0.9089847,0.5,0.5,0.5,0.5,0.5,0.5,1)
Previsao PMEDIA_ORIG
[13] (0,0.1,1.7,3.5,0.3,0,1.4,8,7.9,6.6,5.4,5.7,3.3833333)


Sub bacia: SJoao
cef: 0.98847674
*dm: 0.020651172
ebin: 45.495053
mape: 0.017137254
somacoef: 1.9713395
supin: 18.869459
Iteracoes: 10000
Iteracao otima: 9858
Tempo: 5.936 s

Qcal
[33](0,0,64.364512,59.164998,55.124144,53.555922,53.060195,51.724785,48.967989,46.706741,44.80832,43.170746,41.735428,40.486734,39.37967,38.380879,37.465618,36.615515,35.816915,35.059654,34.336149,33.640732,32.969148,32.318192,31.685435,37.549028,41.831253,43.237262,41.219984,38.964326,35.753879,33.24666,31.262212)
Rsolo
[33](0,50.9777,49.141517,47.669468,47.119365,46.756818,46.241966,44.691372,43.32409,42.017509,40.778383,39.594917,38.445798,37.330028,36.246639,35.194693,34.173276,33.181503,32.218513,31.28347,30.375565,29.494008,28.638036,27.806906,29.531688,31.249845,32.327221,32.23904,32.04947,31.1287,30.227662,29.350398,28.498594)
Rsub
[33](0,20.257918,20.128886,19.946942,19.726566,19.495302,19.258672,19.012901,18.732336,18.424345,18.092692,17.747666,17.40922,17.077228,16.751566,16.432115,16.118756,15.811373,15.509852,15.21408,14.923949,14.639351,14.360179,14.086332,13.817707,13.554204,13.295727,13.042179,12.793465,12.549495,12.310177,12.075423,11.845146)
Rsup
[33](0,0.61580074,0.4555726,0.33703499,0.30200796,0.30277958,0.27654162,0.20458693,0.15135448,0.11197284,0.08283809,0.061284051,0.045338261,0.033541483,0.024814164,0.018357648,0.013581084,0.010047357,0.0074330871,0.0054990366,0.004068216,0.0030096875,0.0022265825,0.0016472374,0.21269212,0.37175394,0.43658278,0.38933213,0.33394764,0.2470562,0.18277347,0.13521677,0.10003407)
Peso chuva 
[33](1.4534275,0.53402015,0.5,0.5,1.5496915,1.7653715,1.5992752,0.5,0.61808459,2,0.57205752,0.62629215,2,0.5,0.5,2,0.5,0.5,2,1.9492541,0.5,1.8402065,2,1.6284637,1.6281285,0.91003967,0.74001751,0.53113393,1.8181463,2,0.5380596,2,1)
Previsao PMEDIA_ORIG
[13] (0,0.1,3.2,1,0.3,0.2,3.5,10.8,6.1,4.4,4.1,3.3,3.0833333)


Tempo de execucao em: 68 s

Finalizando execucao: 26-03-2020 14:11:44

