00083778 13/12/2019 1200 0       
00083778 14/12/2019 1200 0       
00083778 15/12/2019 1200 3       
00083778 16/12/2019 1200 0       
00083778 17/12/2019 1200 0       
00083778 18/12/2019 1200 11      
00083778 19/12/2019 1200 4       
00083778 20/12/2019 1200 0       
00083778 21/12/2019 1200 0       
00083778 22/12/2019 1200 0       
00083778 23/12/2019 1200 5       
00083778 24/12/2019 1200 17      
00083778 25/12/2019 1200 0       
00083778 26/12/2019 1200 0       
00083778 27/12/2019 1200 0       
00083778 28/12/2019 1200 0       
00083778 29/12/2019 1200 0       
00083778 30/12/2019 1200 0       
00083778 31/12/2019 1200 0       
00083778 01/01/2020 1200 39      
00083778 02/01/2020 1200 19      
00083778 03/01/2020 1200 61      
00083778 04/01/2020 1200 0       
00083778 05/01/2020 1200 15      
00083778 06/01/2020 1200 58      
00083778 07/01/2020 1200 0       
00083778 08/01/2020 1200 23      
00083778 09/01/2020 1200 52      
00083778 10/01/2020 1200 32      
00083778 11/01/2020 1200 0       
00083778 12/01/2020 1200 0       
00083778 13/01/2020 1200 30      
00083778 14/01/2020 1200 5       
00083778 15/01/2020 1200 0       
00083778 16/01/2020 1200 0       
00083778 17/01/2020 1200 65      
00083778 18/01/2020 1200 3       
00083778 19/01/2020 1200 0       
00083778 20/01/2020 1200 0       
00083778 21/01/2020 1200 0       
00083778 22/01/2020 1200 0       
00083778 23/01/2020 1200 1       
00083778 24/01/2020 1200 6       
00083778 25/01/2020 1200 1       
00083778 26/01/2020 1200 0       
00083778 27/01/2020 1200 0       
