00083781 13/12/2019 1200 0       
00083781 14/12/2019 1200 26      
00083781 15/12/2019 1200 44      
00083781 16/12/2019 1200 0       
00083781 17/12/2019 1200 0       
00083781 18/12/2019 1200 12      
00083781 19/12/2019 1200 0.8     
00083781 20/12/2019 1200 0       
00083781 21/12/2019 1200 0       
00083781 22/12/2019 1200 0.2     
00083781 23/12/2019 1200 5       
00083781 24/12/2019 1200 102     
00083781 25/12/2019 1200 0       
00083781 26/12/2019 1200 0       
00083781 27/12/2019 1200 0       
00083781 28/12/2019 1200 0       
00083781 29/12/2019 1200 0       
00083781 30/12/2019 1200 0       
00083781 31/12/2019 1200 0       
00083781 01/01/2020 1200 0.1     
00083781 02/01/2020 1200 22      
00083781 03/01/2020 1200 28      
00083781 04/01/2020 1200 0       
00083781 05/01/2020 1200 16      
00083781 06/01/2020 1200 19      
00083781 07/01/2020 1200 0       
00083781 08/01/2020 1200 15      
00083781 09/01/2020 1200 60      
00083781 10/01/2020 1200 1       
00083781 11/01/2020 1200 0       
00083781 12/01/2020 1200 0       
00083781 13/01/2020 1200 17      
00083781 14/01/2020 1200 0       
00083781 15/01/2020 1200 0       
00083781 16/01/2020 1200 0       
00083781 17/01/2020 1200 82      
00083781 18/01/2020 1200 4.2     
00083781 19/01/2020 1200 0       
00083781 20/01/2020 1200 0       
00083781 21/01/2020 1200 0       
00083781 22/01/2020 1200 0       
00083781 23/01/2020 1200 2.3     
00083781 24/01/2020 1200 3       
00083781 25/01/2020 0000 -       
00083781 26/01/2020 1200 0       
00083781 27/01/2020 1200 0       
