02149099 13/12/2019 1000 4.2     
02149099 14/12/2019 1000 0       
02149099 15/12/2019 1000 0.6     
02149099 16/12/2019 1000 0       
02149099 17/12/2019 1000 1.4     
02149099 18/12/2019 1000 28.6    
02149099 19/12/2019 1000 0.2     
02149099 20/12/2019 1000 0       
02149099 21/12/2019 1000 7       
02149099 22/12/2019 1000 20.8    
02149099 23/12/2019 1000 40.6    
02149099 24/12/2019 1000 44.6    
02149099 25/12/2019 1000 0       
02149099 26/12/2019 1000 0       
02149099 27/12/2019 1000 15      
02149099 28/12/2019 1000 5       
02149099 29/12/2019 1000 25.4    
02149099 30/12/2019 1000 0.8     
02149099 31/12/2019 1000 0       
02149099 01/01/2020 1000 0       
02149099 02/01/2020 1000 0       
02149099 03/01/2020 1000 64.8    
02149099 04/01/2020 1000 17.2    
02149099 05/01/2020 1000 0       
02149099 06/01/2020 1000 6.2     
02149099 07/01/2020 1000 0       
02149099 08/01/2020 1000 6.8     
02149099 09/01/2020 1000 15.6    
02149099 10/01/2020 1000 15.4    
02149099 11/01/2020 1000 0       
02149099 12/01/2020 1000 0       
02149099 13/01/2020 1000 6.4     
02149099 14/01/2020 1000 0       
02149099 15/01/2020 1000 0       
02149099 16/01/2020 1000 0       
02149099 17/01/2020 1000 0       
02149099 18/01/2020 1000 0       
02149099 19/01/2020 1000 0       
02149099 20/01/2020 1000 0       
02149099 21/01/2020 1000 0       
02149099 22/01/2020 1000 0       
02149099 23/01/2020 1000 20.8    
02149099 24/01/2020 1000 45.8    
02149099 25/01/2020 1000 0       
02149099 26/01/2020 1000 0       
02149099 27/01/2020 1000 0       
