02150091 13/12/2019 1000 9       
02150091 14/12/2019 1000 0.6     
02150091 15/12/2019 1000 0.2     
02150091 16/12/2019 1000 0       
02150091 17/12/2019 1000 9.2     
02150091 18/12/2019 1000 16.8    
02150091 19/12/2019 1000 0       
02150091 20/12/2019 1000 0       
02150091 21/12/2019 1000 55.2    
02150091 22/12/2019 1000 29.8    
02150091 23/12/2019 1000 1       
02150091 24/12/2019 1000 8.6     
02150091 25/12/2019 1000 0       
02150091 26/12/2019 1000 0       
02150091 27/12/2019 1000 5       
02150091 28/12/2019 1000 0       
02150091 29/12/2019 1000 0       
02150091 30/12/2019 1000 0       
02150091 31/12/2019 1000 0       
02150091 01/01/2020 1000 0       
02150091 02/01/2020 1000 3.4     
02150091 03/01/2020 1000 41.4    
02150091 04/01/2020 1000 3.4     
02150091 05/01/2020 1000 0       
02150091 06/01/2020 1000 5.6     
02150091 07/01/2020 1000 0       
02150091 08/01/2020 1000 0.4     
02150091 09/01/2020 1000 30.4    
02150091 10/01/2020 1000 67.4    
02150091 11/01/2020 1000 0       
02150091 12/01/2020 1000 3.6     
02150091 13/01/2020 1000 10.4    
02150091 14/01/2020 1000 0.2     
02150091 15/01/2020 1000 0       
02150091 16/01/2020 1000 0       
02150091 17/01/2020 1000 0       
02150091 18/01/2020 1000 0       
02150091 19/01/2020 1000 0       
02150091 20/01/2020 1000 0       
02150091 21/01/2020 1000 0       
02150091 22/01/2020 1000 0       
02150091 23/01/2020 1000 50.8    
02150091 24/01/2020 1000 18.6    
02150091 25/01/2020 1000 0       
02150091 26/01/2020 1000 0       
02150091 27/01/2020 1000 0       
