02347213 13/12/2019 1000 0       
02347213 14/12/2019 1000 1.6     
02347213 15/12/2019 1000 8       
02347213 16/12/2019 1000 0       
02347213 17/12/2019 1000 0       
02347213 18/12/2019 1000 17.8    
02347213 19/12/2019 1000 0.2     
02347213 20/12/2019 1000 0       
02347213 21/12/2019 1000 0.6     
02347213 22/12/2019 1000 0       
02347213 23/12/2019 1000 4.2     
02347213 24/12/2019 1000 11.4    
02347213 25/12/2019 1000 0       
02347213 26/12/2019 1000 0       
02347213 27/12/2019 1000 0       
02347213 28/12/2019 1000 0       
02347213 29/12/2019 1000 0       
02347213 30/12/2019 1000 0       
02347213 31/12/2019 1000 0.6     
02347213 01/01/2020 1000 0       
02347213 02/01/2020 1000 1       
02347213 03/01/2020 1000 18.8    
02347213 04/01/2020 1000 0       
02347213 05/01/2020 1000 2.2     
02347213 06/01/2020 1000 40.8    
02347213 07/01/2020 1000 0       
02347213 08/01/2020 1000 21.6    
02347213 09/01/2020 1000 36.6    
02347213 10/01/2020 1000 5       
02347213 11/01/2020 1000 0       
02347213 12/01/2020 1000 0       
02347213 13/01/2020 1000 6.2     
02347213 14/01/2020 1000 0       
02347213 15/01/2020 1000 0       
02347213 16/01/2020 1000 0       
02347213 17/01/2020 1000 15      
02347213 18/01/2020 1000 0       
02347213 19/01/2020 1000 0       
02347213 20/01/2020 1000 0       
02347213 21/01/2020 1000 0       
02347213 22/01/2020 1000 0       
02347213 23/01/2020 1000 0.4     
02347213 24/01/2020 1000 0.6     
02347213 25/01/2020 1000 5.2     
02347213 26/01/2020 1000 0       
02347213 27/01/2020 1000 0       
