ONS-Operador Nacional Do Sistema Eletrico
Modelo Computacional SMAP
Versao: 3.0.0 Data: 23/09/2019

Iniciando execucao: 12-02-2020 13:23:27

Parametros
   Amplitude inicial: 0.5
   dm alvo: 0 (nao e necessario multiplicar por 100)
   Limite de iteracoes: 10000
   Particulas: 24
   Pulso inicial: 0.1
   Uso de pesos: on
   Gerar graficos: off
   Semente: 9952

Sub bacia: QM
cef: 0.99927495
*dm: 0.0045896634
ebin: 11.458343
mape: 0.0045320312
somacoef: 1.9947429
supin: 11.633434
Iteracoes: 10000
Iteracao otima: 9711
Tempo: 9.322 s

Qcal
[34](0,0,0,23.091776,21.382481,20.134246,18.702577,17.46266,16.408705,15.551324,14.779064,14.118579,16.417458,19.474501,24.41045,31.061325,38.840615,49.974042,56.81112,62.810474,64.06106,64.461249,62.13026,57.029231,52.215145,48.042495,45.88387,44.894439,45.582532,46.654607,47.046438,47.074493,47.024604,47.339984)
Rsolo
[34](0,0,135.48512,134.46036,134.0291,131.94341,129.87414,127.83733,126.74175,124.96646,123.21711,127.52778,133.01565,140.45512,148.43975,156.24119,164.6993,170.0412,174.18055,175.2342,175.50686,173.60596,168.00382,160.85108,154.82424,153.49251,153.47959,155.0676,156.73576,157.4931,157.68288,157.64545,157.89713,152.28987)
Rsub
[34](0,0,40.39683,40.382003,40.26432,40.104538,39.843145,39.583455,39.325459,39.069144,38.814499,38.561514,38.310178,38.063471,38.585026,40.016354,42.420912,45.975945,50.298387,55.234052,60.304826,65.386102,70.132893,73.991422,76.797105,78.77684,80.572393,82.354594,84.329687,86.51072,88.778225,91.056314,93.314549,95.591769)
Rsup
[34](0,0,1.6801724,1.4339128,1.258456,1.0582311,0.88986278,0.74828242,0.6350231,0.53398865,0.44902914,0.79141111,1.2432243,1.9662111,2.9054058,3.9703036,5.4797575,6.3215761,7.010968,6.9893924,6.8394624,6.2946484,5.3634706,4.5101232,3.7925464,3.3996833,3.1832275,3.2095969,3.2835216,3.2507647,3.1619267,3.0613978,3.0144368,2.5348291)
Peso chuva 
[34](1.83177,0.66380637,0.5,1.1716987,2,0.70241828,1.9954574,0.5,1.7157366,1.9897742,2,0.81497248,1.4253415,1.0965316,1.1126296,1.1794149,0.5,0.68010892,0.76480088,1.0011734,1.0300111,2,2,0.5,0.5,0.56570767,2,0.54228736,0.73764512,0.67456487,1.0184198,1.2309438,0.91456157,1)
Previsao ETA40_LIMITES
[13] (11.795,15.505,9.175,6.23,3.84,16.935,19.81,7.69,2.65,0.165,9.3795,9.3795,9.3795)
Previsao PMEDIA_ORIG
[13] (10.5,12.8,6.6,5,3,6.5,8.9,6.5,17.5,21,16.5,8.4,10.266667)
Previsao PRECMEDIA_ETA40.GEFS
[13] (9.09,9.02,5.52,3.27,2.25,7.45,8.85,5.35,11.62,15.47,7.789,7.789,7.789)
Previsao PRECZERADA_
[13] (0,0,0,0,0,0,0,0,0,0,0,0,0)


Sub bacia: RB-SMAP
cef: 0.99825327
*dm: 0.0055846239
ebin: 54.888
mape: 0.0053044276
somacoef: 1.9929488
supin: 112.29176
Iteracoes: 10000
Iteracao otima: 9908
Tempo: 8.964 s

Qcal
[34](0,0,0,167.17976,143.70156,145.60406,134.13581,124.48943,118.29935,122.17283,130.35584,137.41483,140.89376,150.14853,165.1843,235.82797,380.82798,535.18273,633.19251,662.2021,685.71306,601.51202,531.67772,505.94834,496.2204,459.43776,393.55202,391.91002,388.28336,391.31641,409.55067,434.16734,436.09507,434.85692)
Rsolo
[34](0,0,79.882326,76.865772,77.980012,77.100559,76.175553,75.489609,76.112839,77.65302,79.223255,80.368545,82.500211,85.457645,93.291592,104.15797,113.38671,118.78447,120.65922,121.89392,117.43709,113.8118,113.33431,116.67738,117.09724,113.0807,115.37609,116.86884,118.32863,120.31227,122.22259,122.56303,122.59357,114.11455)
Rsub
[34](0,0,57.840173,57.415234,56.993417,56.574698,56.159056,55.746467,55.33691,54.930362,54.5268,54.126203,53.72855,53.429197,53.385153,54.095413,56.047049,59.22629,63.186567,67.410601,71.800265,75.461982,78.559845,81.566163,85.041458,88.554455,91.450993,94.659895,98.067784,101.67255,105.55911,109.72137,113.90802,118.06885)
Rsup
[34](0,0,4.2140463,3.3480978,3.4345158,3.0190508,2.6718469,2.454241,2.6141887,2.9357558,3.215035,3.3598572,3.7213283,4.2962462,6.9489062,12.365122,18.088192,21.653049,22.600677,23.332561,20.016367,17.265248,16.189363,15.717234,14.213105,11.615462,11.45069,11.200313,11.192774,11.748689,12.534086,12.458202,12.262641,9.7328649)
Peso chuva 
[34](2,2,2,0.5,2,1.1514937,0.91726334,0.5,0.72611599,0.91545939,0.63845557,0.5854758,0.97847214,0.96572401,0.75078539,0.8308299,0.82355838,0.71233453,0.62173851,0.82569193,0.87417894,0.93078585,1.1559069,1.2438671,1.4910609,0.86394862,1.9123775,1.8290621,1.0248464,1.388297,1.1899573,1.0898838,1.0083755,1)
Previsao ETA40_LIMITES
[13] (20.987143,17.247143,1.5628571,0.60714286,2.9985714,7.5485714,2.98,3.1542857,5.6742857,13.117143,7.5877143,7.5877143,7.5877143)
Previsao PMEDIA_ORIG
[13] (24.5,12.3,5.1,3.2,8,10.6,7,10.1,6.7,5.4,8.6,9,9.2083333)
Previsao PRECMEDIA_ETA40.GEFS
[13] (18.6,11.65,4.03,2.96,5.71,8.85,5.26,8.71,7.19,8.64,8.16,8.16,8.16)
Previsao PRECZERADA_
[13] (0,0,0,0,0,0,0,0,0,0,0,0,0)


Sub bacia: SFR2
cef: 0.89996449
*dm: 0.14672207
ebin: 27.556394
mape: 0.10733249
somacoef: 1.792632
supin: 166.21829
Iteracoes: 10000
Iteracao otima: 9998
Tempo: 9.312 s

Qcal
[34](0,0,0,193.77468,172.67808,154.15517,137.87178,123.54015,110.96417,102.71631,98.334004,90.339852,105.74025,112.59382,141.1175,420.39086,616.35964,736.97481,989.06614,1147.4557,1176.641,1087.1543,1021.0637,917.55946,818.47677,729.70935,651.85123,587.62013,534.42982,485.54321,486.57356,587.13285,593.57021,697.58006)
Rsolo
[34](0,0,47.443612,45.344181,43.336765,41.446796,39.582623,37.883557,37.150452,36.71163,35.820608,37.78974,38.697241,42.482361,58.908097,70.907777,78.90938,88.815292,94.722742,96.443273,93.402414,91.56935,86.989676,81.482933,75.52294,70.679476,67.491232,64.99543,62.435579,64.180879,71.182771,72.9428,78.935406,72.951996)
Rsub
[34](0,0,10.210456,10.366175,10.44347,10.452118,10.401805,10.321109,10.241039,10.16159,10.082757,10.004536,9.9269211,9.8499088,9.8359168,10.525357,11.962678,14.003453,16.913787,20.395121,24.031537,27.320735,30.398385,33.007999,35.102286,36.692462,37.910564,38.90039,39.721195,40.379232,41.1378,42.357263,43.695422,45.492164)
Rsup
[34](0,0,3.691023,3.2132222,2.7972724,2.435167,2.119936,1.8455115,1.667159,1.5746075,1.4018148,1.748482,1.905323,2.5433318,8.7456804,13.056021,15.648248,21.123853,24.466615,24.906063,22.701002,21.036281,18.553434,16.196822,14.100152,12.275945,10.776636,9.5361779,8.401417,8.3848606,10.572407,10.642271,12.871705,11.20547)
Peso chuva 
[34](2,1.8776907,2,1.9702751,2,2,2,2,0.70540987,1.9035005,1.9636779,0.75960082,0.62016326,0.9517623,1.2392561,2,2,2,2,2,2,2,2,2,2,2,0.5,0.5,0.5,1.0706224,2,2,1.9242627,1)
Previsao ETA40_LIMITES
[13] (10.439375,9.6975,5.999375,4.805,2.330625,3.61375,7.724375,5.410625,2.145625,0,5.216625,5.216625,5.216625)
Previsao PMEDIA_ORIG
[13] (11.4,8.2,4.9,3.7,2.5,1.6,3,5.2,9.9,22.5,15.8,9.8,8.2083333)
Previsao PRECMEDIA_ETA40.GEFS
[13] (8.06,6.16,3.71,2.69,1.97,2.21,4.42,4.44,8.52,12.55,5.473,5.473,5.473)
Previsao PRECZERADA_
[13] (0,0,0,0,0,0,0,0,0,0,0,0,0)


Sub bacia: SRM2
cef: 0.96137124
*dm: 0.062434685
ebin: 93.146708
mape: 0.049050063
somacoef: 1.9123212
supin: 743.56365
Iteracoes: 10000
Iteracao otima: 9073
Tempo: 9.108 s

Qcal
[34](0,0,0,836.71035,719.57817,619.13876,534.59113,485.38494,444.2067,402.83797,425.891,388.16876,423.1561,446.8929,594.83816,877.15746,1670.5682,3859.0034,4850.8482,4566.7766,4194.0107,4144.7845,4540.8885,4032.4743,3520.02,3068.1256,2655.049,2323.4411,2034.4949,1831.3406,1851.4973,2286.6163,2690.8936,2790.3994)
Rsolo
[34](0,0,59.004936,56.814394,54.144517,51.818744,50.737081,49.692242,48.492407,48.395429,47.260301,47.388316,47.358736,51.027617,57.528857,70.055915,89.859266,91.819565,83.894594,80.725581,83.222393,87.492064,78.693558,74.361237,72.400778,69.697242,67.77452,65.58577,64.533868,67.323253,75.57217,82.334332,81.661661,72.837014)
Rsub
[34](0,0,11.296179,11.214911,11.134228,11.054125,10.974598,10.895644,10.817258,10.739435,10.662173,10.585466,10.509311,10.433704,10.358641,10.284119,10.210132,19.891371,30.934736,36.430489,39.938205,44.944509,52.716264,54.928981,54.801336,54.40708,54.01566,53.627056,53.241248,52.858216,52.477939,52.992038,57.352763,61.271361)
Rsup
[34](0,0,4.0774583,3.4388187,2.8916903,2.431681,2.1654465,1.9432087,1.7199006,1.8498348,1.646472,1.8417996,1.9754079,2.7901098,4.3416501,8.6958232,20.699827,25.701016,23.643906,21.351276,20.922725,22.868456,19.72906,16.818875,14.346607,12.099259,10.298529,8.7316144,7.6350289,7.7628813,10.166126,12.359803,12.708279,10.686346)
Peso chuva 
[34](0.5,0.5,0.5,2,0.54087499,0.5,0.88209831,0.67165495,0.5,0.5,0.69244487,1.6211024,0.63988599,0.5,0.53853971,0.68969191,0.71756522,0.61375448,0.68822049,1.5784617,2,1.4377165,2,2,2,0.50809274,0.5,0.5,0.5,0.83163937,0.84299326,1.4270471,1.1962572,1)
Previsao ETA40_LIMITES
[13] (15.096415,9.8975472,3.7935849,2.3749057,2.4773585,3.9703774,6.0009434,4.7724528,4.2739623,2.7439623,5.5401509,5.5401509,5.5401509)
Previsao PMEDIA_ORIG
[13] (16.7,10.2,3.8,2.3,2.3,3.1,3.1,5.6,12.6,13.5,7.6,7.7,7.375)
Previsao PRECMEDIA_ETA40.GEFS
[13] (12.15,7.28,3.22,2.07,2.19,3.27,4.33,5.09,8.83,8.95,5.738,5.738,5.738)
Previsao PRECZERADA_
[13] (0,0,0,0,0,0,0,0,0,0,0,0,0)


Sub bacia: TM-SMAP
cef: 0.99800478
*dm: 0.00838375
ebin: 140.10208
mape: 0.0081428711
somacoef: 1.9898619
supin: 509.38058
Iteracoes: 10000
Iteracao otima: 9616
Tempo: 8.438 s

Qcal
[33](0,0,649.48266,599.53904,549.42057,503.83067,463.81953,452.4383,430.84814,449.16188,484.06192,507.78087,503.89915,496.83479,684.95862,888.2956,1326.6766,1786.2347,1921.2405,1996.8985,1900.4419,1738.4152,1625.8538,1541.3175,1482.4479,1365.8143,1255.8339,1164.959,1163.5005,1207.7797,1279.4399,1349.9264,1414.3409)
Rsolo
[33](0,22.784556,20.782632,18.8108,17.22196,16.21832,16.283934,16.007205,18.008369,20.876865,22.81471,22.279583,21.75302,28.631784,31.721953,35.767842,37.320273,34.260265,32.420472,24.888207,21.608823,21.827778,22.387463,23.521244,21.101424,19.509106,18.876791,22.074851,25.819306,28.281967,29.178325,29.414368,22.497241)
Rsub
[33](0,37.223291,37.867514,37.799008,37.488383,37.180311,36.874771,36.571741,36.271202,35.973132,35.950798,36.617052,37.076474,37.34237,40.740189,45.980025,54.058059,63.305603,70.110256,75.571115,76.773109,76.662274,76.629295,76.799806,77.409382,77.120536,76.486775,75.858222,75.920403,77.548261,80.422041,83.775717,87.238435)
Rsup
[33](0,10.193851,9.145842,8.1480189,7.2590596,6.4815514,6.2768014,5.8675588,6.2566954,6.9775751,7.4539269,7.326061,7.1500823,10.894835,14.708133,23.086443,33.983308,35.382362,33.436232,28.097496,25.048542,23.069359,21.627406,20.667211,18.502503,16.524195,14.940757,15.133799,16.178414,17.642126,18.97831,20.147318,17.94922)
Peso chuva 
[33](2,0.5,2,0.5,0.51297572,1.8285539,0.6445399,1.019693,1.3419405,1.1765033,1.3066487,0.89824124,0.7692038,0.5,0.51744678,1.0047121,1.3312307,2,2,0.75536609,0.52360097,1.9519147,2,1.707536,0.5,0.5,0.5,0.65328979,0.99484758,1.0202693,1.3638866,1.5443923,1)
Previsao ETA40_LIMITES
[13] (25.786667,12.640476,0.75238095,2.487619,5.2966667,8.0614286,8.7885714,4.5195238,7.5295238,10.85381,8.6716667,8.6716667,8.6716667)
Previsao PMEDIA_ORIG
[13] (23.9,9.4,2.7,3,5.4,7.4,5.8,8.4,6.2,4.3,6.8,8.5,7.65)
Previsao PRECMEDIA_ETA40.GEFS
[13] (21.92,9.88,1.72,2.49,4.37,7.82,6.45,7.25,8.24,7.85,7.799,7.799,7.799)
Previsao PRECZERADA_
[13] (0,0,0,0,0,0,0,0,0,0,0,0,0)


Tempo de execucao em: 45 s

Finalizando execucao: 12-02-2020 13:24:15

