00083583 06/02/2020 1200 12      
00083583 07/02/2020 1200 46      
00083583 08/02/2020 1200 0       
00083583 09/02/2020 1200 4       
00083583 10/02/2020 1200 0       
00083583 11/02/2020 1200 10      
00083583 12/02/2020 1200 32      
00083583 13/02/2020 1200 6       
00083583 14/02/2020 1200 7       
00083583 15/02/2020 1200 4       
00083583 16/02/2020 1200 0       
00083583 17/02/2020 1200 11      
00083583 18/02/2020 1200 1       
00083583 19/02/2020 1200 0       
00083583 20/02/2020 1200 0       
00083583 21/02/2020 1200 0       
00083583 22/02/2020 1200 2       
00083583 23/02/2020 1200 8       
00083583 24/02/2020 1200 0       
00083583 25/02/2020 1200 2       
00083583 26/02/2020 1200 2       
00083583 27/02/2020 1200 1       
00083583 28/02/2020 1200 18      
00083583 29/02/2020 1200 39      
00083583 01/03/2020 1200 11      
00083583 02/03/2020 1200 34      
00083583 03/03/2020 1200 10      
00083583 04/03/2020 1200 42      
00083583 05/03/2020 1200 3       
00083583 06/03/2020 1200 1       
00083583 07/03/2020 1200 6       
00083583 08/03/2020 1200 0       
00083583 09/03/2020 1200 0       
00083583 10/03/2020 1200 0       
00083583 11/03/2020 1200 0       
00083583 12/03/2020 1200 0       
00083583 13/03/2020 1200 0       
00083583 14/03/2020 1200 0       
00083583 15/03/2020 1200 0       
00083583 16/03/2020 1200 0       
00083583 17/03/2020 1200 0       
00083583 18/03/2020 1200 4       
00083583 19/03/2020 1200 1       
00083583 20/03/2020 1200 44      
00083583 21/03/2020 1200 98      
00083583 22/03/2020 1200 23      
00083583 23/03/2020 1200 2.8553095898563337