01645000 06/02/2020 1000 0       
01645000 07/02/2020 1000 0.8     
01645000 08/02/2020 1000 9.9     
01645000 09/02/2020 1000 11      
01645000 10/02/2020 1000 0       
01645000 11/02/2020 1000 8.7     
01645000 12/02/2020 1000 0       
01645000 13/02/2020 1000 0.8     
01645000 14/02/2020 1000 0       
01645000 15/02/2020 1000 0       
01645000 16/02/2020 1000 0       
01645000 17/02/2020 1000 0       
01645000 18/02/2020 1000 0       
01645000 19/02/2020 1000 5.3     
01645000 20/02/2020 1000 5.5     
01645000 21/02/2020 1000 0       
01645000 22/02/2020 1000 0       
01645000 23/02/2020 1000 0       
01645000 24/02/2020 1000 0       
01645000 25/02/2020 1000 0       
01645000 26/02/2020 1000 0       
01645000 27/02/2020 1000 0       
01645000 28/02/2020 1000 0.6     
01645000 29/02/2020 1000 23      
01645000 01/03/2020 1000 48.3    
01645000 02/03/2020 1000 6.8     
01645000 03/03/2020 1000 49.8    
01645000 04/03/2020 1000 11.1    
01645000 05/03/2020 1000 0.9     
01645000 06/03/2020 1000 16.4    
01645000 07/03/2020 1000 13.6    
01645000 08/03/2020 1000 13.2    
01645000 09/03/2020 1000 0       
01645000 10/03/2020 1000 0       
01645000 11/03/2020 1000 0.7     
01645000 12/03/2020 1000 25.4    
01645000 13/03/2020 1000 0       
01645000 14/03/2020 1000 0.5     
01645000 15/03/2020 1000 0       
01645000 16/03/2020 1000 0       
01645000 17/03/2020 1000 0.9     
01645000 18/03/2020 1000 0       
01645000 19/03/2020 1000 0       
01645000 20/03/2020 1000 0       
01645000 21/03/2020 1000 0       
01645000 22/03/2020 1000 39.5    
01645000 23/03/2020 1000 7.77734564148731801645000 24/03/2020 1000 7.777345641487318