01844025 06/02/2020 1000 13      
01844025 07/02/2020 1000 21      
01844025 08/02/2020 1000 14      
01844025 09/02/2020 1000 0       
01844025 10/02/2020 1000 0       
01844025 11/02/2020 1000 0       
01844025 12/02/2020 1000 1       
01844025 13/02/2020 1000 1       
01844025 14/02/2020 1000 5       
01844025 15/02/2020 1000 0       
01844025 16/02/2020 1000 0       
01844025 17/02/2020 1000 11      
01844025 18/02/2020 1000 1       
01844025 19/02/2020 1000 0       
01844025 20/02/2020 1000 0       
01844025 21/02/2020 1000 0       
01844025 22/02/2020 1000 1       
01844025 23/02/2020 1000 0       
01844025 24/02/2020 1000 5       
01844025 25/02/2020 1000 51      
01844025 26/02/2020 1000 0       
01844025 27/02/2020 1000 5       
01844025 28/02/2020 1000 12      
01844025 29/02/2020 1000 11      
01844025 01/03/2020 1000 9       
01844025 02/03/2020 1000 50      
01844025 03/03/2020 1000 10      
01844025 04/03/2020 1000 46      
01844025 05/03/2020 1000 8       
01844025 06/03/2020 1000 11      
01844025 07/03/2020 1000 8       
01844025 08/03/2020 1000 2       
01844025 09/03/2020 1000 0       
01844025 10/03/2020 1000 0       
01844025 11/03/2020 1000 0       
01844025 12/03/2020 1000 0       
01844025 13/03/2020 1000 0       
01844025 14/03/2020 1000 0       
01844025 15/03/2020 1000 0       
01844025 16/03/2020 1000 0       
01844025 17/03/2020 1000 0       
01844025 18/03/2020 1000 0       
01844025 19/03/2020 1000 0       
01844025 20/03/2020 1000 10      
01844025 21/03/2020 1000 15      
01844025 22/03/2020 1000 30      
01844025 23/03/2020 1000 0.47157500002891417