01845026 06/02/2020 1000 5       
01845026 07/02/2020 1000 20      
01845026 08/02/2020 1000 20      
01845026 09/02/2020 1000 15      
01845026 10/02/2020 1000 5       
01845026 11/02/2020 1000 0       
01845026 12/02/2020 1000 0       
01845026 13/02/2020 1000 5       
01845026 14/02/2020 1000 10      
01845026 15/02/2020 1000 0       
01845026 16/02/2020 1000 0       
01845026 17/02/2020 1000 5       
01845026 18/02/2020 1000 0       
01845026 19/02/2020 1000 0       
01845026 20/02/2020 1000 0       
01845026 21/02/2020 1000 0       
01845026 22/02/2020 1000 0       
01845026 23/02/2020 1000 0       
01845026 24/02/2020 1000 10      
01845026 25/02/2020 1000 15      
01845026 26/02/2020 1000 0       
01845026 27/02/2020 1000 0       
01845026 28/02/2020 1000 2       
01845026 29/02/2020 1000 20      
01845026 01/03/2020 1000 10      
01845026 02/03/2020 1000 40      
01845026 03/03/2020 1000 0       
01845026 04/03/2020 1000 0       
01845026 05/03/2020 1000 20      
01845026 06/03/2020 1000 10      
01845026 07/03/2020 1000 0       
01845026 08/03/2020 1000 5       
01845026 09/03/2020 1000 0       
01845026 10/03/2020 1000 0       
01845026 11/03/2020 1000 0       
01845026 12/03/2020 1000 0       
01845026 13/03/2020 1000 7       
01845026 14/03/2020 1000 0       
01845026 15/03/2020 1000 8       
01845026 16/03/2020 1000 0       
01845026 17/03/2020 1000 0       
01845026 18/03/2020 1000 0       
01845026 19/03/2020 1000 0       
01845026 20/03/2020 1000 72      
01845026 21/03/2020 1000 13      
01845026 22/03/2020 1000 10      
01845026 23/03/2020 1000 0.4391487750132579