02043065 06/02/2020 1000 7       
02043065 07/02/2020 1000 23      
02043065 08/02/2020 1000 0       
02043065 09/02/2020 1000 0       
02043065 10/02/2020 1000 9       
02043065 11/02/2020 1000 17      
02043065 12/02/2020 1000 30      
02043065 13/02/2020 1000 8       
02043065 14/02/2020 1000 9       
02043065 15/02/2020 1000 0       
02043065 16/02/2020 1000 0       
02043065 17/02/2020 1000 0       
02043065 18/02/2020 1000 12      
02043065 19/02/2020 1000 14      
02043065 20/02/2020 1000 2       
02043065 21/02/2020 1000 20      
02043065 22/02/2020 1000 0       
02043065 23/02/2020 1000 20      
02043065 24/02/2020 1000 0       
02043065 25/02/2020 1000 9       
02043065 26/02/2020 1000 18      
02043065 27/02/2020 1000 8       
02043065 28/02/2020 1000 24      
02043065 29/02/2020 1000 15      
02043065 01/03/2020 1000 9       
02043065 02/03/2020 1000 25      
02043065 03/03/2020 1000 17      
02043065 04/03/2020 1000 26      
02043065 05/03/2020 1000 13      
02043065 06/03/2020 1000 10      
02043065 07/03/2020 1000 6       
02043065 08/03/2020 1000 0       
02043065 09/03/2020 1000 0       
02043065 10/03/2020 1000 0       
02043065 11/03/2020 1000 34      
02043065 12/03/2020 1000 8       
02043065 13/03/2020 1000 0       
02043065 14/03/2020 1000 0       
02043065 15/03/2020 1000 0       
02043065 16/03/2020 1000 0       
02043065 17/03/2020 1000 0       
02043065 18/03/2020 1000 2       
02043065 19/03/2020 1000 0       
02043065 20/03/2020 1000 12      
02043065 21/03/2020 1000 27      
02043065 22/03/2020 1000 32      
02043065 23/03/2020 1000 0.04991796875246304