02043077 06/02/2020 1000 7       
02043077 07/02/2020 1000 55      
02043077 08/02/2020 1000 2       
02043077 09/02/2020 1000 5       
02043077 10/02/2020 1000 10      
02043077 11/02/2020 1000 15      
02043077 12/02/2020 1000 30      
02043077 13/02/2020 1000 2       
02043077 14/02/2020 1000 15      
02043077 15/02/2020 1000 0       
02043077 16/02/2020 1000 0       
02043077 17/02/2020 1000 0       
02043077 18/02/2020 1000 10      
02043077 19/02/2020 1000 0       
02043077 20/02/2020 1000 0       
02043077 21/02/2020 1000 47      
02043077 22/02/2020 1000 0       
02043077 23/02/2020 1000 13      
02043077 24/02/2020 1000 0       
02043077 25/02/2020 1000 9       
02043077 26/02/2020 1000 8       
02043077 27/02/2020 1000 10      
02043077 28/02/2020 1000 20      
02043077 29/02/2020 1000 15      
02043077 01/03/2020 1000 10      
02043077 02/03/2020 1000 25      
02043077 03/03/2020 1000 15      
02043077 04/03/2020 1000 25      
02043077 05/03/2020 1000 10      
02043077 06/03/2020 1000 10      
02043077 07/03/2020 1000 5       
02043077 08/03/2020 1000 0       
02043077 09/03/2020 1000 0       
02043077 10/03/2020 1000 0       
02043077 11/03/2020 1000 0       
02043077 12/03/2020 1000 0       
02043077 13/03/2020 1000 0       
02043077 14/03/2020 1000 0       
02043077 15/03/2020 1000 0       
02043077 16/03/2020 1000 0       
02043077 17/03/2020 1000 0       
02043077 18/03/2020 1000 2       
02043077 19/03/2020 1000 1       
02043077 20/03/2020 1000 26      
02043077 21/03/2020 1000 30      
02043077 22/03/2020 1000 30      
02043077 23/03/2020 1000 0.08830468750812207