99990564 06/02/2020 1200 15.4    
99990564 07/02/2020 1200 33.6    
99990564 08/02/2020 1200 8       
99990564 09/02/2020 1200 0.6     
99990564 10/02/2020 1200 0.2     
99990564 11/02/2020 1200 31.6    
99990564 12/02/2020 1200 64.6    
99990564 13/02/2020 1200 1.6     
99990564 14/02/2020 1200 54.6    
99990564 15/02/2020 1200 0       
99990564 16/02/2020 1200 0       
99990564 17/02/2020 1200 4.6     
99990564 18/02/2020 1200 0       
99990564 19/02/2020 1200 0       
99990564 20/02/2020 1200 0       
99990564 21/02/2020 1200 0       
99990564 22/02/2020 1200 0       
99990564 23/02/2020 1200 12.4    
99990564 24/02/2020 1200 0       
99990564 25/02/2020 1200 26      
99990564 26/02/2020 1200 1       
99990564 27/02/2020 1200 8.6     
99990564 28/02/2020 1200 4.2     
99990564 29/02/2020 1200 16.6    
99990564 01/03/2020 1200 1.4     
99990564 02/03/2020 1200 45.8    
99990564 03/03/2020 1200 2       
99990564 04/03/2020 1200 29.2    
99990564 05/03/2020 1200 0.8     
99990564 06/03/2020 1200 11.8    
99990564 07/03/2020 1200 5.6     
99990564 08/03/2020 1200 0       
99990564 09/03/2020 1200 0       
99990564 10/03/2020 1200 0       
99990564 11/03/2020 1200 0       
99990564 12/03/2020 1200 0       
99990564 13/03/2020 1200 0       
99990564 14/03/2020 1200 0.2     
99990564 15/03/2020 1200 0.2     
99990564 16/03/2020 1200 0       
99990564 17/03/2020 1200 0       
99990564 18/03/2020 1200 2.4     
99990564 19/03/2020 1200 0       
99990564 20/03/2020 1200 0       
99990564 21/03/2020 1200 2.4     
99990564 22/03/2020 1200 2.4     
99990564 23/03/2020 1200 1.036331976294373