99990535 06/02/2020 1200 11.6    
99990535 07/02/2020 1200 27      
99990535 08/02/2020 1200 42      
99990535 09/02/2020 1200 7.2     
99990535 10/02/2020 1200 5.2     
99990535 11/02/2020 1200 10      
99990535 12/02/2020 1200 42.8    
99990535 13/02/2020 1200 3.6     
99990535 14/02/2020 1200 26.2    
99990535 15/02/2020 1200 0       
99990535 16/02/2020 1200 8       
99990535 17/02/2020 1200 53.2    
99990535 18/02/2020 1200 0       
99990535 19/02/2020 1200 0       
99990535 20/02/2020 1200 0.2     
99990535 21/02/2020 1200 0       
99990535 22/02/2020 1200 3       
99990535 23/02/2020 1200 3.2     
99990535 24/02/2020 1200 0.2     
99990535 25/02/2020 1200 13      
99990535 26/02/2020 1200 0.6     
99990535 27/02/2020 1200 15.6    
99990535 28/02/2020 1200 7.6     
99990535 29/02/2020 1200 17.4    
99990535 01/03/2020 1200 0.4     
99990535 02/03/2020 1200 85.8    
99990535 03/03/2020 1200 18.8    
99990535 04/03/2020 1200 12.4    
99990535 05/03/2020 1200 3       
99990535 06/03/2020 1200 0.6     
99990535 07/03/2020 1200 6       
99990535 08/03/2020 1200 0       
99990535 09/03/2020 1200 0       
99990535 10/03/2020 1200 0       
99990535 11/03/2020 1200 0.2     
99990535 12/03/2020 1200 0       
99990535 13/03/2020 1200 0       
99990535 14/03/2020 1200 0       
99990535 15/03/2020 1200 0       
99990535 16/03/2020 1200 0       
99990535 17/03/2020 1200 0       
99990535 18/03/2020 1200 1.4     
99990535 19/03/2020 1200 3.2     
99990535 20/03/2020 1200 12.4    
99990535 21/03/2020 1200 44.2    
99990535 22/03/2020 1200 21      
99990535 23/03/2020 1200 0.4226901873489215