99990565 06/02/2020 1200 15.4    
99990565 07/02/2020 1200 28.6    
99990565 08/02/2020 1200 8       
99990565 09/02/2020 1200 3       
99990565 10/02/2020 1200 0.8     
99990565 11/02/2020 1200 5       
99990565 12/02/2020 1200 10.4    
99990565 13/02/2020 1200 11.8    
99990565 14/02/2020 1200 44.4    
99990565 15/02/2020 1200 0       
99990565 16/02/2020 1200 0.4     
99990565 17/02/2020 1200 1.8     
99990565 18/02/2020 1200 12.8    
99990565 19/02/2020 1200 0.2     
99990565 20/02/2020 1200 0       
99990565 21/02/2020 1200 0       
99990565 22/02/2020 1200 33      
99990565 23/02/2020 1200 51.6    
99990565 24/02/2020 1200 1.8     
99990565 25/02/2020 1200 17.8    
99990565 26/02/2020 1200 18      
99990565 27/02/2020 1200 3       
99990565 28/02/2020 1200 11      
99990565 29/02/2020 1200 139.8   
99990565 01/03/2020 1200 19.6    
99990565 02/03/2020 1200 13.2    
99990565 03/03/2020 1200 0.4     
99990565 04/03/2020 1200 0.2     
99990565 05/03/2020 1200 18.4    
99990565 06/03/2020 1200 0.2     
99990565 07/03/2020 1200 0.2     
99990565 08/03/2020 1200 0       
99990565 09/03/2020 1200 0       
99990565 10/03/2020 1200 0       
99990565 11/03/2020 1200 0       
99990565 12/03/2020 1200 0       
99990565 13/03/2020 1200 0       
99990565 14/03/2020 1200 0       
99990565 15/03/2020 1200 0       
99990565 16/03/2020 1200 0       
99990565 17/03/2020 1200 0       
99990565 18/03/2020 1200 1       
99990565 19/03/2020 1200 0       
99990565 20/03/2020 1200 0.4     
99990565 21/03/2020 1200 0.8     
99990565 22/03/2020 1200 2.6     
99990565 23/03/2020 1200 4.405510863625615