01547002 28/12/2019 1000 0       
01547002 29/12/2019 1000 0       
01547002 30/12/2019 1000 0       
01547002 31/12/2019 1000 0       
01547002 01/01/2020 1000 7.6     
01547002 02/01/2020 1000 0       
01547002 03/01/2020 1000 20.2    
01547002 04/01/2020 1000 0.2     
01547002 05/01/2020 1000 58      
01547002 06/01/2020 1000 25      
01547002 07/01/2020 1000 0.4     
01547002 08/01/2020 1000 18.2    
01547002 09/01/2020 1000 4.8     
01547002 10/01/2020 1000 5.8     
01547002 11/01/2020 1000 0       
01547002 12/01/2020 1000 0       
01547002 13/01/2020 1000 0       
01547002 14/01/2020 1000 0       
01547002 15/01/2020 1000 0       
01547002 16/01/2020 1000 0       
01547002 17/01/2020 1000 0       
01547002 18/01/2020 1000 0       
01547002 19/01/2020 1000 0       
01547002 20/01/2020 1000 0       
01547002 21/01/2020 1000 1.2     
01547002 22/01/2020 1000 0.6     
01547002 23/01/2020 1000 5.2     
01547002 24/01/2020 1000 18      
01547002 25/01/2020 1000 41.2    
01547002 26/01/2020 1000 28.8    
01547002 27/01/2020 1000 18.6    
01547002 28/01/2020 1000 0       
01547002 29/01/2020 1000 1.8     
01547002 30/01/2020 1000 0.2     
01547002 31/01/2020 1000 0       
01547002 01/02/2020 1000 0       
01547002 02/02/2020 1000 0       
01547002 03/02/2020 1000 0       
01547002 04/02/2020 1000 13.2    
01547002 05/02/2020 1000 0       
01547002 06/02/2020 1000 16.6    
01547002 07/02/2020 1000 14.4    
01547002 08/02/2020 1000 16      
01547002 09/02/2020 1000 7       
01547002 10/02/2020 1000 2       
01547002 11/02/2020 1000 0.4     
