01647024 28/12/2019 1000 0       
01647024 29/12/2019 1000 0       
01647024 30/12/2019 1000 0       
01647024 31/12/2019 1000 0       
01647024 01/01/2020 1000 0.6     
01647024 02/01/2020 1000 0.2     
01647024 03/01/2020 1000 18.2    
01647024 04/01/2020 1000 33.6    
01647024 05/01/2020 1000 22.8    
01647024 06/01/2020 1000 0.8     
01647024 07/01/2020 1000 0       
01647024 08/01/2020 1000 0.2     
01647024 09/01/2020 1000 0.6     
01647024 10/01/2020 1000 17.8    
01647024 11/01/2020 1000 0       
01647024 12/01/2020 1000 0       
01647024 13/01/2020 1000 0       
01647024 14/01/2020 1000 0       
01647024 15/01/2020 1000 0       
01647024 16/01/2020 1000 0       
01647024 17/01/2020 1000 0       
01647024 18/01/2020 1000 0       
01647024 19/01/2020 1000 0       
01647024 20/01/2020 1000 0       
01647024 21/01/2020 1000 14.6    
01647024 22/01/2020 1000 3.4     
01647024 23/01/2020 1000 29      
01647024 24/01/2020 1000 15.4    
01647024 25/01/2020 1000 12      
01647024 26/01/2020 1000 73.4    
01647024 27/01/2020 1000 7.6     
01647024 28/01/2020 1000 28.4    
01647024 29/01/2020 1000 36.4    
01647024 30/01/2020 1000 0       
01647024 31/01/2020 1000 0       
01647024 01/02/2020 1000 0       
01647024 02/02/2020 1000 0       
01647024 03/02/2020 1000 0       
01647024 04/02/2020 1000 0       
01647024 05/02/2020 1000 3.6     
01647024 06/02/2020 1000 0.2     
01647024 07/02/2020 1000 30.4    
01647024 08/02/2020 1000 18      
01647024 09/02/2020 1000 18.8    
01647024 10/02/2020 1000 1.2     
01647024 11/02/2020 1000 2.8     
