01648024 28/12/2019 1000 0       
01648024 29/12/2019 1000 0       
01648024 30/12/2019 1000 1       
01648024 31/12/2019 1000 6.2     
01648024 01/01/2020 1000 0       
01648024 02/01/2020 1000 20.5    
01648024 03/01/2020 1000 45.5    
01648024 04/01/2020 1000 1       
01648024 05/01/2020 1000 70.5    
01648024 06/01/2020 1000 11.5    
01648024 07/01/2020 1000 1.5     
01648024 08/01/2020 1000 2.5     
01648024 09/01/2020 1000 6.2     
01648024 10/01/2020 1000 10      
01648024 11/01/2020 1000 0       
01648024 12/01/2020 1000 0       
01648024 13/01/2020 1000 0       
01648024 14/01/2020 1000 0       
01648024 15/01/2020 1000 0       
01648024 16/01/2020 1000 0       
01648024 17/01/2020 1000 0       
01648024 18/01/2020 1000 4.5     
01648024 19/01/2020 1000 0       
01648024 20/01/2020 1000 6       
01648024 21/01/2020 1000 6.3     
01648024 22/01/2020 1000 1.8     
01648024 23/01/2020 1000 59.2    
01648024 24/01/2020 1000 24      
01648024 25/01/2020 1000 3.5     
01648024 26/01/2020 1000 29.5    
01648024 27/01/2020 1000 0       
01648024 28/01/2020 1000 12.2    
01648024 29/01/2020 1000 12.2    
01648024 30/01/2020 1000 1.25    
01648024 31/01/2020 1000 6.75    
01648024 01/02/2020 1000 1.25    
01648024 02/02/2020 1000 0       
01648024 03/02/2020 1000 7.25    
01648024 04/02/2020 1000 16.5    
01648024 05/02/2020 1000 0       
01648024 06/02/2020 1000 39.25   
01648024 07/02/2020 1000 17.5    
01648024 08/02/2020 1000 3.25    
01648024 09/02/2020 1000 7.2     
01648024 10/02/2020 1000 7.25    
01648024 11/02/2020 1000 0.75    
