01849029 28/12/2019 1000 0       
01849029 29/12/2019 1000 0       
01849029 30/12/2019 1000 0       
01849029 31/12/2019 1000 13.8    
01849029 01/01/2020 1000 0       
01849029 02/01/2020 1000 0       
01849029 03/01/2020 1000 2       
01849029 04/01/2020 1000 15      
01849029 05/01/2020 1000 20      
01849029 06/01/2020 1000 0       
01849029 07/01/2020 1000 10      
01849029 08/01/2020 1000 5       
01849029 09/01/2020 1000 2       
01849029 10/01/2020 1000 0       
01849029 11/01/2020 1000 3.6     
01849029 12/01/2020 1000 0       
01849029 13/01/2020 1000 0       
01849029 14/01/2020 1000 0       
01849029 15/01/2020 1000 0       
01849029 16/01/2020 1000 0       
01849029 17/01/2020 1000 12.6    
01849029 18/01/2020 1000 2.8     
01849029 19/01/2020 1000 0.6     
01849029 20/01/2020 1000 2.2     
01849029 21/01/2020 1000 21.8    
01849029 22/01/2020 1000 10      
01849029 23/01/2020 1000 5       
01849029 24/01/2020 1000 32.4    
01849029 25/01/2020 1000 40      
01849029 26/01/2020 1000 0       
01849029 27/01/2020 1000 0       
01849029 28/01/2020 1000 2       
01849029 29/01/2020 1000 0.2     
01849029 30/01/2020 1000 5       
01849029 31/01/2020 1000 5       
01849029 01/02/2020 1000 0       
01849029 02/02/2020 1000 0       
01849029 03/02/2020 1000 5       
01849029 04/02/2020 1000 22.2    
01849029 05/02/2020 1000 5       
01849029 06/02/2020 1000 13      
01849029 07/02/2020 1000 47.6    
01849029 08/02/2020 1000 5.4     
01849029 09/02/2020 1000 0       
01849029 10/02/2020 1000 0.8     
01849029 11/02/2020 1000 3.2     
