01847044 28/12/2019 1000 2       
01847044 29/12/2019 1000 0       
01847044 30/12/2019 1000 0       
01847044 31/12/2019 1000 0       
01847044 01/01/2020 1000 6       
01847044 02/01/2020 1000 2       
01847044 03/01/2020 1000 13      
01847044 04/01/2020 1000 25      
01847044 05/01/2020 1000 0       
01847044 06/01/2020 1000 6       
01847044 07/01/2020 1000 0       
01847044 08/01/2020 1000 4       
01847044 09/01/2020 1000 0       
01847044 10/01/2020 1000 12      
01847044 11/01/2020 1000 0       
01847044 12/01/2020 1000 0       
01847044 13/01/2020 1000 0       
01847044 14/01/2020 1000 0       
01847044 15/01/2020 1000 0       
01847044 16/01/2020 1000 1       
01847044 17/01/2020 1000 5       
01847044 18/01/2020 1000 5       
01847044 19/01/2020 1000 5       
01847044 20/01/2020 1000 10      
01847044 21/01/2020 1000 5       
01847044 22/01/2020 1000 80      
01847044 23/01/2020 1000 48      
01847044 24/01/2020 1000 13      
01847044 25/01/2020 1000 19      
01847044 26/01/2020 1000 34      
01847044 27/01/2020 1000 0       
01847044 28/01/2020 1000 0       
01847044 29/01/2020 1000 74      
01847044 30/01/2020 1000 1       
01847044 31/01/2020 1000 7       
01847044 01/02/2020 1000 0       
01847044 02/02/2020 1000 0       
01847044 03/02/2020 1000 0       
01847044 04/02/2020 1000 19      
01847044 05/02/2020 1000 0       
01847044 06/02/2020 1000 8       
01847044 07/02/2020 1000 21      
01847044 08/02/2020 1000 6       
01847044 09/02/2020 1000 1       
01847044 10/02/2020 1000 8       
01847044 11/02/2020 1000 8       
