01947023 28/12/2019 1000 0       
01947023 29/12/2019 1000 0       
01947023 30/12/2019 1000 0       
01947023 31/12/2019 1000 0       
01947023 01/01/2020 1000 20      
01947023 02/01/2020 1000 8       
01947023 03/01/2020 1000 20      
01947023 04/01/2020 1000 16      
01947023 05/01/2020 1000 2       
01947023 06/01/2020 1000 6       
01947023 07/01/2020 1000 0       
01947023 08/01/2020 1000 10      
01947023 09/01/2020 1000 0       
01947023 10/01/2020 1000 10      
01947023 11/01/2020 1000 0       
01947023 12/01/2020 1000 5       
01947023 13/01/2020 1000 0       
01947023 14/01/2020 1000 0       
01947023 15/01/2020 1000 0       
01947023 16/01/2020 1000 0       
01947023 17/01/2020 1000 69      
01947023 18/01/2020 1000 30      
01947023 19/01/2020 1000 17      
01947023 20/01/2020 1000 20      
01947023 21/01/2020 1000 0       
01947023 22/01/2020 1000 15      
01947023 23/01/2020 1000 52      
01947023 24/01/2020 1000 31      
01947023 25/01/2020 1000 30      
01947023 26/01/2020 1000 2       
01947023 27/01/2020 1000 0       
01947023 28/01/2020 1000 38      
01947023 29/01/2020 1000 41      
01947023 30/01/2020 1000 10      
01947023 31/01/2020 1000 0       
01947023 01/02/2020 1000 0       
01947023 02/02/2020 1000 0       
01947023 03/02/2020 1000 2       
01947023 04/02/2020 1000 2       
01947023 05/02/2020 1000 2       
01947023 06/02/2020 1000 10      
01947023 07/02/2020 1000 7       
01947023 08/02/2020 1000 9       
01947023 09/02/2020 1000 0       
01947023 10/02/2020 1000 3       
01947023 11/02/2020 1000 2       
