01949014 28/12/2019 1000 0       
01949014 29/12/2019 1000 0       
01949014 30/12/2019 1000 0       
01949014 31/12/2019 1000 0       
01949014 01/01/2020 1000 7       
01949014 02/01/2020 1000 0       
01949014 03/01/2020 1000 24      
01949014 04/01/2020 1000 7       
01949014 05/01/2020 1000 2       
01949014 06/01/2020 1000 13      
01949014 07/01/2020 1000 3       
01949014 08/01/2020 1000 0       
01949014 09/01/2020 1000 1       
01949014 10/01/2020 1000 60      
01949014 11/01/2020 1000 0       
01949014 12/01/2020 1000 5       
01949014 13/01/2020 1000 0       
01949014 14/01/2020 1000 0       
01949014 15/01/2020 1000 0       
01949014 16/01/2020 1000 0       
01949014 17/01/2020 1000 2       
01949014 18/01/2020 1000 45      
01949014 19/01/2020 1000 1       
01949014 20/01/2020 1000 0       
01949014 21/01/2020 1000 2       
01949014 22/01/2020 1000 3       
01949014 23/01/2020 1000 34      
01949014 24/01/2020 1000 29      
01949014 25/01/2020 1000 15      
01949014 26/01/2020 1000 0       
01949014 27/01/2020 1000 0       
01949014 28/01/2020 1000 0       
01949014 29/01/2020 1000 14      
01949014 30/01/2020 1000 4       
01949014 31/01/2020 1000 0       
01949014 01/02/2020 1000 2       
01949014 02/02/2020 1000 0       
01949014 03/02/2020 1000 0       
01949014 04/02/2020 1000 33      
01949014 05/02/2020 1000 3       
01949014 06/02/2020 1000 16      
01949014 07/02/2020 1000 25      
01949014 08/02/2020 1000 0       
01949014 09/02/2020 1000 4       
01949014 10/02/2020 1000 2       
01949014 11/02/2020 1000 5       
