99990034 28/12/2019 1200 0.8     
99990034 29/12/2019 1200 0       
99990034 30/12/2019 1200 0       
99990034 31/12/2019 1200 0       
99990034 01/01/2020 1200 9.2     
99990034 02/01/2020 1200 18.4    
99990034 03/01/2020 1200 1.6     
99990034 04/01/2020 1200 65.2    
99990034 05/01/2020 1200 0.6     
99990034 06/01/2020 1200 18.8    
99990034 07/01/2020 1200 12.6    
99990034 08/01/2020 1200 2.4     
99990034 09/01/2020 1200 20.4    
99990034 10/01/2020 1200 33.2    
99990034 11/01/2020 1200 6.2     
99990034 12/01/2020 1200 0       
99990034 13/01/2020 1200 0       
99990034 14/01/2020 1200 0       
99990034 15/01/2020 1200 0.4     
99990034 16/01/2020 1200 0       
99990034 17/01/2020 1200 0       
99990034 18/01/2020 1200 31.2    
99990034 19/01/2020 1200 11.2    
99990034 20/01/2020 1200 10.2    
99990034 21/01/2020 1200 8.4     
99990034 22/01/2020 1200 56      
99990034 23/01/2020 1200 0.2     
99990034 24/01/2020 1200 18      
99990034 25/01/2020 1200 62.4    
99990034 26/01/2020 1200 4       
99990034 27/01/2020 1200 0       
99990034 28/01/2020 1200 12      
99990034 29/01/2020 0000 -       
99990034 30/01/2020 1200 14.6    
99990034 31/01/2020 1200 0.4     
99990034 01/02/2020 1200 0.4     
99990034 02/02/2020 1200 42.4    
99990034 03/02/2020 1200 0       
99990034 04/02/2020 1200 22.2    
99990034 05/02/2020 1200 5.2     
99990034 06/02/2020 1200 79      
99990034 07/02/2020 1200 96.4    
99990034 08/02/2020 1200 7       
99990034 09/02/2020 1200 11.6    
99990034 10/02/2020 1200 11.8    
99990034 11/02/2020 1200 8.2     
