99990045 28/12/2019 1200 0       
99990045 29/12/2019 1200 0       
99990045 30/12/2019 1200 0       
99990045 31/12/2019 1200 0       
99990045 01/01/2020 1200 15      
99990045 02/01/2020 1200 0.2     
99990045 03/01/2020 1200 61.8    
99990045 04/01/2020 1200 0.4     
99990045 05/01/2020 1200 17.8    
99990045 06/01/2020 1200 29.2    
99990045 07/01/2020 1200 0.2     
99990045 08/01/2020 1200 24.4    
99990045 09/01/2020 1200 7.6     
99990045 10/01/2020 1200 33.6    
99990045 11/01/2020 1200 0       
99990045 12/01/2020 1200 0       
99990045 13/01/2020 1200 0       
99990045 14/01/2020 1200 0       
99990045 15/01/2020 1200 0       
99990045 16/01/2020 1200 0       
99990045 17/01/2020 1200 0       
99990045 18/01/2020 1200 0       
99990045 19/01/2020 1200 0       
99990045 20/01/2020 1200 0       
99990045 21/01/2020 1200 1.4     
99990045 22/01/2020 1200 0.8     
99990045 23/01/2020 1200 9.6     
99990045 24/01/2020 1200 25.2    
99990045 25/01/2020 1200 62.6    
99990045 26/01/2020 1200 32      
99990045 27/01/2020 1200 33      
99990045 28/01/2020 1200 1       
99990045 29/01/2020 1200 2.8     
99990045 30/01/2020 1200 0       
99990045 31/01/2020 1200 0       
99990045 01/02/2020 1200 0       
99990045 02/02/2020 1200 0       
99990045 03/02/2020 1200 0.4     
99990045 04/02/2020 1200 6.2     
99990045 05/02/2020 1200 0.2     
99990045 06/02/2020 1200 24.8    
99990045 07/02/2020 1200 7.8     
99990045 08/02/2020 1200 22.2    
99990045 09/02/2020 1200 8.2     
99990045 10/02/2020 1200 3       
99990045 11/02/2020 1200 22.4    
