ONS-Operador Nacional Do Sistema Eletrico
Modelo Computacional SMAP
Versao: 3.0.0 Data: 23/09/2019

Iniciando execucao: 08-03-2020 13:54:07

Parametros
   Amplitude inicial: 0.5
   somacoef alvo: 2 (nao e necessario multiplicar por 100)
   Limite de iteracoes: 10000
   Particulas: 24
   Pulso inicial: 0.1
   Uso de pesos: on
   Gerar graficos: off
   Semente: 9952

Sub bacia: CanoasI
cef: 0.99112543
dm: 0.020440543
ebin: 36.100245
mape: 0.018413524
*somacoef: 1.9727119
supin: 185.3144
Iteracoes: 10000
Iteracao otima: 9870
Tempo: 9.286 s

Qcal
[34](0,0,0,198.37144,190.8826,178.50095,163.73005,192.92594,259.13803,300.94359,300.49526,276.17535,239.27875,212.80385,188.99098,169.48205,153.4932,143.97918,145.69643,147.09851,150.20606,149.4742,138.93959,190.4254,210.0628,198.91665,179.96579,161.43536,144.76307,131.26265,120.29548,111.35362,104.03295,98.011818)
Rsolo
[34](0,0,353.295,351.78887,349.58488,347.07588,354.1912,359.83771,359.77421,356.37309,351.8451,342.88376,339.00232,335.16481,331.68154,328.30637,327.9858,330.79741,333.63837,336.94266,339.49011,339.06496,349.08666,353.14773,348.71068,344.44681,342.91908,339.98314,336.47891,333.00645,329.56982,326.16866,322.8026,319.47128)
Rsub
[34](0,0,89.066502,95.65276,101.06255,104.77918,106.59988,113.83515,125.50598,137.0957,145.95698,151.27946,150.88724,150.49604,150.10585,149.71667,149.3285,148.94134,148.55518,148.17002,147.78586,147.4027,147.02053,150.2413,156.55516,159.46763,159.1988,158.78605,158.37437,157.96375,157.5542,157.14571,156.73828,156.33191)
Rsup
[34](0,0,5.7460036,5.00674,4.1877883,3.4048956,4.5930737,7.1053502,8.2418956,7.5070618,5.9367305,4.1055021,3.0302345,2.3988548,1.9039723,1.5111838,1.3125779,1.4560765,1.5840719,1.7596008,1.8110914,1.5539734,3.2913779,4.1025901,3.4755686,2.7442682,2.2287787,1.7689828,1.4040426,1.1143893,0.8844914,0.70202129,0.55719467,0.4422457)
Peso chuva 
[34](1.9547446,0.56839249,2,1.5314869,1.1272266,1.5197758,0.79960553,0.76438723,1.2308339,2,1.641533,0.5,0.5,0.56550523,0.5,0.5,0.5,0.77217972,0.89051995,1.0274236,1.4546044,2,0.7878592,0.5,0.5,0.5,0.5,0.5,0.69226047,0.72121965,0.64661524,2,0.5,1)
Previsao ETA40_LIMITES
[13] (0,0.12666667,0.26444444,0.18111111,0.033333333,0.07,10.801111,5.4622222,4.1166667,6.9611111,2.8016667,2.8016667,2.8016667)
Previsao PMEDIA_ORIG
[13] (0.2,0.1,0.2,0.8,0.9,0.8,3.9,1.2,1.8,2.8,3.1,2.6,1.5333333)
Previsao PRECMEDIA_ETA40.GEFS
[13] (0.27,0.12,0.21,0.6,0.58,0.85,3.28,1.56,1.92,2.51,1.19,1.19,1.19)
Previsao PRECZERADA_ETA40
[13] (0,0,0,0,0,0,0,0,0,0,0,0,0)


Sub bacia: Capivara
cef: 0.99071581
dm: 0.022098992
ebin: 135.07023
mape: 0.020054159
*somacoef: 1.9706617
supin: 272.45995
Iteracoes: 10000
Iteracao otima: 9598
Tempo: 8.703 s

Qcal
[33](0,0,407.53018,324.35008,270.50193,250.12426,256.01668,253.19642,242.42025,235.05152,204.12991,182.34522,166.84762,155.67465,147.63614,147.56643,172.5242,233.30288,274.7714,307.48933,274.24355,230.00472,223.85409,271.40466,295.76643,283.81989,236.88541,204.11555,181.11317,164.85066,153.22422,144.77946,138.61913)
Rsolo
[33](0,71.9568,69.642939,68.328868,68.225188,69.70364,70.56795,70.665284,70.764601,68.157151,65.671887,63.395359,61.302191,59.499045,58.836159,60.096502,64.065352,67.778452,71.31417,70.993579,69.026527,69.219857,72.573032,75.142134,75.799167,72.950145,70.276956,67.917483,65.753216,63.769013,61.966632,60.099737,58.284092)
Rsub
[33](0,63.857286,63.903328,63.817588,63.661187,63.500293,63.42053,63.38957,63.364317,63.344859,63.182417,62.893789,62.498328,62.090977,61.686281,61.284223,60.884785,60.533635,60.369549,60.40103,60.413924,60.317208,60.231639,60.337636,60.600296,60.903022,61.027142,60.995405,60.835616,60.566306,60.203344,59.810952,59.421116)
Rsup
[33](0,2.746596,1.9070979,1.3660972,1.1640103,1.2268408,1.2001113,1.0921398,1.018396,0.70709841,0.49095651,0.34088366,0.23668424,0.16433592,0.17226245,0.43242793,1.0536387,1.4791592,1.8124787,1.4766656,1.0304308,0.97049017,1.4516593,1.6949837,1.5689533,1.0893644,0.75637355,0.52516949,0.36463861,0.25317791,0.1757879,0.12205403,0.084745236)
Peso chuva 
[33](1.9900069,2,0.5,1.086753,2,1.8323851,1.3997971,1.1268729,2,0.5,0.5,0.5,2,0.5,2,1.4898612,1.6115022,1.2333866,1.3572196,1.1068321,0.5,1.0522739,0.89547376,0.68300536,0.90526299,0.5,0.5,0.5,0.5,0.5,1.8296867,0.5,1)
Previsao ETA40_LIMITES
[13] (0,0,0.036666667,0.446,0.15,2.9153333,8.0606667,5.2993333,3.9273333,21.406667,4.2242,4.2242,4.2242)
Previsao PMEDIA_ORIG
[13] (0.1,0,0.1,0.8,1.3,1.8,2.3,0.7,1.9,2.4,3.8,3.2,1.5333333)
Previsao PRECMEDIA_ETA40.GEFS
[13] (0.07,0.02,0.07,0.71,1.03,1.76,2.32,1.16,1.73,2.57,1.144,1.144,1.144)
Previsao PRECZERADA_ETA40
[13] (0,0,0,0,0,0,0,0,0,0,0,0,0)


Sub bacia: Chavantes
cef: 0.98751058
dm: 0.028561169
ebin: 54.096367
mape: 0.02568569
*somacoef: 1.9618249
supin: 74.246978
Iteracoes: 10000
Iteracao otima: 9242
Tempo: 8.626 s

Qcal
[34](0,0,0,128.34334,105.41466,88.873699,78.996342,90.187188,105.59405,102.21531,86.772156,75.640311,67.999879,62.735252,59.087375,56.539789,54.7411,54.081212,66.377315,89.418803,111.78035,109.43496,93.437226,88.800004,90.329014,91.252618,98.077401,83.046043,72.060482,64.508915,59.308971,55.709307,53.198711,51.429358)
Rsolo
[34](0,0,130.5708,129.31673,127.51314,126.53146,129.50658,133.48144,135.18299,133.61898,131.10462,128.64196,126.19445,123.59139,121.00805,118.68413,117.41378,119.60284,124.13928,129.31002,131.82869,131.22866,132.13314,133.97648,135.74557,138.46281,136.72057,134.4386,131.84448,129.27725,126.76,124.29177,121.8716,119.49855)
Rsub
[34](0,0,118.33227,117.85911,117.38783,116.91844,116.45093,115.98529,115.52151,115.05958,114.5995,114.14126,113.68486,113.23028,112.77751,112.32656,111.87741,111.43005,110.98449,110.5407,110.09869,109.65845,109.21997,108.78324,108.34826,107.91501,107.66838,107.28557,106.85657,106.42929,106.00372,105.57986,105.15768,104.7372)
Rsup
[34](0,0,2.0319356,1.4103604,0.96357593,0.69913239,1.0112442,1.4387133,1.3520489,0.93519146,0.6362996,0.43293506,0.29456685,0.20042181,0.136366,0.092782745,0.080342822,0.42245025,1.0586069,1.6761333,1.6174763,1.1851703,1.0637482,1.111057,1.1417756,1.3339715,0.92569027,0.62983503,0.42853661,0.29157416,0.1983856,0.13498057,0.091840107,0.062487549)
Peso chuva 
[34](0.50066244,0.54901011,2,2,2,2,2,0.81561521,0.53435108,0.5,0.5,0.5,0.7343482,2,0.639621,1.9877466,0.5,0.5,0.70362231,1.106016,1.0266136,2,1.0245622,0.55231224,0.5,1.3401128,2,1.9848795,1.8580105,0.5,0.5,0.75115513,2,1)
Previsao ETA40_LIMITES
[13] (0,0,0.07,0.105,0.175,2.945,7.3475,8.365,5.0875,12.325,3.642,3.642,3.642)
Previsao PMEDIA_ORIG
[13] (0.1,0.1,0.1,0.5,0.7,1.1,2.8,0.9,2.8,2.5,3.5,2.6,1.475)
Previsao PRECMEDIA_ETA40.GEFS
[13] (0.19,0.05,0.11,0.39,0.53,1.19,2.27,1.69,1.69,2.42,1.053,1.053,1.053)
Previsao PRECZERADA_ETA40
[13] (0,0,0,0,0,0,0,0,0,0,0,0,0)


Sub bacia: Jurumirim
cef: 0.99278277
dm: 0.030313844
ebin: 80.50691
mape: 0.029442159
*somacoef: 1.9633406
supin: 303.77763
Iteracoes: 10000
Iteracao otima: 9866
Tempo: 9.147 s

Qcal
[34](0,0,0,384.28454,451.04678,417.99774,352.71591,291.39914,303.38858,298.8736,309.43882,329.10855,311.72,265.33852,230.18549,203.51268,183.23831,167.78236,175.35987,203.60729,231.36018,232.85481,219.95782,199.5054,182.57558,179.8351,195.58941,183.77448,171.57323,161.87286,154.4213,148.65667,145.90796,141.95546)
Rsolo
[34](0,0,58.032,65.637983,67.842042,66.164126,62.484208,65.522495,67.110501,69.257324,71.589929,71.440376,66.694156,62.574188,58.978107,55.790806,52.890449,54.03855,57.187147,60.32835,61.362571,60.591633,58.247447,55.647692,55.193615,56.987127,55.372748,53.445831,51.38075,49.523916,47.855901,46.919665,45.132746,43.413467)
Rsub
[34](0,0,50.114905,51.111226,52.822201,54.752659,56.48999,57.844494,59.491327,61.291626,63.311387,65.580426,67.814521,69.506136,70.768342,71.687466,72.327477,72.734155,73.225898,73.970419,74.986559,76.090824,77.114736,77.920331,78.500292,79.038938,79.721423,80.265066,80.652483,80.882918,80.981006,80.967417,80.894321,80.713284)
Rsup
[34](0,0,6.0585026,7.3580795,6.6441359,5.280314,4.0017582,4.1974774,4.0546686,4.2077007,4.5352806,4.1157884,3.1191843,2.3638997,1.7915009,1.3577038,1.0289471,1.1670426,1.7146508,2.2442973,2.2415501,1.948955,1.5082496,1.1447932,1.0715562,1.3685005,1.110999,0.85024129,0.64436592,0.48837006,0.3702585,0.31587397,0.2393877,0.18142196)
Peso chuva 
[34](2,0.5,2,0.93752639,2,2,0.5,1.7332836,1.1257609,1.2437819,1.156997,2,0.5,0.5,0.5,0.5,0.5,1.123073,1.2775103,0.85880287,0.5285201,0.98291368,0.50399863,0.5,1.007196,1.3530166,0.5,0.5,1.3666937,0.98856857,0.863843,2,0.5,1)
Previsao ETA40_LIMITES
[13] (0,0.008,0.421,0.38,0.565,1.151,7.247,8.088,4.214,7.671,2.9745,2.9745,2.9745)
Previsao PMEDIA_ORIG
[13] (0.1,0.2,0.3,0.5,0.7,0.7,0.9,1.1,2.3,3.4,3.6,2.4,1.35)
Previsao PRECMEDIA_ETA40.GEFS
[13] (0.46,0.15,0.34,0.53,0.62,0.78,2.31,1.87,1.9,2.67,1.163,1.163,1.163)
Previsao PRECZERADA_ETA40
[13] (0,0,0,0,0,0,0,0,0,0,0,0,0)


Sub bacia: Maua
cef: 0.97304527
dm: 0.040916948
ebin: 31.144
mape: 0.030783749
*somacoef: 1.9422615
supin: 115.77479
Iteracoes: 10000
Iteracao otima: 8740
Tempo: 9.184 s

Qcal
[34](0,0,0,146.91879,137.32377,132.59109,127.35268,119.43853,112.14369,105.41262,99.195295,93.446646,88.126864,83.199477,78.631285,75.853607,71.828571,80.261671,75.905169,79.381679,75.101496,71.132629,67.443671,94.020007,112.94688,106.04615,99.688428,93.814265,88.381217,83.358014,78.741931,74.454733,70.482378,66.793879)
Rsolo
[34](0,0,107.3709,104.92244,105.93683,106.35388,103.87345,101.38226,98.902301,96.451301,94.082717,91.788279,89.570194,87.426442,87.242024,85.33367,90.671185,89.096092,92.46138,90.494621,88.357392,86.278968,96.181541,104.12257,102.04167,99.526788,97.046694,94.915151,93.221727,91.794904,89.965032,87.996441,86.055672,84.171639)
Rsub
[34](0,0,15.212457,15.334286,15.420767,15.520166,15.624205,15.6932,15.728719,15.732596,15.706839,15.653992,15.576355,15.476118,15.355316,15.234078,15.095795,15.012608,14.913959,14.852157,14.769902,14.666522,14.543795,14.528514,14.613435,14.669879,14.693661,14.686908,14.655266,14.604836,14.539322,14.455101,14.351705,14.230442)
Rsup
[34](0,0,7.6388866,6.9893449,6.6653984,6.3063382,5.7701044,5.279467,4.830549,4.4198029,4.0439829,3.7001193,3.3854947,3.0976229,2.9306681,2.6814706,3.2565707,2.9803631,3.2230707,2.94901,2.6982529,2.468818,4.2389177,5.4897878,5.0230025,4.5958919,4.2050989,3.8475354,3.5203759,3.2226161,2.9485941,2.6978724,2.4684698,2.2585735)
Peso chuva 
[34](0.5065233,2,1.9581752,0.5,1.0881301,2,0.5,0.5,0.5,0.5,0.5,0.5,0.5,0.5,2,0.5,1.0243055,0.5,1.7238318,0.5,0.5,0.5,1.1936309,1.4071604,0.5,0.5,0.5,0.5,0.5,0.5,0.5,0.5,0.51140553,1)
Previsao ETA40_LIMITES
[13] (0,0,0.008,0.834,0.133,4.557,5.74,3.974,1.989,20.199,3.7434,3.7434,3.7434)
Previsao PMEDIA_ORIG
[13] (0.8,0,0,0.2,0.8,0.6,0.6,0.9,1.7,2.7,3.6,1.9,1.15)
Previsao PRECMEDIA_ETA40.GEFS
[13] (0.4,0.02,0,0.33,0.6,1.34,1.72,0.92,1.42,2.51,0.926,0.926,0.926)
Previsao PRECZERADA_ETA40
[13] (0,0,0,0,0,0,0,0,0,0,0,0,0)


Sub bacia: Rosana
cef: 0.98249964
dm: 0.028786554
ebin: 156.0637
mape: 0.022856141
*somacoef: 1.9596435
supin: 125.24309
Iteracoes: 10000
Iteracao otima: 9772
Tempo: 8.762 s

Qcal
[34](0,0,0,281.3068,242.322,203.06003,181.11236,170.16501,164.89283,162.42205,161.31942,160.87126,160.72248,160.69811,160.71245,160.79684,161.40929,162.18242,170.6839,192.23146,181.99073,171.44394,166.10171,164.59338,233.77848,350.63623,314.85195,243.49056,205.01726,184.07997,213.60109,222.39891,194.00912,179.31141)
Rsolo
[34](0,0,174.6987,174.80131,171.80776,168.14434,164.13414,160.14611,156.29853,152.62491,149.08301,145.70534,142.47213,139.38331,137.03217,135.09381,133.37977,133.29831,136.09361,135.10641,132.97648,130.89435,129.37247,136.78048,148.8121,154.06796,152.41637,150.43147,148.0616,151.83731,154.7613,152.4633,150.08463,146.71875)
Rsub
[34](0,0,302.78758,304.14257,305.49794,306.7308,307.81876,308.75369,309.54187,310.19354,310.71951,311.12859,311.43017,311.63244,311.74316,311.78634,311.77528,311.71738,311.65743,311.67449,311.66408,311.59559,311.47187,311.30883,311.34612,311.74481,312.31464,312.82783,313.27456,313.64403,314.13443,314.72102,315.2291,315.65794)
Rsup
[34](0,0,1.3455612,0.91922097,0.4899009,0.24727712,0.12363856,0.061819281,0.03090964,0.01545482,0.0077274101,0.0038637051,0.0019318525,0.00096592626,0.0012593821,0.0076002459,0.0159677,0.10762478,0.33945502,0.22933822,0.11608547,0.05906998,0.043550182,0.78774977,2.0430158,1.6563561,0.88652278,0.4703394,0.24292378,0.55804092,0.64984547,0.34158885,0.18086905,0.090434526)
Peso chuva 
[34](2,1.922725,2,1.3743928,1.199244,2,2,2,2,2,2,2,0.5,0.6557455,2,0.65302313,0.64758851,0.98889148,0.71383425,0.5,0.64478677,0.94989726,0.5,0.51730887,0.60051057,0.79565293,0.71966389,1.5431022,1.7137286,1.7925637,2,2,2,1)
Previsao ETA40_LIMITES
[13] (0,0,0,2.865,0.0725,11.17375,7.7875,0.0575,4.295,18.06,4.431125,4.431125,4.431125)
Previsao PMEDIA_ORIG
[13] (0,0,0,0.7,1.8,2,0.8,0.4,1.9,2.3,4.1,3.2,1.4333333)
Previsao PRECMEDIA_ETA40.GEFS
[13] (0,0,0.01,1.24,1.02,3.84,2.35,0.36,1.37,1.92,1.211,1.211,1.211)
Previsao PRECZERADA_ETA40
[13] (0,0,0,0,0,0,0,0,0,0,0,0,0)


Tempo de execucao em: 4 s

Finalizando execucao: 08-03-2020 13:55:03

