01949010 28/12/2019 1000 0       
01949010 29/12/2019 1000 0       
01949010 30/12/2019 1000 0       
01949010 31/12/2019 1000 0       
01949010 01/01/2020 1000 0       
01949010 02/01/2020 1000 0       
01949010 03/01/2020 1000 20      
01949010 04/01/2020 1000 25      
01949010 05/01/2020 1000 10      
01949010 06/01/2020 1000 2       
01949010 07/01/2020 1000 2       
01949010 08/01/2020 1000 3.4     
01949010 09/01/2020 1000 11.2    
01949010 10/01/2020 1000 20      
01949010 11/01/2020 1000 0       
01949010 12/01/2020 1000 0       
01949010 13/01/2020 1000 0       
01949010 14/01/2020 1000 0       
01949010 15/01/2020 1000 0       
01949010 16/01/2020 1000 0       
01949010 17/01/2020 1000 0       
01949010 18/01/2020 1000 3.8     
01949010 19/01/2020 1000 0       
01949010 20/01/2020 1000 14.2    
01949010 21/01/2020 1000 0.4     
01949010 22/01/2020 1000 1.8     
01949010 23/01/2020 1000 50.4    
01949010 24/01/2020 1000 25.8    
01949010 25/01/2020 1000 18.6    
01949010 26/01/2020 1000 0.2     
01949010 27/01/2020 1000 0       
01949010 28/01/2020 1000 0       
01949010 29/01/2020 1000 1.2     
01949010 30/01/2020 1000 11      
01949010 31/01/2020 1000 5.2     
01949010 01/02/2020 1000 0       
01949010 02/02/2020 1000 4.8     
01949010 03/02/2020 1000 0       
01949010 04/02/2020 1000 17.2    
01949010 05/02/2020 1000 13      
01949010 06/02/2020 1000 37      
01949010 07/02/2020 1000 0.6     
01949010 08/02/2020 1000 1.4     
01949010 09/02/2020 1000 0       
01949010 10/02/2020 1000 0       
01949010 11/02/2020 1000 6.8     
