02048096 28/12/2019 1000 0       
02048096 29/12/2019 1000 9.4     
02048096 30/12/2019 1000 0.2     
02048096 31/12/2019 1000 0       
02048096 01/01/2020 1000 0       
02048096 02/01/2020 1000 18.8    
02048096 03/01/2020 1000 2.2     
02048096 04/01/2020 1000 33.8    
02048096 05/01/2020 1000 18      
02048096 06/01/2020 1000 30.6    
02048096 07/01/2020 1000 0.2     
02048096 08/01/2020 1000 4.2     
02048096 09/01/2020 1000 0       
02048096 10/01/2020 1000 3.6     
02048096 11/01/2020 1000 0.2     
02048096 12/01/2020 1000 0       
02048096 13/01/2020 1000 0       
02048096 14/01/2020 1000 0       
02048096 15/01/2020 1000 0       
02048096 16/01/2020 1000 1.4     
02048096 17/01/2020 1000 1.2     
02048096 18/01/2020 1000 5.6     
02048096 19/01/2020 1000 4.8     
02048096 20/01/2020 1000 0.2     
02048096 21/01/2020 1000 0       
02048096 22/01/2020 1000 24.6    
02048096 23/01/2020 1000 13      
02048096 24/01/2020 1000 27      
02048096 25/01/2020 1000 36.4    
02048096 26/01/2020 1000 0       
02048096 27/01/2020 1000 0       
02048096 28/01/2020 1000 0       
02048096 29/01/2020 1000 1.2     
02048096 30/01/2020 1000 1.4     
02048096 31/01/2020 1000 1.8     
02048096 01/02/2020 1000 0       
02048096 02/02/2020 1000 0       
02048096 03/02/2020 1000 7.6     
02048096 04/02/2020 1000 0       
02048096 05/02/2020 1000 20      
02048096 06/02/2020 1000 28.6    
02048096 07/02/2020 1000 19.2    
02048096 08/02/2020 1000 2       
02048096 09/02/2020 1000 2.8     
02048096 10/02/2020 1000 4.8     
02048096 11/02/2020 1000 5.4     
