02146094 28/12/2019 1000 0       
02146094 29/12/2019 1000 2.8     
02146094 30/12/2019 1000 0       
02146094 31/12/2019 1000 1       
02146094 01/01/2020 1000 0       
02146094 02/01/2020 1000 16.4    
02146094 03/01/2020 1000 27.1    
02146094 04/01/2020 1000 0.5     
02146094 05/01/2020 1000 6.9     
02146094 06/01/2020 1000 1.2     
02146094 07/01/2020 1000 0.1     
02146094 08/01/2020 1000 6       
02146094 09/01/2020 1000 8.1     
02146094 10/01/2020 1000 15      
02146094 11/01/2020 1000 0       
02146094 12/01/2020 1000 0.4     
02146094 13/01/2020 1000 7.4     
02146094 14/01/2020 1000 0       
02146094 15/01/2020 1000 0       
02146094 16/01/2020 1000 0       
02146094 17/01/2020 1000 13.1    
02146094 18/01/2020 1000 3.8     
02146094 19/01/2020 1000 0       
02146094 20/01/2020 1000 0       
02146094 21/01/2020 1000 2       
02146094 22/01/2020 1000 0       
02146094 23/01/2020 1000 2       
02146094 24/01/2020 1000 45.9    
02146094 25/01/2020 1000 2.3     
02146094 26/01/2020 1000 0       
02146094 27/01/2020 1000 0.1     
02146094 28/01/2020 1000 0       
02146094 29/01/2020 1000 13      
02146094 30/01/2020 1000 0.2     
02146094 31/01/2020 1000 42.9    
02146094 01/02/2020 1000 0       
02146094 02/02/2020 1000 3.2     
02146094 03/02/2020 1000 0       
02146094 04/02/2020 1000 0.5     
02146094 05/02/2020 1000 15.2    
02146094 06/02/2020 1000 28.7    
02146094 07/02/2020 1000 12.9    
02146094 08/02/2020 1000 1.4     
02146094 09/02/2020 1000 0       
02146094 10/02/2020 1000 0.4     
02146094 11/02/2020 1000 54.9    
