02145051 28/12/2019 1000 0       
02145051 29/12/2019 1000 0       
02145051 30/12/2019 1000 0.2     
02145051 31/12/2019 1000 0       
02145051 01/01/2020 1000 2.6     
02145051 02/01/2020 1000 0       
02145051 03/01/2020 1000 13.2    
02145051 04/01/2020 1000 18.6    
02145051 05/01/2020 1000 16.8    
02145051 06/01/2020 1000 48.8    
02145051 07/01/2020 1000 0       
02145051 08/01/2020 1000 6       
02145051 09/01/2020 1000 6       
02145051 10/01/2020 1000 2       
02145051 11/01/2020 1000 20.4    
02145051 12/01/2020 1000 7.4     
02145051 13/01/2020 1000 0       
02145051 14/01/2020 1000 0       
02145051 15/01/2020 1000 0       
02145051 16/01/2020 1000 0       
02145051 17/01/2020 1000 6.6     
02145051 18/01/2020 1000 0       
02145051 19/01/2020 1000 0       
02145051 20/01/2020 1000 0.4     
02145051 21/01/2020 1000 17.8    
02145051 22/01/2020 1000 0       
02145051 23/01/2020 1000 0.8     
02145051 24/01/2020 1000 18.8    
02145051 25/01/2020 1000 12      
02145051 26/01/2020 1000 0       
02145051 27/01/2020 1000 0       
02145051 28/01/2020 1000 0       
02145051 29/01/2020 1000 0       
02145051 30/01/2020 1000 1.2     
02145051 31/01/2020 1000 0       
02145051 01/02/2020 1000 0       
02145051 02/02/2020 1000 25.4    
02145051 03/02/2020 1000 4       
02145051 04/02/2020 1000 19      
02145051 05/02/2020 1000 27.4    
02145051 06/02/2020 1000 31      
02145051 07/02/2020 1000 37.4    
02145051 08/02/2020 1000 3.2     
02145051 09/02/2020 1000 0.8     
02145051 10/02/2020 1000 0.4     
02145051 11/02/2020 1000 10.4    
