02144044 28/12/2019 1000 0       
02144044 29/12/2019 1000 0       
02144044 30/12/2019 1000 0       
02144044 31/12/2019 1000 0       
02144044 01/01/2020 1000 0       
02144044 02/01/2020 1000 1       
02144044 03/01/2020 1000 3       
02144044 04/01/2020 1000 6       
02144044 05/01/2020 1000 13      
02144044 06/01/2020 1000 23      
02144044 07/01/2020 1000 1       
02144044 08/01/2020 1000 10      
02144044 09/01/2020 1000 21      
02144044 10/01/2020 1000 1       
02144044 11/01/2020 1000 18      
02144044 12/01/2020 1000 0       
02144044 13/01/2020 1000 2       
02144044 14/01/2020 1000 2       
02144044 15/01/2020 1000 0       
02144044 16/01/2020 1000 0       
02144044 17/01/2020 1000 3       
02144044 18/01/2020 1000 12      
02144044 19/01/2020 1000 1       
02144044 20/01/2020 1000 5       
02144044 21/01/2020 1000 9       
02144044 22/01/2020 1000 0       
02144044 23/01/2020 1000 0       
02144044 24/01/2020 1000 16      
02144044 25/01/2020 1000 20      
02144044 26/01/2020 1000 0       
02144044 27/01/2020 1000 0       
02144044 28/01/2020 1000 0       
02144044 29/01/2020 1000 2       
02144044 30/01/2020 1000 0       
02144044 31/01/2020 1000 5       
02144044 01/02/2020 1000 0       
02144044 02/02/2020 1000 35      
02144044 03/02/2020 1000 5       
02144044 04/02/2020 1000 33      
02144044 05/02/2020 1000 13      
02144044 06/02/2020 1000 21      
02144044 07/02/2020 1000 54      
02144044 08/02/2020 1000 10      
02144044 09/02/2020 1000 7       
02144044 10/02/2020 1000 0       
02144044 11/02/2020 1000 44      
