02145003 28/12/2019 1000 0.6     
02145003 29/12/2019 1000 0.4     
02145003 30/12/2019 1000 0.2     
02145003 31/12/2019 1000 1       
02145003 01/01/2020 1000 21      
02145003 02/01/2020 1000 0.6     
02145003 03/01/2020 1000 56.6    
02145003 04/01/2020 1000 38.4    
02145003 05/01/2020 1000 6.2     
02145003 06/01/2020 1000 5.2     
02145003 07/01/2020 1000 6.2     
02145003 08/01/2020 1000 3.6     
02145003 09/01/2020 1000 29.4    
02145003 10/01/2020 1000 2.2     
02145003 11/01/2020 1000 0.6     
02145003 12/01/2020 1000 16.2    
02145003 13/01/2020 1000 45      
02145003 14/01/2020 1000 22.6    
02145003 15/01/2020 1000 1.4     
02145003 16/01/2020 1000 1       
02145003 17/01/2020 1000 18.4    
02145003 18/01/2020 1000 5.2     
02145003 19/01/2020 1000 0       
02145003 20/01/2020 1000 0.4     
02145003 21/01/2020 1000 16.4    
02145003 22/01/2020 1000 0.6     
02145003 23/01/2020 1000 2.4     
02145003 24/01/2020 1000 15.2    
02145003 25/01/2020 1000 5.6     
02145003 26/01/2020 1000 0.4     
02145003 27/01/2020 1000 0.4     
02145003 28/01/2020 1000 0.2     
02145003 29/01/2020 1000 4.2     
02145003 30/01/2020 1000 20.8    
02145003 31/01/2020 1000 2       
02145003 01/02/2020 1000 0.2     
02145003 02/02/2020 1000 9.4     
02145003 03/02/2020 1000 1       
02145003 04/02/2020 1000 16.2    
02145003 05/02/2020 1000 5.6     
02145003 06/02/2020 1000 29.4    
02145003 07/02/2020 1000 14.2    
02145003 08/02/2020 1000 5.4     
02145003 09/02/2020 1000 1.8     
02145003 10/02/2020 1000 0.2     
02145003 11/02/2020 1000 31.2    
