61833000 28/12/2019 1000 0       
61833000 29/12/2019 1000 2       
61833000 30/12/2019 1000 0       
61833000 31/12/2019 1000 0       
61833000 01/01/2020 1000 5       
61833000 02/01/2020 1000 5       
61833000 03/01/2020 1000 40      
61833000 04/01/2020 1000 25      
61833000 05/01/2020 1000 10      
61833000 06/01/2020 1000 3.6     
61833000 07/01/2020 1000 5       
61833000 08/01/2020 1000 10      
61833000 09/01/2020 1000 20      
61833000 10/01/2020 1000 20      
61833000 11/01/2020 1000 0.2     
61833000 12/01/2020 1000 0       
61833000 13/01/2020 1000 5       
61833000 14/01/2020 1000 0       
61833000 15/01/2020 1000 0       
61833000 16/01/2020 1000 0       
61833000 17/01/2020 1000 0       
61833000 18/01/2020 1000 5       
61833000 19/01/2020 1000 5       
61833000 20/01/2020 1000 0.1     
61833000 21/01/2020 1000 5       
61833000 22/01/2020 1000 0       
61833000 23/01/2020 1000 10      
61833000 24/01/2020 1000 40      
61833000 25/01/2020 1000 2       
61833000 26/01/2020 1000 0       
61833000 27/01/2020 1000 0       
61833000 28/01/2020 1000 0       
61833000 29/01/2020 1000 5       
61833000 30/01/2020 1000 0.1     
61833000 31/01/2020 1000 2       
61833000 01/02/2020 1000 0       
61833000 02/02/2020 1000 10      
61833000 03/02/2020 1000 0       
61833000 04/02/2020 1000 2       
61833000 05/02/2020 1000 60      
61833000 06/02/2020 1000 15      
61833000 07/02/2020 1000 10      
61833000 08/02/2020 1000 15      
61833000 09/02/2020 1000 0       
61833000 10/02/2020 1000 5       
61833000 11/02/2020 1000 15      
