02148171 06/02/2020 1000 15      
02148171 07/02/2020 1000 7.3     
02148171 08/02/2020 1000 5       
02148171 09/02/2020 1000 0       
02148171 10/02/2020 1000 2.9     
02148171 11/02/2020 1000 11.6    
02148171 12/02/2020 1000 0       
02148171 13/02/2020 1000 0       
02148171 14/02/2020 1000 0       
02148171 15/02/2020 1000 0       
02148171 16/02/2020 1000 0       
02148171 17/02/2020 1000 3.9     
02148171 18/02/2020 1000 0.1     
02148171 19/02/2020 1000 1.9     
02148171 20/02/2020 1000 12.1    
02148171 21/02/2020 1000 0.2     
02148171 22/02/2020 1000 0.3     
02148171 23/02/2020 1000 0       
02148171 24/02/2020 1000 1       
02148171 25/02/2020 1000 1.1     
02148171 26/02/2020 1000 16.4    
02148171 27/02/2020 1000 21.7    
02148171 28/02/2020 1000 0.2     
02148171 29/02/2020 1000 0       
02148171 01/03/2020 1000 0       
02148171 02/03/2020 1000 0       
02148171 03/03/2020 1000 0.2     
02148171 04/03/2020 1000 0       
02148171 05/03/2020 1000 0       
02148171 06/03/2020 1000 0       
02148171 07/03/2020 1000 0       
02148171 08/03/2020 1000 0       
02148171 09/03/2020 1000 0       
02148171 10/03/2020 1000 0       
02148171 11/03/2020 1000 0       
02148171 12/03/2020 1000 0       
02148171 13/03/2020 1000 0       
02148171 14/03/2020 1000 0       
02148171 15/03/2020 1000 0       
02148171 16/03/2020 1000 0       
02148171 17/03/2020 1000 0       
02148171 18/03/2020 1000 0       
02148171 19/03/2020 1000 0       
02148171 20/03/2020 1000 0       
02148171 21/03/2020 1000 0       
02148171 22/03/2020 1000 0       
02148171 23/03/2020 1000 0.0