00083652 17/01/2020 1200 0       
00083652 18/01/2020 1200 0       
00083652 19/01/2020 1200 1       
00083652 20/01/2020 1200 29      
00083652 21/01/2020 1200 4       
00083652 22/01/2020 1200 17      
00083652 23/01/2020 1200 14      
00083652 24/01/2020 1200 71      
00083652 25/01/2020 1200 3       
00083652 26/01/2020 1200 0       
00083652 27/01/2020 1200 0       
00083652 28/01/2020 1200 0       
00083652 29/01/2020 1200 8       
00083652 30/01/2020 1200 6       
00083652 31/01/2020 1200 2       
00083652 01/02/2020 1200 0       
00083652 02/02/2020 1200 11      
00083652 03/02/2020 1200 0       
00083652 04/02/2020 1200 1       
00083652 05/02/2020 1200 0       
00083652 06/02/2020 1200 16      
00083652 07/02/2020 1200 8       
00083652 08/02/2020 1200 22      
00083652 09/02/2020 1200 1       
00083652 10/02/2020 1200 14      
00083652 11/02/2020 1200 14      
00083652 12/02/2020 1200 6       
00083652 13/02/2020 1200 0       
00083652 14/02/2020 1200 0       
00083652 15/02/2020 1200 0       
00083652 16/02/2020 1200 0       
00083652 17/02/2020 1200 3       
00083652 18/02/2020 1200 6       
00083652 19/02/2020 1200 0       
00083652 20/02/2020 1200 0       
00083652 21/02/2020 1200 16      
00083652 22/02/2020 1200 8       
00083652 23/02/2020 1200 4       
00083652 24/02/2020 1200 0       
00083652 25/02/2020 1200 5       
00083652 26/02/2020 1200 3       
00083652 27/02/2020 1200 17      
00083652 28/02/2020 1200 19      
00083652 29/02/2020 1200 0       
00083652 01/03/2020 1200 0       
00083652 02/03/2020 1200 14      
