02045021 17/01/2020 1000 7.4     
02045021 18/01/2020 1000 21.4    
02045021 19/01/2020 1000 0.4     
02045021 20/01/2020 1000 3.4     
02045021 21/01/2020 1000 19.6    
02045021 22/01/2020 1000 0       
02045021 23/01/2020 1000 22.2    
02045021 24/01/2020 1000 78.4    
02045021 25/01/2020 1000 47.8    
02045021 26/01/2020 1000 0.2     
02045021 27/01/2020 1000 0       
02045021 28/01/2020 1000 0.2     
02045021 29/01/2020 1000 8.6     
02045021 30/01/2020 1000 0.2     
02045021 31/01/2020 1000 0       
02045021 01/02/2020 1000 0       
02045021 02/02/2020 1000 26.6    
02045021 03/02/2020 1000 8.4     
02045021 04/02/2020 1000 51.2    
02045021 05/02/2020 1000 0.2     
02045021 06/02/2020 1000 17.8    
02045021 07/02/2020 1000 15.2    
02045021 08/02/2020 1000 0.4     
02045021 09/02/2020 1000 4       
02045021 10/02/2020 1000 1.2     
02045021 11/02/2020 1000 24      
02045021 12/02/2020 1000 48.4    
02045021 13/02/2020 1000 21.8    
02045021 14/02/2020 1000 30.2    
02045021 15/02/2020 1000 0       
02045021 16/02/2020 1000 0.4     
02045021 17/02/2020 1000 18.8    
02045021 18/02/2020 1000 17.2    
02045021 19/02/2020 1000 0       
02045021 20/02/2020 1000 1.4     
02045021 21/02/2020 1000 0       
02045021 22/02/2020 1000 6       
02045021 23/02/2020 1000 0       
02045021 24/02/2020 1000 0       
02045021 25/02/2020 1000 30.8    
02045021 26/02/2020 1000 1.8     
02045021 27/02/2020 1000 32      
02045021 28/02/2020 1000 6.4     
02045021 29/02/2020 1000 17.8    
02045021 01/03/2020 1000 2.2     
02045021 02/03/2020 1000 11.8    
