02047034 17/01/2020 1200 0       
02047034 18/01/2020 1200 1       
02047034 19/01/2020 1200 39      
02047034 20/01/2020 1200 22      
02047034 21/01/2020 1200 45      
02047034 22/01/2020 1200 22      
02047034 23/01/2020 1200 21      
02047034 24/01/2020 1200 20      
02047034 25/01/2020 1200 9       
02047034 26/01/2020 1200 0       
02047034 27/01/2020 1200 0       
02047034 28/01/2020 1200 0       
02047034 29/01/2020 1200 29      
02047034 30/01/2020 1200 0       
02047034 31/01/2020 1200 7       
02047034 01/02/2020 1200 0       
02047034 02/02/2020 1200 0.2     
02047034 03/02/2020 1200 0.2     
02047034 04/02/2020 1200 5       
02047034 05/02/2020 1200 21      
02047034 06/02/2020 1200 30      
02047034 07/02/2020 1200 33      
02047034 08/02/2020 1200 4       
02047034 09/02/2020 1200 1       
02047034 10/02/2020 1200 0.7     
02047034 11/02/2020 1200 14      
02047034 12/02/2020 1200 36      
02047034 13/02/2020 1200 0.8     
02047034 14/02/2020 1200 3       
02047034 15/02/2020 1200 0       
02047034 16/02/2020 1200 0       
02047034 17/02/2020 1200 13      
02047034 18/02/2020 1200 21      
02047034 19/02/2020 1200 10      
02047034 20/02/2020 1200 3       
02047034 21/02/2020 1200 75      
02047034 22/02/2020 1200 16      
02047034 23/02/2020 1200 14      
02047034 24/02/2020 1200 0.4     
02047034 25/02/2020 1200 3       
02047034 26/02/2020 1200 13      
02047034 27/02/2020 1200 14      
02047034 28/02/2020 1200 9       
02047034 29/02/2020 0000 -       
02047034 01/03/2020 0000 -       
02047034 02/03/2020 1200 20      
