02147034 17/01/2020 1000 23.4    
02147034 18/01/2020 1000 0       
02147034 19/01/2020 1000 10.4    
02147034 20/01/2020 1000 0       
02147034 21/01/2020 1000 0       
02147034 22/01/2020 1000 0.2     
02147034 23/01/2020 1000 21.2    
02147034 24/01/2020 1000 39      
02147034 25/01/2020 1000 0       
02147034 26/01/2020 1000 0       
02147034 27/01/2020 1000 0       
02147034 28/01/2020 1000 0       
02147034 29/01/2020 1000 1       
02147034 30/01/2020 1000 2.6     
02147034 31/01/2020 1000 5       
02147034 01/02/2020 1000 0       
02147034 02/02/2020 1000 12.8    
02147034 03/02/2020 1000 0       
02147034 04/02/2020 1000 12.2    
02147034 05/02/2020 1000 0.8     
02147034 06/02/2020 1000 5.6     
02147034 07/02/2020 1000 8       
02147034 08/02/2020 1000 0.2     
02147034 09/02/2020 1000 0.4     
02147034 10/02/2020 1000 18.4    
02147034 11/02/2020 1000 57      
02147034 12/02/2020 1000 1.6     
02147034 13/02/2020 1000 0.2     
02147034 14/02/2020 1000 0       
02147034 15/02/2020 1000 0       
02147034 16/02/2020 1000 0       
02147034 17/02/2020 1000 1.2     
02147034 18/02/2020 1000 0       
02147034 19/02/2020 1000 0       
02147034 20/02/2020 1000 0       
02147034 21/02/2020 1000 10      
02147034 22/02/2020 1000 0       
02147034 23/02/2020 1000 0       
02147034 24/02/2020 1000 0       
02147034 25/02/2020 1000 31.6    
02147034 26/02/2020 1000 0.2     
02147034 27/02/2020 1000 39      
02147034 28/02/2020 1000 3       
02147034 29/02/2020 1000 11.8    
02147034 01/03/2020 1000 0       
02147034 02/03/2020 1000 3       
