02144045 17/01/2020 1000 5.2     
02144045 18/01/2020 1000 0       
02144045 19/01/2020 1000 0       
02144045 20/01/2020 1000 15.8    
02144045 21/01/2020 1000 11      
02144045 22/01/2020 1000 0       
02144045 23/01/2020 1000 0.6     
02144045 24/01/2020 1000 32      
02144045 25/01/2020 1000 28.8    
02144045 26/01/2020 1000 0       
02144045 27/01/2020 1000 0       
02144045 28/01/2020 1000 0.8     
02144045 29/01/2020 1000 2.6     
02144045 30/01/2020 1000 11      
02144045 31/01/2020 1000 0.8     
02144045 01/02/2020 1000 1.4     
02144045 02/02/2020 1000 11.2    
02144045 03/02/2020 1000 48.6    
02144045 04/02/2020 1000 64.6    
02144045 05/02/2020 1000 37.2    
02144045 06/02/2020 1000 19.6    
02144045 07/02/2020 1000 11      
02144045 08/02/2020 1000 6       
02144045 09/02/2020 1000 8.6     
02144045 10/02/2020 1000 0       
02144045 11/02/2020 1000 8.4     
02144045 12/02/2020 1000 16.4    
02144045 13/02/2020 1000 179.8   
02144045 14/02/2020 1000 11.6    
02144045 15/02/2020 1000 0       
02144045 16/02/2020 1000 0       
02144045 17/02/2020 1000 12.2    
02144045 18/02/2020 1000 3       
02144045 19/02/2020 1000 0       
02144045 20/02/2020 1000 0       
02144045 21/02/2020 1000 49.8    
02144045 22/02/2020 1000 3       
02144045 23/02/2020 1000 0       
02144045 24/02/2020 1000 0       
02144045 25/02/2020 1000 14.8    
02144045 26/02/2020 1000 7.6     
02144045 27/02/2020 1000 0.6     
02144045 28/02/2020 1000 31.6    
02144045 29/02/2020 1000 9       
02144045 01/03/2020 1000 10.4    
02144045 02/03/2020 1000 14.6    
