61880000 17/01/2020 1000 2       
61880000 18/01/2020 1000 0       
61880000 19/01/2020 1000 37.2    
61880000 20/01/2020 1000 0       
61880000 21/01/2020 1000 0       
61880000 22/01/2020 1000 0       
61880000 23/01/2020 1000 6       
61880000 24/01/2020 1000 9.2     
61880000 25/01/2020 1000 0       
61880000 26/01/2020 1000 0       
61880000 27/01/2020 1000 0       
61880000 28/01/2020 1000 0       
61880000 29/01/2020 1000 0.8     
61880000 30/01/2020 1000 0.2     
61880000 31/01/2020 1000 9.2     
61880000 01/02/2020 1000 1.8     
61880000 02/02/2020 1000 21      
61880000 03/02/2020 1000 0.2     
61880000 04/02/2020 1000 0.2     
61880000 05/02/2020 1000 10      
61880000 06/02/2020 1000 52.4    
61880000 07/02/2020 1000 7.4     
61880000 08/02/2020 1000 0       
61880000 09/02/2020 1000 0       
61880000 10/02/2020 1000 26      
61880000 11/02/2020 1000 31      
61880000 12/02/2020 1000 0       
61880000 13/02/2020 1000 0       
61880000 14/02/2020 1000 0       
61880000 15/02/2020 1000 0       
61880000 16/02/2020 1000 0       
61880000 17/02/2020 1000 14.6    
61880000 18/02/2020 1000 0.2     
61880000 19/02/2020 1000 0.2     
61880000 20/02/2020 1000 15.2    
61880000 21/02/2020 1000 26.2    
61880000 22/02/2020 1000 30      
61880000 23/02/2020 1000 0       
61880000 24/02/2020 1000 0       
61880000 25/02/2020 1000 6.6     
61880000 26/02/2020 1000 1.4     
61880000 27/02/2020 1000 17.4    
61880000 28/02/2020 1000 8.8     
61880000 29/02/2020 1000 16.8    
61880000 01/03/2020 1000 0.4     
61880000 02/03/2020 1000 10      
