ONS-Operador Nacional Do Sistema Eletrico
Modelo Computacional SMAP
Versao: 2.0.4 Data: 14/05/2019

Iniciando execucao: 25-03-2020 12:56:04

Parametros
   Amplitude inicial: 0.5
   somacoef alvo: 2 (nao e necessario multiplicar por 100)
   Limite de iteracoes: 10000
   Particulas: 24
   Pulso inicial: 0.1
   Uso de pesos: on
   Gerar graficos: off
   Semente: 9952

Sub bacia: CORUMBA1
cef: 0.99599906
dm: 0.008091233
ebin: 247.40951
mape: 0.00703282
*somacoef: 1.9889662
supin: 176.51375
Iteracoes: 10000
Iteracao otima: 9153
Tempo: 6.85 s

Qcal
[33](0,0,423.92327,435.99963,510.16651,573.23096,717.17713,794.71505,730.19577,674.46927,664.36155,762.5951,785.85649,697.25083,701.1647,765.66804,731.59932,719.78961,656.95902,596.72868,544.46196,505.08312,475.24126,452.41213,434.80377,420.95075,409.84101,400.72958,410.51358,419.42371,430.6473,454.23683,513.42976)
Rsolo
[33](0,66.2921,69.651259,76.165229,81.546552,89.093704,93.482909,91.357826,89.165294,89.593691,94.090038,95.410272,90.217056,90.88598,93.843431,92.196021,91.621091,87.174455,82.000481,76.071617,71.190909,66.96385,63.802822,60.694867,58.003675,55.659127,53.635938,55.086726,56.672104,58.715676,62.148113,68.205954,64.376038)
Rsub
[33](0,119.89976,120.54178,121.6034,123.57378,126.37855,130.49503,135.4291,139.90058,143.91387,147.97343,152.87913,158.01241,162.069,166.21917,170.91761,175.24704,179.42633,182.72974,185.09984,186.50838,187.20673,187.3505,187.11675,186.54341,185.70189,184.64685,183.42326,182.33641,181.40383,180.67686,180.31531,180.67433)
Rsup
[33](0,2.8362029,3.0089579,4.1654642,5.1134475,7.3333645,8.4427506,7.2424699,6.1988085,5.9033357,7.3471441,7.558254,5.9643514,5.8927405,6.7915715,6.0883794,5.7550778,4.6069562,3.5296553,2.6112574,1.9318219,1.4291719,1.0575894,0.7824102,0.57883115,0.42822231,0.3168011,0.51457828,0.69378031,0.90503985,1.3081769,2.2712695,1.6802971)
Peso chuva 
[33](0.5,1.0442935,1.0828269,1.4268972,1.3553006,1.8963845,1.6974958,1.0198538,0.83045476,0.94024076,0.98330697,1.2854406,0.93590657,1.251887,1.6992118,0.97663022,2,2,2,0.71888343,0.5,0.5,1.6744047,0.5,0.5,2,1.4820463,0.70055418,0.96136998,0.90114097,1.4413788,1.0001349,1)
Previsao PMEDIA_ORIG
[13] (0.9,0.9,0.5,0.9,1.1,3,0.7,1.4,2.8,4.4,3,2.8,1.8666667)


Sub bacia: CORUMBAIV
cef: 0.95881808
dm: 0.045668358
ebin: 77.451988
mape: 0.019739522
*somacoef: 1.9390786
supin: 116.91047
Iteracoes: 10000
Iteracao otima: 9724
Tempo: 8.083 s

Qcal
[33](0,0,194.36245,218.32601,258.0762,291.41896,277.68856,288.65879,288.05247,285.57618,277.70625,311.40989,340.30529,311.0275,309.5471,345.34495,317.54554,289.55211,264.01731,242.05894,223.48988,207.85895,194.89298,184.08459,175.55522,167.84937,161.67788,157.66603,194.57603,257.19917,272.08005,253.54642,238.99997)
Rsolo
[33](0,50.492,56.333139,60.750904,61.796423,55.586435,57.865344,56.856196,56.075112,54.639691,60.220545,61.719831,51.581223,54.668641,60.758598,51.599973,46.430012,43.022111,40.566497,39.021047,38.107542,37.247919,36.388539,35.946603,35.049983,34.526396,34.456033,46.158178,58.22205,57.683321,48.842675,46.295499,42.131718)
Rsub
[33](0,109.02081,112.51978,119.03531,128.1467,137.84941,143.722,150.84778,157.32271,163.29615,168.4249,176.76492,185.9877,189.3342,194.24824,202.6991,205.90701,206.73898,206.24101,204.90519,203.09869,201.30184,199.5209,197.75571,196.00614,194.27205,192.5533,190.84975,191.70288,198.61569,205.14863,207.03167,207.7981)
Rsup
[33](0,7.8941175,9.3443556,11.715846,13.530164,12.137607,12.596637,12.21387,11.736059,10.918111,12.947846,14.498869,12.079531,11.819037,14.000479,11.717995,9.6739162,7.9098257,6.4510243,5.2612695,4.2924848,3.5031817,2.8588021,2.3675525,1.9311596,1.597629,1.4091867,3.9831717,8.1707338,8.8439221,7.2790924,6.2065457,5.0618786)
Peso chuva 
[33](1.777156,1.2921253,1.7593214,1.4871004,1.4435482,0.86912033,1.9760149,2,2,2,2,1.6991879,0.5,1.3821547,2,0.5,0.5,0.5,0.5,1.9453097,0.99791747,0.64738232,0.57437525,1.9304954,2,2,2,2,2,1.3562915,0.5,0.91786081,1)
Previsao PMEDIA_ORIG
[13] (2.6,2.6,1.9,1.2,1.1,2.4,0.8,1.5,2.8,5.1,3.2,2.9,2.3416667)


Sub bacia: EMBORCACAO
cef: 0.98705661
dm: 0.030226822
ebin: 313.984
mape: 0.02731537
*somacoef: 1.9597412
supin: 175.65977
Iteracoes: 10000
Iteracao otima: 8350
Tempo: 10.326 s

Qcal
[33](0,0,489.64377,561.87409,698.33389,843.90391,908.49996,886.79676,835.15889,786.25988,908.03617,1074.389,1148.435,1057.2273,1021.2624,1003.611,929.56315,845.84479,771.66479,707.80338,653.99984,609.11467,571.58953,540.13901,513.70277,491.40617,472.52773,456.4922,448.40689,443.21206,443.60522,449.69468,443.92012)
Rsolo
[33](0,52.8896,61.888468,70.052814,73.596706,72.358972,68.402196,64.69319,62.772972,71.25891,75.590678,74.439693,66.397045,67.125281,68.014427,63.54355,58.737234,55.75846,53.648912,51.633767,49.666359,47.75855,46.19899,44.602382,42.959969,41.574376,40.367766,40.252792,40.447954,41.818191,44.259488,44.620575,42.902195)
Rsub
[33](0,204.81256,203.33908,205.01863,211.04611,219.20901,226.53254,231.44959,234.32102,236.20561,242.73078,251.9678,260.38008,263.94328,267.87769,272.27825,274.27138,274.00375,272.50579,270.5453,268.59893,266.66655,264.74808,262.8434,260.95244,259.07507,257.21121,255.36076,253.52363,251.69971,249.88891,248.09114,246.3063)
Rsup
[33](0,4.7067898,6.7027224,10.29016,13.943104,15.338639,14.456272,12.870659,11.442463,14.628035,18.817409,20.422032,17.632573,16.522531,15.887947,13.723077,11.397977,9.4213231,7.7716943,6.4105644,5.287822,4.361716,3.5978076,2.9676897,2.4479303,2.0192013,1.6660931,1.5254595,1.4617293,1.5471859,1.7847356,1.7038544,1.4054424)
Peso chuva 
[33](0.5,0.5,1.4631057,1.0846955,1.5975202,1.5029736,1.6354161,0.8881292,0.92314684,0.84083345,1.2179085,2,2,2,2,2,2,2,2,0.5,0.5,0.5,0.57357573,0.5,0.5,0.5,0.5,0.5,0.5,0.5,0.69283701,0.96051348,1)
Previsao PMEDIA_ORIG
[13] (0.5,0.3,0,0,0.6,1.7,1.5,1.7,4.9,2.6,2.6,2.2,1.55)


Sub bacia: ITUMBIARA
cef: 0.99474005
dm: 0.022633942
ebin: 232.92032
mape: 0.022014274
*somacoef: 1.9727258
supin: 262.29839
Iteracoes: 10000
Iteracao otima: 9962
Tempo: 10.738 s

Qcal
[33](0,0,495.21871,504.35479,543.16093,571.32398,575.7931,733.0622,889.18671,1004.2986,1036.4206,987.72879,874.91994,778.9017,698.02231,653.45818,609.82847,556.91909,512.41187,474.95059,443.37933,416.71459,394.10875,375.09875,359.0794,345.54116,334.06152,325.06669,331.92923,380.02274,382.06906,402.72067,420.95057)
Rsolo
[33](0,54.264,56.589066,60.530527,63.098034,63.597807,71.176421,76.71055,79.500307,79.436283,76.038866,67.367679,60.314499,55.486034,55.012415,53.690196,50.198114,47.287507,44.879664,42.817897,40.866355,39.435769,38.040748,36.644279,35.171796,33.732154,32.892725,33.966277,40.136138,41.822064,45.699473,49.014728,45.968348)
Rsub
[33](0,167.49551,168.39911,169.69792,171.72857,174.2707,176.90474,181.27384,187.07514,193.63631,200.14401,205.6603,208.9622,210.74159,211.62215,212.41696,212.98705,213.01305,212.63372,211.95265,211.03774,209.92216,208.80586,207.69549,206.59102,205.49243,204.39968,203.31274,202.23158,201.15618,200.19146,199.67678,199.6038)
Rsup
[33](0,5.8713416,6.0477186,6.8759346,7.4431328,7.46404,10.902393,14.261117,16.657225,17.172016,15.87952,13.182674,10.930601,9.064792,8.0398497,7.0384925,5.8364125,4.8393443,4.012611,3.3271134,2.7587233,2.2874346,1.8966589,1.5726416,1.3039781,1.081212,0.9138846,1.101331,2.2115199,2.2908001,2.7830993,3.2071818,2.6592804)
Peso chuva 
[33](0.5,2,1.9320864,0.69768336,2,2,1.2083623,1.3155675,0.60041642,1.6242879,0.5,0.5,0.83872862,0.53352074,1.2702954,1.1803971,1.7950062,1.8952073,0.59577081,0.5,0.74248169,0.72763833,0.71064496,0.78304478,2,2,2,2,1.9596708,1.5545315,0.5,0.98139519,1)
Previsao PMEDIA_ORIG
[13] (1.8,1.1,0.2,0.5,1.6,2.8,2.7,2.5,4.3,3.7,3.3,2.7,2.2666667)


Sub bacia: NOVAPONTE
cef: 0.99935421
dm: 0.0029988732
ebin: 398.07144
mape: 0.0029285151
*somacoef: 1.9964257
supin: 222.8633
Iteracoes: 10000
Iteracao otima: 8809
Tempo: 10.486 s

Qcal
[33](0,0,620.93474,586.63311,553.598,624.83046,770.81864,875.54957,1002.9582,1148.9136,1280.4071,1225.8983,1044.624,901.9737,793.04265,713.71761,690.77549,662.57108,616.01634,599.107,571.09475,544.55198,525.33964,511.95944,498.85815,486.84745,482.48654,480.31411,475.86472,469.37281,488.88462,537.24849,519.27878)
Rsolo
[33](0,52.9868,50.779048,48.541788,55.75589,63.06958,65.130004,67.202429,69.015823,69.963298,65.136075,53.525503,48.045084,44.725628,43.349306,47.73167,48.959005,45.657391,46.815714,44.874829,42.955014,42.072163,41.709855,41.193911,40.414513,40.340029,40.594651,40.513228,40.209884,43.95652,50.129581,46.961811,43.577111)
Rsub
[33](0,299.21181,301.29254,302.37203,302.51607,305.90786,313.33253,321.98427,331.92306,343.02113,354.69989,363.04832,364.90622,364.38978,362.65756,360.47901,359.87351,359.75806,358.38657,357.44837,355.8191,353.56481,351.05206,348.44828,345.86088,343.2927,340.74358,338.21339,335.70199,333.20924,331.44859,332.0275,331.33976)
Rsup
[33](0,4.7806039,3.985425,3.2459877,4.7698728,7.8046458,9.839325,12.325442,15.172671,17.676599,16.174048,12.047313,8.9343244,6.6124006,4.9602469,4.530291,3.9425627,2.9472194,2.6236399,2.0495284,1.5266599,1.1788729,0.96356559,0.75683901,0.57303908,0.55278549,0.57893216,0.55569612,0.4881099,0.97779316,2.0654845,1.663498,1.2306645)
Peso chuva 
[33](1.9672461,0.54573392,1.061543,1.3216259,1.6993327,1.3703134,0.65697727,0.60747568,0.82303392,1.0427935,1.678276,0.5,0.5,0.50197525,0.5,1.339167,2,0.5,1.6548634,2,2,2,1.6846666,0.62802679,0.91378007,1.0645215,2,2,1.6992099,0.5890723,1.4198411,0.89848263,1)
Previsao PMEDIA_ORIG
[13] (1.5,1.3,0.2,0.2,1,2.9,3.4,3.5,7.5,2.9,3,3,2.5333333)


Sub bacia: RVerde
cef: 0.99423092
dm: 0.0088230616
ebin: 631.78016
mape: 0.0066756389
*somacoef: 1.9875553
supin: 33.716626
Iteracoes: 10000
Iteracao otima: 9389
Tempo: 8.416 s

Qcal
[32](0,665.49679,690.57355,734.84807,755.89189,739.16328,775.99144,918.81142,1009.2472,1073.1767,1052.2554,1193.6373,1114.5751,1078.0498,1102.6044,1097.3602,1040.7814,985.34698,937.55496,896.2648,860.50499,829.44424,802.37371,779.00624,758.62935,740.37519,724.18442,710.68036,719.75801,712.00326,699.9834,710.97001)
Rsolo
[32](95.069927,94.566915,96.089059,96.061922,92.043171,93.878315,101.20562,106.04529,109.92716,109.07903,115.30268,108.66227,107.12736,109.38469,109.81319,105.73848,99.725766,94.314818,89.446443,85.0392,81.032138,77.852677,75.212914,72.805087,69.967913,67.299837,65.63022,67.300954,66.52421,65.156587,67.10601,64.531648)
Rsub
[32](254.0058,254.23361,254.4259,254.72019,255.01056,255.03098,255.17164,255.82471,256.84104,258.1618,259.40392,261.16241,262.34957,263.40529,264.63536,265.89183,266.81321,267.27631,267.35978,267.12846,266.63429,265.91962,265.04341,264.04257,262.93542,261.70976,260.38112,258.99553,257.68607,256.35464,254.97912,253.69008)
Rsup
[32](0.62799209,1.0845082,1.900239,2.2785587,1.9535269,2.638527,5.2921173,6.9462826,8.0899234,7.6390651,10.214843,8.6607976,7.9254964,8.3339322,8.1792697,7.0672474,5.9920646,5.0804558,4.3075356,3.6522043,3.0965725,2.6254765,2.2308358,1.8976695,1.6089657,1.3641841,1.1742147,1.407481,1.3237075,1.1615113,1.4298669,1.2123326)
Peso chuva 
[32](2,0.5,0.5,0.5,0.5,0.90002307,0.71752828,0.54517242,0.52176655,0.61985368,1.9661261,0.5,1.8204161,2,2,2,0.5,0.54652072,0.50688054,2,0.61151134,0.5,0.5,0.5,0.5,0.79572081,0.80710496,2,1.3295996,0.86977034,0.99640817,1)
Previsao PMEDIA_ORIG
[13] (3.4,1.8,2.4,4.3,3.2,4.1,1.3,1.3,3.6,2.3,2.6,2.7,2.75)


Sub bacia: SDOFACAO
cef: 0.98843099
dm: 0.02441954
ebin: 128.496
mape: 0.021505164
*somacoef: 1.9669258
supin: 175.49098
Iteracoes: 10000
Iteracao otima: 9957
Tempo: 7.155 s

Qcal
[33](0,0,303.98698,286.79655,268.23748,291.95411,299.79916,275.35943,300.13086,278.91306,318.73763,373.63473,434.60233,474.87855,488.98575,501.33192,527.69113,560.63646,522.41241,465.01083,417.87317,379.10087,347.17736,320.84433,299.06339,280.98058,265.89852,253.24884,259.17114,252.08395,247.97679,246.708,291.75)
Rsolo
[33](0,108.7224,108.4094,106.95817,111.80537,114.20443,110.04256,114.28066,110.86093,116.47659,122.34281,127.51782,130.51516,131.3583,131.93419,133.27805,134.76146,130.96534,121.98259,114.18625,107.67555,102.18113,97.492774,93.440638,89.917174,86.835875,84.157928,88.412091,88.531727,89.346238,90.779504,99.750454,95.389879)
Rsub
[33](0,119.45602,121.62259,123.72915,125.62927,128.15633,130.99614,133.23717,136.04341,138.35065,141.42848,145.36864,150.11243,155.32316,160.6344,165.99977,171.55526,177.32774,182.37853,185.9045,188.23726,189.66632,190.39934,190.58746,190.34175,189.74744,188.87067,187.76604,187.05149,186.35438,185.74025,185.26983,185.75692)
Rsup
[33](0,7.5226134,6.6858264,5.7931373,6.7221628,6.9419264,5.7633469,6.7218671,5.6829468,7.2836838,9.4949898,11.926752,13.4345,13.798954,14.083284,14.965803,16.121877,14.217192,11.523718,9.3405276,7.5709469,6.1366166,4.9740229,4.0316848,3.2678744,2.6487694,2.146955,2.4517553,2.180903,2.0369887,2.0109182,3.9633844,3.2125137)
Peso chuva 
[33](2,2,0.54082879,0.5,1.4536226,0.97735501,0.65199702,2,0.5,0.9692976,0.83397849,1.1608743,1.6631312,0.81592075,1.2942842,1.077747,1.9877995,2,0.5,0.5,0.5,0.5,0.5,0.5,0.5,0.50275622,0.5,0.5,0.5,0.5,0.8435204,1.0003017,1)
Previsao PMEDIA_ORIG
[13] (0.5,0.7,0.2,0.1,0.3,0.6,0.6,0.9,3.4,4.9,3.8,3,1.5833333)


Sub bacia: SSIMAO2
cef: 0.98527967
dm: 0.022525853
ebin: 297.53454
mape: 0.017050685
*somacoef: 1.968229
supin: 531.80521
Iteracoes: 10000
Iteracao otima: 9984
Tempo: 6.275 s

Qcal
[34](0,0,0,829.33974,870.95721,948.61081,1026.3332,1051.4288,1227.7352,1357.8657,1509.3575,1550.7634,1574.7493,1441.3854,1318.5155,1211.5305,1115.2489,1030.7163,957.35684,893.58223,838.03918,789.56986,747.18436,710.14172,677.5642,648.79636,623.39314,600.89865,580.92188,590.73165,640.3042,815.9678,984.20926,939.38018)
Rsolo
[34](0,0,49.622955,53.746523,57.445055,59.39937,58.509595,67.747056,72.837163,58.657847,60.712131,61.065075,52.240442,47.723784,45.489507,43.559816,42.18516,40.899111,39.563335,38.112131,36.684863,35.309917,34.316415,33.336518,32.252006,31.10697,29.955025,28.863092,30.572192,35.688503,46.746029,56.51808,52.122259,47.145412)
Rsub
[34](0,0,131.77356,133.23745,136.38463,141.23251,147.04144,152.37251,162.91734,176.80374,182.08406,188.40946,194.89738,197.14039,197.62901,197.35595,196.52359,195.69473,194.86937,194.04749,193.22908,192.41412,191.6026,190.79449,189.9898,189.1885,188.39058,187.59603,186.80483,186.01696,185.23242,185.43041,189.62421,191.84023)
Rsup
[34](0,0,6.6724299,7.1531227,8.0382649,8.876091,9.0263939,13.798101,17.467833,9.9726743,10.607522,10.976456,9.3500046,7.9600304,6.8046506,5.791696,4.9294536,4.1955933,3.5709717,3.039341,2.5868572,2.2017372,1.8752786,1.5970235,1.3592656,1.1569041,0.98466926,0.838076,1.0596516,1.7749317,4.0673975,6.2344695,5.6108594,4.7755391)
Peso chuva 
[34](1.8929874,2,2,0.6846875,1.7371535,1.9054723,1.0784322,1.5224595,1.9599295,0.73640967,2,2,0.5,0.5,0.5,0.99636731,1.471231,1.7941676,1.8608588,1.6008467,1.5663837,1.4275801,1.9356166,2,1.9676866,1.9578869,0.5064917,0.53978926,1.6883981,1.2614593,1.0817716,2,1.0679013,1)
Previsao PMEDIA_ORIG
[13] (1.7,1.6,0.6,1.7,1.9,3.4,2.1,2,3.6,2.5,2.8,3.2,2.2583333)


Tempo de execucao em: 68 s

Finalizando execucao: 25-03-2020 12:57:12

