00083470 23/01/2020 1200 5.8     
00083470 24/01/2020 1200 11      
00083470 25/01/2020 1200 20      
00083470 26/01/2020 1200 2       
00083470 27/01/2020 1200 0       
00083470 28/01/2020 1200 0       
00083470 29/01/2020 1200 0       
00083470 30/01/2020 1200 49      
00083470 31/01/2020 1200 1       
00083470 01/02/2020 1200 0       
00083470 02/02/2020 1200 0       
00083470 03/02/2020 1200 0       
00083470 04/02/2020 1200 5       
00083470 05/02/2020 1200 0       
00083470 06/02/2020 1200 9       
00083470 07/02/2020 1200 29      
00083470 08/02/2020 1200 81      
00083470 09/02/2020 1200 3       
00083470 10/02/2020 1200 1       
00083470 11/02/2020 1200 0.6     
00083470 12/02/2020 1200 7       
00083470 13/02/2020 1200 14      
00083470 14/02/2020 1200 33      
00083470 15/02/2020 1200 15      
00083470 16/02/2020 1200 0       
00083470 17/02/2020 1200 0       
00083470 18/02/2020 1200 0.3     
00083470 19/02/2020 1200 22      
00083470 20/02/2020 1200 0       
00083470 21/02/2020 1200 12      
00083470 22/02/2020 0000 -       
00083470 23/02/2020 0000 -       
00083470 24/02/2020 1200 54.4    
00083470 25/02/2020 1200 1       
00083470 26/02/2020 1200 7       
00083470 27/02/2020 1200 18      
00083470 28/02/2020 1200 31      
00083470 29/02/2020 0000 -       
00083470 01/03/2020 0000 -       
00083470 02/03/2020 1200 4       
00083470 03/03/2020 1200 0       
00083470 04/03/2020 1200 2       
00083470 05/03/2020 1200 30      
00083470 06/03/2020 1200 20      
00083470 07/03/2020 1200 0       
00083470 08/03/2020 1200 0       
00083470 09/03/2020 1200 0.0