01647026 23/01/2020 1000 12      
01647026 24/01/2020 1000 27.4    
01647026 25/01/2020 1000 0.6     
01647026 26/01/2020 1000 51.2    
01647026 27/01/2020 1000 10.8    
01647026 28/01/2020 1000 77.2    
01647026 29/01/2020 1000 37.2    
01647026 30/01/2020 1000 0       
01647026 31/01/2020 1000 0       
01647026 01/02/2020 1000 0       
01647026 02/02/2020 1000 0       
01647026 03/02/2020 1000 0       
01647026 04/02/2020 1000 0       
01647026 05/02/2020 1000 6.6     
01647026 06/02/2020 1000 1       
01647026 07/02/2020 1000 53      
01647026 08/02/2020 1000 10.8    
01647026 09/02/2020 1000 1.8     
01647026 10/02/2020 1000 1.8     
01647026 11/02/2020 1000 3.8     
01647026 12/02/2020 1000 1       
01647026 13/02/2020 1000 34.2    
01647026 14/02/2020 1000 8.6     
01647026 15/02/2020 1000 10.2    
01647026 16/02/2020 1000 16      
01647026 17/02/2020 1000 13.2    
01647026 18/02/2020 1000 0.2     
01647026 19/02/2020 1000 0       
01647026 20/02/2020 1000 0       
01647026 21/02/2020 1000 0.4     
01647026 22/02/2020 1000 1.4     
01647026 23/02/2020 1000 35.8    
01647026 24/02/2020 1000 0       
01647026 25/02/2020 1000 1.2     
01647026 26/02/2020 1000 0.6     
01647026 27/02/2020 1000 24.6    
01647026 28/02/2020 1000 8.4     
01647026 29/02/2020 1000 16.2    
01647026 01/03/2020 1000 6.8     
01647026 02/03/2020 1000 7.6     
01647026 03/03/2020 1000 18.8    
01647026 04/03/2020 1000 33      
01647026 05/03/2020 1000 0       
01647026 06/03/2020 1000 53.8    
01647026 07/03/2020 1000 8       
01647026 08/03/2020 1000 25.6    
01647026 09/03/2020 1000 1.6675374999014494