01748016 23/01/2020 0000 -       
01748016 24/01/2020 0000 -       
01748016 25/01/2020 0000 -       
01748016 26/01/2020 0000 -       
01748016 27/01/2020 0000 -       
01748016 28/01/2020 0000 -       
01748016 29/01/2020 0000 -       
01748016 30/01/2020 0000 -       
01748016 31/01/2020 1000 0.2     
01748016 01/02/2020 1000 11.2    
01748016 02/02/2020 1000 0.2     
01748016 03/02/2020 1000 0.2     
01748016 04/02/2020 1000 6.6     
01748016 05/02/2020 1000 16      
01748016 06/02/2020 1000 29.4    
01748016 07/02/2020 1000 31.2    
01748016 08/02/2020 1000 20.6    
01748016 09/02/2020 1000 2       
01748016 10/02/2020 1000 2.6     
01748016 11/02/2020 1000 3.8     
01748016 12/02/2020 1000 0.6     
01748016 13/02/2020 1000 1       
01748016 14/02/2020 1000 0.2     
01748016 15/02/2020 1000 0       
01748016 16/02/2020 1000 11      
01748016 17/02/2020 1000 0.2     
01748016 18/02/2020 1000 40.8    
01748016 19/02/2020 1000 0.6     
01748016 20/02/2020 1000 1.4     
01748016 21/02/2020 1000 1       
01748016 22/02/2020 1000 14.2    
01748016 23/02/2020 1000 6.4     
01748016 24/02/2020 1000 16.8    
01748016 25/02/2020 1000 2       
01748016 26/02/2020 1000 8       
01748016 27/02/2020 1000 27.4    
01748016 28/02/2020 1000 30.4    
01748016 29/02/2020 1000 66      
01748016 01/03/2020 1000 13.8    
01748016 02/03/2020 1000 86.8    
01748016 03/03/2020 1000 9       
01748016 04/03/2020 1000 0       
01748016 05/03/2020 1000 2       
01748016 06/03/2020 1000 0.4     
01748016 07/03/2020 1000 0.6     
01748016 08/03/2020 1000 0.2     
01748016 09/03/2020 1000 0.056781249999914046