01847043 23/01/2020 1000 20      
01847043 24/01/2020 1000 15      
01847043 25/01/2020 1000 50      
01847043 26/01/2020 1000 5       
01847043 27/01/2020 1000 0       
01847043 28/01/2020 1000 0       
01847043 29/01/2020 1000 80      
01847043 30/01/2020 1000 0       
01847043 31/01/2020 1000 0       
01847043 01/02/2020 1000 0       
01847043 02/02/2020 1000 0       
01847043 03/02/2020 1000 0       
01847043 04/02/2020 1000 20      
01847043 05/02/2020 1000 0       
01847043 06/02/2020 1000 30      
01847043 07/02/2020 1000 10      
01847043 08/02/2020 1000 10      
01847043 09/02/2020 1000 2       
01847043 10/02/2020 1000 5       
01847043 11/02/2020 1000 10      
01847043 12/02/2020 1000 30      
01847043 13/02/2020 1000 10      
01847043 14/02/2020 1000 0       
01847043 15/02/2020 1000 0       
01847043 16/02/2020 1000 5       
01847043 17/02/2020 1000 0       
01847043 18/02/2020 1000 15      
01847043 19/02/2020 1000 0       
01847043 20/02/2020 1000 0       
01847043 21/02/2020 1000 0       
01847043 22/02/2020 1000 5       
01847043 23/02/2020 1000 10      
01847043 24/02/2020 1000 3       
01847043 25/02/2020 1000 67      
01847043 26/02/2020 1000 0       
01847043 27/02/2020 1000 22      
01847043 28/02/2020 1000 3       
01847043 29/02/2020 1000 11      
01847043 01/03/2020 1000 7       
01847043 02/03/2020 1000 42      
01847043 03/03/2020 1000 6       
01847043 04/03/2020 1000 0       
01847043 05/03/2020 1000 0       
01847043 06/03/2020 1000 6       
01847043 07/03/2020 1000 4       
01847043 08/03/2020 1000 0       
01847043 09/03/2020 1000 0.0