01947023 23/01/2020 1000 52      
01947023 24/01/2020 1000 31      
01947023 25/01/2020 1000 30      
01947023 26/01/2020 1000 2       
01947023 27/01/2020 1000 0       
01947023 28/01/2020 1000 38      
01947023 29/01/2020 1000 41      
01947023 30/01/2020 1000 10      
01947023 31/01/2020 1000 0       
01947023 01/02/2020 1000 0       
01947023 02/02/2020 1000 0       
01947023 03/02/2020 1000 2       
01947023 04/02/2020 1000 2       
01947023 05/02/2020 1000 2       
01947023 06/02/2020 1000 10      
01947023 07/02/2020 1000 7       
01947023 08/02/2020 1000 9       
01947023 09/02/2020 1000 0       
01947023 10/02/2020 1000 3       
01947023 11/02/2020 1000 2       
01947023 12/02/2020 1000 42      
01947023 13/02/2020 1000 25      
01947023 14/02/2020 1000 2       
01947023 15/02/2020 1000 5       
01947023 16/02/2020 1000 0       
01947023 17/02/2020 1000 4       
01947023 18/02/2020 1000 11      
01947023 19/02/2020 1000 19      
01947023 20/02/2020 1000 19      
01947023 21/02/2020 1000 4       
01947023 22/02/2020 1000 16      
01947023 23/02/2020 1000 5       
01947023 24/02/2020 1000 1       
01947023 25/02/2020 1000 0       
01947023 26/02/2020 1000 5       
01947023 27/02/2020 1000 20      
01947023 28/02/2020 1000 12      
01947023 29/02/2020 1000 85      
01947023 01/03/2020 1000 12      
01947023 02/03/2020 1000 24      
01947023 03/03/2020 1000 0       
01947023 04/03/2020 1000 0       
01947023 05/03/2020 1000 0       
01947023 06/03/2020 1000 13      
01947023 07/03/2020 1000 19      
01947023 08/03/2020 1000 0       
01947023 09/03/2020 1000 0.007317483592777623