99990056 23/01/2020 1200 9.2     
99990056 24/01/2020 1200 25.8    
99990056 25/01/2020 1200 11.2    
99990056 26/01/2020 1200 57.6    
99990056 27/01/2020 1200 18      
99990056 28/01/2020 1200 68.8    
99990056 29/01/2020 1200 20      
99990056 30/01/2020 1200 2.6     
99990056 31/01/2020 1200 0       
99990056 01/02/2020 1200 0       
99990056 02/02/2020 1200 0       
99990056 03/02/2020 1200 1.4     
99990056 04/02/2020 1200 1       
99990056 05/02/2020 1200 24.8    
99990056 06/02/2020 1200 78.6    
99990056 07/02/2020 1200 44.2    
99990056 08/02/2020 1200 9.8     
99990056 09/02/2020 1200 4.8     
99990056 10/02/2020 1200 1       
99990056 11/02/2020 1200 0.2     
99990056 12/02/2020 1200 8.8     
99990056 13/02/2020 1200 11.4    
99990056 14/02/2020 1200 0       
99990056 15/02/2020 1200 33      
99990056 16/02/2020 1200 35.4    
99990056 17/02/2020 1200 11      
99990056 18/02/2020 1200 2.8     
99990056 19/02/2020 1200 0       
99990056 20/02/2020 1200 0       
99990056 21/02/2020 1200 0       
99990056 22/02/2020 1200 0       
99990056 23/02/2020 1200 4       
99990056 24/02/2020 1200 8.2     
99990056 25/02/2020 1200 4       
99990056 26/02/2020 1200 2       
99990056 27/02/2020 1200 6.2     
99990056 28/02/2020 1200 0       
99990056 29/02/2020 1200 0       
99990056 01/03/2020 1200 39.6    
99990056 02/03/2020 1200 2.2     
99990056 03/03/2020 1200 19.2    
99990056 04/03/2020 1200 12.8    
99990056 05/03/2020 1200 0.4     
99990056 06/03/2020 1200 7.6     
99990056 07/03/2020 1200 9.6     
99990056 08/03/2020 1200 5.6     
99990056 09/03/2020 1200 0.3071861963597082