99990546 23/01/2020 1200 39.6    
99990546 24/01/2020 1200 20.4    
99990546 25/01/2020 1200 22      
99990546 26/01/2020 1200 18.6    
99990546 27/01/2020 1200 0       
99990546 28/01/2020 1200 4.8     
99990546 29/01/2020 1200 89.2    
99990546 30/01/2020 1200 1       
99990546 31/01/2020 1200 0.2     
99990546 01/02/2020 1200 0.2     
99990546 02/02/2020 1200 2.8     
99990546 03/02/2020 1200 0       
99990546 04/02/2020 1200 0       
99990546 05/02/2020 1200 13.8    
99990546 06/02/2020 1200 2.4     
99990546 07/02/2020 1200 37.4    
99990546 08/02/2020 1200 12.8    
99990546 09/02/2020 1200 2.2     
99990546 10/02/2020 1200 1.4     
99990546 11/02/2020 1200 0       
99990546 12/02/2020 1200 0.4     
99990546 13/02/2020 1200 6.4     
99990546 14/02/2020 1200 0.2     
99990546 15/02/2020 1200 6.4     
99990546 16/02/2020 1200 11.8    
99990546 17/02/2020 1200 2       
99990546 18/02/2020 1200 0       
99990546 19/02/2020 1200 0       
99990546 20/02/2020 1200 0       
99990546 21/02/2020 1200 1.6     
99990546 22/02/2020 1200 3.2     
99990546 23/02/2020 1200 14.4    
99990546 24/02/2020 1200 62.6    
99990546 25/02/2020 1200 0.4     
99990546 26/02/2020 1200 5.6     
99990546 27/02/2020 1200 12.6    
99990546 28/02/2020 1200 1.8     
99990546 29/02/2020 1200 26.2    
99990546 01/03/2020 1200 16.2    
99990546 02/03/2020 1200 103.8   
99990546 03/03/2020 1200 1.4     
99990546 04/03/2020 1200 8.6     
99990546 05/03/2020 1200 0.4     
99990546 06/03/2020 1200 60.6    
99990546 07/03/2020 1200 0.2     
99990546 08/03/2020 1200 0.2     
99990546 09/03/2020 1200 0.20860046501253404