99990034 23/01/2020 1200 0.2     
99990034 24/01/2020 1200 18      
99990034 25/01/2020 1200 62.4    
99990034 26/01/2020 1200 4       
99990034 27/01/2020 1200 0       
99990034 28/01/2020 1200 12      
99990034 29/01/2020 0000 -       
99990034 30/01/2020 1200 14.6    
99990034 31/01/2020 1200 0.4     
99990034 01/02/2020 1200 0.4     
99990034 02/02/2020 1200 42.4    
99990034 03/02/2020 1200 0       
99990034 04/02/2020 1200 22.2    
99990034 05/02/2020 1200 5.2     
99990034 06/02/2020 1200 79      
99990034 07/02/2020 1200 96.4    
99990034 08/02/2020 1200 7       
99990034 09/02/2020 1200 11.6    
99990034 10/02/2020 1200 11.8    
99990034 11/02/2020 1200 8.2     
99990034 12/02/2020 1200 30.8    
99990034 13/02/2020 1200 3.8     
99990034 14/02/2020 1200 0.2     
99990034 15/02/2020 1200 1       
99990034 16/02/2020 1200 15.8    
99990034 17/02/2020 1200 4       
99990034 18/02/2020 1200 63.2    
99990034 19/02/2020 1200 0.6     
99990034 20/02/2020 1200 23.6    
99990034 21/02/2020 1200 1.6     
99990034 22/02/2020 1200 8.2     
99990034 23/02/2020 1200 6.8     
99990034 24/02/2020 1200 19.6    
99990034 25/02/2020 1200 18.6    
99990034 26/02/2020 1200 2       
99990034 27/02/2020 1200 46      
99990034 28/02/2020 1200 46.6    
99990034 29/02/2020 1200 77      
99990034 01/03/2020 1200 16.6    
99990034 02/03/2020 1200 41.4    
99990034 03/03/2020 1200 1.2     
99990034 04/03/2020 1200 0.2     
99990034 05/03/2020 1200 2.4     
99990034 06/03/2020 1200 38.6    
99990034 07/03/2020 1200 3.6     
99990034 08/03/2020 1200 0       
99990034 09/03/2020 1200 0.0