99990012 23/01/2020 1200 13.4    
99990012 24/01/2020 1200 25.8    
99990012 25/01/2020 1200 4.8     
99990012 26/01/2020 1200 22.4    
99990012 27/01/2020 1200 20      
99990012 28/01/2020 1200 6       
99990012 29/01/2020 1200 1.8     
99990012 30/01/2020 1200 0       
99990012 31/01/2020 1200 1.2     
99990012 01/02/2020 1200 0       
99990012 02/02/2020 1200 0       
99990012 03/02/2020 1200 0       
99990012 04/02/2020 1200 13.8    
99990012 05/02/2020 1200 0       
99990012 06/02/2020 1200 25.6    
99990012 07/02/2020 1200 15.8    
99990012 08/02/2020 1200 12.2    
99990012 09/02/2020 1200 3.2     
99990012 10/02/2020 1200 2       
99990012 11/02/2020 1200 0       
99990012 12/02/2020 1200 0       
99990012 13/02/2020 1200 3       
99990012 14/02/2020 1200 0       
99990012 15/02/2020 1200 3.2     
99990012 16/02/2020 1200 2       
99990012 17/02/2020 1200 6       
99990012 18/02/2020 1200 0       
99990012 19/02/2020 1200 0       
99990012 20/02/2020 1200 5.6     
99990012 21/02/2020 1200 1.4     
99990012 22/02/2020 1200 0.2     
99990012 23/02/2020 1200 5.2     
99990012 24/02/2020 1200 12.4    
99990012 25/02/2020 1200 4.2     
99990012 26/02/2020 1200 0.2     
99990012 27/02/2020 1200 4.2     
99990012 28/02/2020 1200 8       
99990012 29/02/2020 1200 0       
99990012 01/03/2020 1200 13.2    
99990012 02/03/2020 1200 15.4    
99990012 03/03/2020 1200 15      
99990012 04/03/2020 1200 0       
99990012 05/03/2020 1200 0.4     
99990012 06/03/2020 1200 17.8    
99990012 07/03/2020 1200 16      
99990012 08/03/2020 1200 6.6     
99990012 09/03/2020 1200 0.5126924895284372