99990562 23/01/2020 1200 36.6    
99990562 24/01/2020 1200 44      
99990562 25/01/2020 1200 33.6    
99990562 26/01/2020 0000 -       
99990562 27/01/2020 1200 0.2     
99990562 28/01/2020 1200 5.8     
99990562 29/01/2020 0000 -       
99990562 30/01/2020 1200 17.8    
99990562 31/01/2020 1200 0.4     
99990562 01/02/2020 1200 24.4    
99990562 02/02/2020 1200 1       
99990562 03/02/2020 1200 4.4     
99990562 04/02/2020 1200 0.8     
99990562 05/02/2020 1200 28.8    
99990562 06/02/2020 1200 0       
99990562 07/02/2020 1200 34.4    
99990562 08/02/2020 1200 14.4    
99990562 09/02/2020 1200 12.2    
99990562 10/02/2020 1200 2.4     
99990562 11/02/2020 1200 1       
99990562 12/02/2020 1200 13      
99990562 13/02/2020 1200 17.6    
99990562 14/02/2020 1200 5.2     
99990562 15/02/2020 1200 9.2     
99990562 16/02/2020 1200 2.4     
99990562 17/02/2020 1200 4.2     
99990562 18/02/2020 1200 0.6     
99990562 19/02/2020 1200 2.6     
99990562 20/02/2020 1200 0       
99990562 21/02/2020 1200 0       
99990562 22/02/2020 1200 4.8     
99990562 23/02/2020 1200 28.8    
99990562 24/02/2020 1200 10.2    
99990562 25/02/2020 1200 35.8    
99990562 26/02/2020 1200 1       
99990562 27/02/2020 1200 0       
99990562 28/02/2020 1200 3.2     
99990562 29/02/2020 1200 11.4    
99990562 01/03/2020 1200 1.4     
99990562 02/03/2020 1200 61.8    
99990562 03/03/2020 1200 0.8     
99990562 04/03/2020 1200 10.4    
99990562 05/03/2020 1200 0.2     
99990562 06/03/2020 0000 -       
99990562 07/03/2020 0000 -       
99990562 08/03/2020 0000 -       
99990562 09/03/2020 0000 1.6689706304156957