99990003 23/01/2020 1200 9.6     
99990003 24/01/2020 1200 6.8     
99990003 25/01/2020 1200 40.8    
99990003 26/01/2020 1200 1.2     
99990003 27/01/2020 1200 0.2     
99990003 28/01/2020 1200 7.4     
99990003 29/01/2020 1200 1.6     
99990003 30/01/2020 1200 12      
99990003 31/01/2020 1200 6.6     
99990003 01/02/2020 1200 0       
99990003 02/02/2020 1200 0       
99990003 03/02/2020 1200 1.2     
99990003 04/02/2020 1200 10      
99990003 05/02/2020 1200 21.2    
99990003 06/02/2020 1200 0.2     
99990003 07/02/2020 0000 -       
99990003 08/02/2020 1200 36.8    
99990003 09/02/2020 1200 2.6     
99990003 10/02/2020 1200 3.2     
99990003 11/02/2020 1200 1       
99990003 12/02/2020 1200 0       
99990003 13/02/2020 1200 1.8     
99990003 14/02/2020 1200 0       
99990003 15/02/2020 1200 0       
99990003 16/02/2020 1200 0       
99990003 17/02/2020 1200 0       
99990003 18/02/2020 1200 19      
99990003 19/02/2020 1200 1       
99990003 20/02/2020 1200 0.2     
99990003 21/02/2020 1200 3.6     
99990003 22/02/2020 1200 1.6     
99990003 23/02/2020 1200 3.4     
99990003 24/02/2020 1200 7.4     
99990003 25/02/2020 1200 3.2     
99990003 26/02/2020 1200 0.8     
99990003 27/02/2020 1200 26      
99990003 28/02/2020 1200 1       
99990003 29/02/2020 1200 70.6    
99990003 01/03/2020 1200 4.8     
99990003 02/03/2020 1200 33.4    
99990003 03/03/2020 1200 0.2     
99990003 04/03/2020 1200 0       
99990003 05/03/2020 1200 26.6    
99990003 06/03/2020 1200 2.4     
99990003 07/03/2020 1200 16.4    
99990003 08/03/2020 1200 0.2     
99990003 09/03/2020 1200 0.038797187498822494