99990037 23/01/2020 1200 1.2     
99990037 24/01/2020 1200 4.8     
99990037 25/01/2020 1200 9.8     
99990037 26/01/2020 1200 25.8    
99990037 27/01/2020 1200 0.4     
99990037 28/01/2020 1200 6.4     
99990037 29/01/2020 1200 0       
99990037 30/01/2020 1200 2       
99990037 31/01/2020 1200 1.8     
99990037 01/02/2020 1200 0       
99990037 02/02/2020 1200 0       
99990037 03/02/2020 1200 0.2     
99990037 04/02/2020 1200 36.8    
99990037 05/02/2020 1200 0       
99990037 06/02/2020 1200 60.4    
99990037 07/02/2020 1200 64.2    
99990037 08/02/2020 1200 15.2    
99990037 09/02/2020 1200 7.8     
99990037 10/02/2020 1200 3.6     
99990037 11/02/2020 1200 0       
99990037 12/02/2020 1200 1.6     
99990037 13/02/2020 1200 40.2    
99990037 14/02/2020 1200 4.4     
99990037 15/02/2020 1200 28.6    
99990037 16/02/2020 1200 9.8     
99990037 17/02/2020 1200 2.2     
99990037 18/02/2020 1200 14      
99990037 19/02/2020 1200 0       
99990037 20/02/2020 1200 6.4     
99990037 21/02/2020 1200 0.2     
99990037 22/02/2020 1200 19.2    
99990037 23/02/2020 1200 33.6    
99990037 24/02/2020 1200 80.4    
99990037 25/02/2020 1200 24.8    
99990037 26/02/2020 1200 13.4    
99990037 27/02/2020 1200 9.8     
99990037 28/02/2020 1200 51.4    
99990037 29/02/2020 1200 6.6     
99990037 01/03/2020 1200 11.4    
99990037 02/03/2020 1200 5.4     
99990037 03/03/2020 1200 21      
99990037 04/03/2020 1200 0.2     
99990037 05/03/2020 1200 0       
99990037 06/03/2020 1200 22.4    
99990037 07/03/2020 1200 1.2     
99990037 08/03/2020 1200 0       
99990037 09/03/2020 1200 0.12626929686966504