99990027 23/01/2020 1200 7.6     
99990027 24/01/2020 1200 0.8     
99990027 25/01/2020 1200 8.8     
99990027 26/01/2020 1200 33      
99990027 27/01/2020 1200 7.2     
99990027 28/01/2020 1200 5.8     
99990027 29/01/2020 1200 0       
99990027 30/01/2020 1200 3.4     
99990027 31/01/2020 1200 0       
99990027 01/02/2020 1200 0       
99990027 02/02/2020 1200 0.2     
99990027 03/02/2020 1200 0       
99990027 04/02/2020 1200 17      
99990027 05/02/2020 1200 0       
99990027 06/02/2020 1200 3.2     
99990027 07/02/2020 1200 23.2    
99990027 08/02/2020 0000 -       
99990027 09/02/2020 1200 41.4    
99990027 10/02/2020 1200 6.6     
99990027 11/02/2020 1200 0.8     
99990027 12/02/2020 1200 2.6     
99990027 13/02/2020 1200 28.2    
99990027 14/02/2020 1200 0       
99990027 15/02/2020 1200 0       
99990027 16/02/2020 1200 0.2     
99990027 17/02/2020 1200 13      
99990027 18/02/2020 1200 12.6    
99990027 19/02/2020 1200 3.6     
99990027 20/02/2020 1200 0       
99990027 21/02/2020 1200 0       
99990027 22/02/2020 1200 0       
99990027 23/02/2020 1200 0.2     
99990027 24/02/2020 1200 26.2    
99990027 25/02/2020 1200 4.8     
99990027 26/02/2020 1200 0       
99990027 27/02/2020 1200 4       
99990027 28/02/2020 1200 7       
99990027 29/02/2020 1200 64.2    
99990027 01/03/2020 1200 5.4     
99990027 02/03/2020 1200 55.8    
99990027 03/03/2020 1200 0.8     
99990027 04/03/2020 1200 0       
99990027 05/03/2020 1200 0.6     
99990027 06/03/2020 1200 7       
99990027 07/03/2020 1200 14.6    
99990027 08/03/2020 1200 0       
99990027 09/03/2020 1200 0.0