ONS-Operador Nacional Do Sistema Eletrico
Modelo Computacional SMAP
Versao: 3.0.0 Data: 23/09/2019

Iniciando execucao: 11-02-2020 13:39:05

Parametros
   Amplitude inicial: 0.5
   dm alvo: 0 (nao e necessario multiplicar por 100)
   Limite de iteracoes: 10000
   Particulas: 24
   Pulso inicial: 0.1
   Uso de pesos: on
   Gerar graficos: off
   Semente: 9952

Sub bacia: QM
cef: 0.99928628
*dm: 0.0058547915
ebin: 14.166435
mape: 0.0058111256
somacoef: 1.9934751
supin: 8.1065539
Iteracoes: 10000
Iteracao otima: 9874
Tempo: 8.924 s

Qcal
[34](0,0,0,22.272989,22.032925,20.797356,19.703784,18.726587,17.889768,17.172124,16.554786,16.021885,15.560076,16.41435,19.259582,24.469787,30.906921,38.538315,49.518305,57.580357,62.188356,64.119874,63.259055,61.074295,56.244787,51.704799,47.773001,45.440705,44.480642,45.555388,46.650508,46.970969,46.387439,46.010057)
Rsolo
[34](0,0,135.88407,136.81082,134.86691,133.02943,131.02714,128.97225,126.94958,125.30151,123.54747,121.70459,123.55954,128.50493,136.01253,144.37493,152.64938,161.63023,168.06862,171.89618,173.66789,173.28398,171.64532,166.29305,159.59689,153.86467,152.02127,151.99607,154.0077,155.74166,156.45477,155.94507,155.56816,150.30938)
Rsub
[34](0,0,49.944315,49.907758,49.966415,49.826923,49.506497,49.183824,48.863254,48.544773,48.228369,47.914026,47.601733,47.291475,46.983239,46.979071,47.879122,49.768968,52.840834,56.821722,61.357796,66.140576,70.831928,75.237941,78.810566,81.412373,83.238351,84.81863,86.385447,88.19736,90.222296,92.327779,94.352457,96.31458)
Rsup
[34](0,0,1.1707986,1.1376247,0.95677328,0.80454722,0.67654087,0.5689008,0.47838664,0.40227361,0.33827044,0.2844504,0.42062324,0.84425925,1.6093763,2.5392378,3.6045397,5.1129188,6.1514491,6.6538848,6.7470232,6.4267684,5.9190473,5.0410444,4.2389962,3.5645567,3.1529097,2.9495142,3.0405498,3.1244876,3.0878177,2.917288,2.7798418,2.337559)
Peso chuva 
[34](2,2,2,1.3368785,0.5,0.5,0.52571656,0.60457429,1.8578288,0.64950154,2,0.91026819,0.5687026,1.3376703,1.1003627,1.1003935,1.1746449,0.5,0.71622097,0.7217908,1.0373822,0.92417156,1.9714738,1.9442199,2,1.999676,0.5,1.9376342,0.55813474,0.73070308,0.65846771,0.89864119,1.1291466,1)
Previsao ETA40_LIMITES
[13] (2.695,7.92,8.885,9.35,11.78,12.81,21.4,11.05,4.855,5.39,9.6135,9.6135,9.6135)
Previsao PMEDIA_ORIG
[13] (3.3,8.9,9.6,8,8,5.6,9.1,5.8,1.8,5.4,6.1,5.5,6.425)
Previsao PRECMEDIA_ETA40.GEFS
[13] (2.58,6.42,7.26,5.19,5.47,6.22,9.14,4.77,2.79,5.08,5.492,5.492,5.492)
Previsao PRECZERADA_
[13] (0,0,0,0,0,0,0,0,0,0,0,0,0)


Sub bacia: RB-SMAP
cef: 0.99904966
*dm: 0.0070024006
ebin: 36.84
mape: 0.0069376121
somacoef: 1.992112
supin: 152.735
Iteracoes: 10000
Iteracao otima: 9997
Tempo: 8.74 s

Qcal
[34](0,0,0,189.575,159.63512,141.90854,140.95593,128.75382,125.6278,118.27463,121.43787,130.23504,138.43717,140.71951,148.3901,167.10585,236.15513,379.60764,538.94569,641.95153,676.42189,672.83223,611.34964,548.78944,506.3769,509.42152,482.11845,421.19552,401.85588,396.84408,398.0121,420.86067,444.16698,447.03989)
Rsolo
[34](0,0,81.720384,79.498018,78.596202,79.695923,79.03216,79.216072,78.785458,79.779068,81.760916,83.781558,84.862202,86.646217,89.709008,96.799201,106.78941,115.42862,120.40139,122.08997,122.03723,119.12455,116.03978,114.24815,118.21329,119.27976,116.61328,117.28167,118.46751,119.622,121.66797,123.31894,123.61537,114.94089)
Rsub
[34](0,0,38.821454,38.567759,38.28441,38.003143,37.723942,37.446792,37.171679,36.898586,36.6275,36.393214,36.328761,36.358,36.545965,37.020085,38.227469,40.632655,44.222665,48.545336,53.105103,57.622888,61.647553,65.173824,68.410527,72.215486,76.157028,79.662439,83.242841,86.977849,90.864212,95.045353,99.462714,103.89612)
Rsup
[34](0,0,5.7317866,4.6172474,3.9621012,3.9363687,3.488395,3.3809525,3.1148028,3.2432372,3.5830284,3.8991785,3.9871246,4.2739429,4.969607,7.5439803,12.884419,18.778348,22.516068,23.655719,23.358624,20.890439,18.399374,16.682152,16.681143,15.52102,13.094358,12.243751,11.928164,11.838985,12.558036,13.283768,13.234269,10.504046)
Peso chuva 
[34](2,0.5,1.889823,2,1.997696,2,1.2549417,1.2954317,0.55184889,0.76461565,0.96905031,0.67978901,0.59901219,0.97876409,1.0217287,0.73959705,0.81664464,0.82431933,0.71791788,0.63574449,0.74435431,1.0946595,1.0508074,1.0349982,1.3583775,1.686512,1.2257412,1.6878986,1.8406038,1.0253759,1.4445522,1.1951836,1.1175451,1)
Previsao ETA40_LIMITES
[13] (19.715714,27.922857,21.047143,0.75571429,1.7442857,5.9585714,10.184286,2.1157143,1.1914286,0.95714286,9.1592857,9.1592857,9.1592857)
Previsao PMEDIA_ORIG
[13] (22.6,25,19.3,3.5,3,6.1,12,4.1,9.2,9.8,6.3,6.1,10.583333)
Previsao PRECMEDIA_ETA40.GEFS
[13] (18.45,32.98,17.08,3.52,2.52,5.85,11.6,4.11,8.14,8.42,11.267,11.267,11.267)
Previsao PRECZERADA_
[13] (0,0,0,0,0,0,0,0,0,0,0,0,0)


Sub bacia: SFR2
cef: 0.84799983
*dm: 0.2358605
ebin: 21.553451
mape: 0.18035001
somacoef: 1.6676498
supin: 202.25643
Iteracoes: 10000
Iteracao otima: 9061
Tempo: 9.122 s

Qcal
[34](0,0,0,223.80988,198.27236,175.88475,156.24486,138.99549,123.82915,110.56205,102.26878,96.55519,88.228716,105.72895,112.25764,134.35205,423.05839,617.52615,736.91154,987.68581,1145.0551,1173.5817,1083.7589,1017.382,913.70812,814.49665,725.62542,647.63941,583.31833,530.05119,481.10789,462.20026,552.11122,560.19463)
Rsolo
[34](0,0,49.113024,46.88871,44.8358,42.866889,41.01155,39.179483,37.497721,36.836869,36.339409,35.47074,37.791171,38.748494,41.890949,58.703614,70.725605,78.749587,88.683558,94.615826,96.354683,93.325305,91.502157,86.930396,81.431058,75.477391,70.540535,67.365536,64.880463,62.330453,62.244875,69.013046,70.966191,65.983827)
Rsub
[34](0,0,7.9861884,8.2249807,8.3750924,8.4500657,8.4590687,8.4113652,8.3461105,8.2813621,8.2171159,8.1533682,8.090115,8.0273525,7.9650769,7.9474482,8.6404547,10.079453,12.121685,15.033939,18.518678,22.160175,25.45597,28.541357,31.159822,33.263985,34.864886,36.087333,37.082968,37.910651,38.576508,39.232143,40.314387,41.524768)
Rsup
[34](0,0,4.4912816,3.9098877,3.403755,2.9631408,2.5795639,2.2456408,1.9549439,1.774665,1.6516399,1.4705637,1.8629625,2.0116992,2.5060571,8.9180913,13.194887,15.759705,21.205976,24.525967,24.950585,22.737756,21.066281,18.579204,16.219201,14.119635,12.291945,10.790377,9.5478649,8.4114329,7.9516674,9.9089269,10.023567,8.726022)
Peso chuva 
[34](0.79439367,0.5,2,2,2,2,2,2,2,0.75546106,1.8007698,2,0.79590764,0.62497537,0.88282076,1.2637519,2,2,2,2,2,2,2,2,2,1.997607,1.7166059,0.5,0.5,0.5,0.83476288,1.928863,2,1)
Previsao ETA40_LIMITES
[13] (1.869375,5.24375,9.263125,4.665625,3.908125,3.4925,9.6825,5.07625,1.284375,1.86625,4.6351875,4.6351875,4.6351875)
Previsao PMEDIA_ORIG
[13] (2.1,6.9,8.8,3.7,3.2,3.4,1.5,2.7,1.8,5.3,5.3,6.4,4.2583333)
Previsao PRECMEDIA_ETA40.GEFS
[13] (1.88,5.04,6.32,2.64,2.37,2.94,4.44,2.59,1.5,3.35,3.307,3.307,3.307)
Previsao PRECZERADA_
[13] (0,0,0,0,0,0,0,0,0,0,0,0,0)


Sub bacia: SRM2
cef: 0.95529771
*dm: 0.087022438
ebin: 93.844066
mape: 0.074663312
somacoef: 1.8806344
supin: 843.79366
Iteracoes: 10000
Iteracao otima: 9853
Tempo: 8.675 s

Qcal
[34](0,0,0,937.63772,837.35698,718.28371,618.0536,554.65437,486.0535,443.84249,402.75445,426.78393,388.41616,423.03961,446.33928,596.66441,876.76337,1674.2173,3876.4109,4839.1932,4618.5748,4192.1442,4121.3196,4503.5089,4000.0109,3492.657,3044.8041,2635.3218,2307.3527,2021.3976,1820.9659,1684.0422,1710.7585,2690.3867)
Rsolo
[34](0,0,61.736646,60.701182,57.850215,55.117331,53.916628,52.195866,51.08724,49.853307,49.75183,48.562933,48.634509,48.584812,52.241143,58.623458,71.057369,90.717098,91.744243,84.574504,80.107925,82.81823,87.279704,78.629024,74.334728,72.378033,69.655555,67.743516,65.565207,64.522263,64.042499,66.540977,79.361216,72.021558)
Rsub
[34](0,0,11.380749,11.298873,11.217586,11.136883,11.056762,10.977216,10.898243,10.819838,10.741997,10.664716,10.587991,10.511818,10.436193,10.361112,10.286572,10.212567,20.513933,31.496844,37.424324,40.560959,45.31039,52.934342,55.109,54.966619,54.571174,54.178574,53.788798,53.401826,53.017639,52.636215,52.257535,54.854383)
Rsup
[34](0,0,4.6270867,4.0808824,3.4315994,2.8856196,2.541582,2.1689942,1.9410939,1.7193259,1.8546155,1.6477137,1.8410466,1.9722587,2.8000118,4.3393774,8.7157231,20.795174,25.608952,23.902533,21.296102,20.765892,22.646935,19.54118,16.660686,14.211246,11.983661,10.202939,8.6524795,7.5708762,6.8374039,7.0011539,12.390236,10.418905)
Peso chuva 
[34](2,2,0.5,1.4505914,0.5,0.5,2,0.54217782,0.65666035,0.5,0.5,0.68083136,1.6093138,0.63483513,0.5,0.53415811,0.68772353,0.71641665,0.6028979,0.74425107,1.4219542,1.9686787,1.428014,2,2,1.9908359,0.5,0.5,0.5,0.5,0.5,0.5,2,1)
Previsao ETA40_LIMITES
[13] (5.8249057,10.610377,9.9390566,5.5311321,4.2671698,4.569434,9.1109434,5.9090566,0.91150943,0.95698113,5.7630566,5.7630566,5.7630566)
Previsao PMEDIA_ORIG
[13] (6.4,13.6,10.5,4.4,2.4,2.7,2.6,2.1,3.8,5.7,5.9,7.3,5.6166667)
Previsao PRECMEDIA_ETA40.GEFS
[13] (4.97,11.02,8.96,3.84,2.61,3.09,5.22,3.33,2.54,3.73,4.931,4.931,4.931)
Previsao PRECZERADA_
[13] (0,0,0,0,0,0,0,0,0,0,0,0,0)


Sub bacia: TM-SMAP
cef: 0.99767123
*dm: 0.0091918171
ebin: 194.736
mape: 0.0088919264
somacoef: 1.9887793
supin: 441.79047
Iteracoes: 10000
Iteracao otima: 9505
Tempo: 8.502 s

Qcal
[33](0,0,636.52647,625.04052,581.38731,539.06215,500.58776,466.14384,449.07613,428.84574,450.97653,486.62073,509.92844,506.09978,483.01076,671.59761,893.2671,1342.3637,1789.684,1910.9051,1984.5167,1922.1865,1762.8194,1642.5509,1558.5706,1492.6976,1377.2003,1268.6414,1179.3544,1175.1212,1223.3854,1296.3288,1369.5426)
Rsolo
[33](0,24.93832,23.183048,20.577557,18.847779,17.301487,15.947623,15.680007,15.258009,17.176271,19.869553,21.906582,21.46979,20.460779,27.862897,31.76379,35.838861,36.712763,34.234756,32.416042,26.532457,22.350182,21.626744,22.261242,23.070237,20.853165,19.357287,18.730083,21.759716,25.735446,28.249326,29.205499,22.428974)
Rsub
[33](0,51.738809,53.159065,53.827494,53.562151,53.121988,52.685442,52.252483,51.823083,51.397211,50.974839,50.555938,50.765541,50.820318,50.54285,53.411416,58.574404,66.6039,75.256096,81.943992,87.304626,89.184894,89.238397,89.031369,89.053311,89.382359,88.913396,88.182723,87.458055,87.312286,88.806849,91.570227,94.84793)
Rsup
[33](0,8.8412207,8.5043835,7.5804368,6.7534014,6.0165967,5.3601783,5.0512265,4.6787145,5.1536793,5.8988141,6.3968065,6.3043986,5.8382094,9.6331558,13.853193,22.451735,31.899921,34.512221,33.107769,28.699699,25.582507,23.371051,21.892071,20.745753,18.571585,16.585529,14.994742,15.096175,16.195784,17.657506,19.021398,16.946139)
Peso chuva 
[33](2,0.5,2,1.0429284,1.961479,1.4097654,0.5,0.5,0.86079883,1.3225082,1.1445737,1.2681674,0.8564368,0.5,0.5,0.53690981,1.0119881,1.233427,2,2,1.8475439,0.5,1.7220083,2,1.613535,0.5,0.5,0.5,0.63858561,1.0074383,1.0210907,1.3708653,1)
Previsao ETA40_LIMITES
[13] (20.348095,28.02619,19.865714,1.7271429,1.6885714,9.7038095,20.184286,11.101429,3.6185714,0.69142857,11.695524,11.695524,11.695524)
Previsao PMEDIA_ORIG
[13] (17.2,24.7,12.5,2.7,2,3.5,6.3,4.4,6.4,6.2,6.8,8.1,8.4)
Previsao PRECMEDIA_ETA40.GEFS
[13] (15.34,26.76,15.56,1.99,1.9,5.36,10.9,6.71,5.8,6.39,9.671,9.671,9.671)
Previsao PRECZERADA_
[13] (0,0,0,0,0,0,0,0,0,0,0,0,0)


Tempo de execucao em: 45 s

Finalizando execucao: 11-02-2020 13:39:50

