ONS-Operador Nacional Do Sistema Eletrico
Modelo Computacional SMAP
Versao: 3.0.0 Data: 23/09/2019

Iniciando execucao: 02-03-2020 13:46:16

Parametros
   Amplitude inicial: 0.5
   dm alvo: 0 (nao e necessario multiplicar por 100)
   Limite de iteracoes: 10000
   Particulas: 24
   Pulso inicial: 0.1
   Uso de pesos: on
   Gerar graficos: off
   Semente: 9952

Sub bacia: BG
cef: 0.9925415
*dm: 0.029905913
ebin: 33.811362
mape: 0.028960911
somacoef: 1.9635806
supin: 20.492447
Iteracoes: 10000
Iteracao otima: 9825
Tempo: 8.659 s

Qcal
[34](0,0,0,54.303808,52.642829,60.077697,55.762955,66.89484,83.63167,77.511754,67.697137,69.433518,68.469012,84.062049,75.224198,63.912556,55.201923,48.448148,43.161641,38.977098,35.623856,33.698523,32.720325,30.385769,28.437331,26.776821,25.329267,24.040969,30.667421,67.679314,135.22769,111.15994,89.138849,72.357163)
Rsolo
[34](0,0,44.6716,44.256059,45.943826,45.534753,47.96634,51.420049,51.556293,50.795061,51.857795,52.41112,55.498619,55.058584,52.99344,50.999974,49.003952,47.080302,45.318966,43.705512,42.882353,42.246329,40.955247,39.632446,38.239783,36.851087,35.636358,36.521771,42.331986,51.015208,50.578145,49.025745,47.478663,45.901482)
Rsub
[34](0,0,7.1300329,6.9631889,6.7981502,6.6548544,6.5124422,6.3994909,6.3288462,6.2622094,6.1889766,6.1306711,6.0809791,6.071898,6.0573788,6.0172721,5.9547496,5.8719176,5.7715813,5.6571712,5.5315741,5.4029053,5.2731005,5.1369431,4.9949809,4.8475122,4.69542,4.5406155,4.3967872,4.3019896,4.2980726,4.2892557,4.2633941,4.2219545)
Rsup
[34](0,0,0.60791732,0.5821147,0.82589038,0.71805005,1.0683163,1.5807112,1.4090993,1.1273187,1.1891313,1.168721,1.6382858,1.3773846,1.0438623,0.7910997,0.59954146,0.45436746,0.34434614,0.26096558,0.22151833,0.21060034,0.15960522,0.12095813,0.091669124,0.069472205,0.052650086,0.27100405,1.3892112,3.4063987,2.6929697,2.0409448,1.5467469,1.172215)
Peso chuva 
[34](1.8198008,2,2,2,2,2,2,0.9904824,2,2,1.1797291,2,1.2712312,2,0.5,0.5,0.5,0.5,0.5,0.5,0.5,0.6586896,0.5,1.0938623,1.363263,2,1.22301,2,1.6142932,0.58456323,0.5,0.5,0.59272832,1)
Previsao ETA40_LIMITES
[13] (0.3475,0.64875,0.01625,0.05,0.5975,0.25,0.51375,0.63,0.15,0.24875,0.34525,0.34525,0.34525)
Previsao PMEDIA_ORIG
[13] (0.9,3.9,0.5,0.1,0.4,0.5,0.3,0.3,1,0.7,0.6,0.9,0.84166667)
Previsao PRECMEDIA_ETA40.GEFS
[13] (1.45,2.62,0.35,0.16,0.55,0.46,0.36,0.42,1.26,0.93,0.856,0.856,0.856)
Previsao PRECZERADA_ETA40
[13] (0,0,0,0,0,0,0,0,0,0,0,0,0)


Sub bacia: CN
cef: 0.99645375
*dm: 0.018931868
ebin: 37.688149
mape: 0.018596767
somacoef: 1.977857
supin: 46.421665
Iteracoes: 10000
Iteracao otima: 9770
Tempo: 8.633 s

Qcal
[34](0,0,0,84.109815,105.71674,94.097064,84.150941,75.67038,75.668777,76.296035,75.401452,75.986568,78.600229,70.95151,93.946666,115.7823,102.18137,99.181127,89.845,80.253343,72.047038,66.071409,59.889726,54.553303,49.919174,45.871398,42.386227,39.376302,36.771491,85.976112,168.30995,184.67196,159.74547,138.5662)
Rsolo
[34](0,0,100.7084,106.1484,104.44254,102.45157,100.71041,102.19762,103.85516,105.0689,106.64507,108.70742,107.37702,112.8258,118.15528,115.81142,117.03084,116.17859,113.51108,111.01617,110.08066,108.06204,106.03465,104.08862,101.88077,99.646247,97.477252,95.898756,104.73388,116.29243,122.12646,120.23472,117.99732,115.60383)
Rsub
[34](0,0,10.793766,10.569413,10.374043,10.162656,9.9514208,9.7445765,9.5420316,9.3436966,9.1610231,9.0008932,8.8694501,8.724273,8.6520311,8.656025,8.6262952,8.6145337,8.5908559,8.5306451,8.4384794,8.3361327,8.2104703,8.0627727,7.8953413,7.7312335,7.5705367,7.41318,7.2590941,7.1158359,7.1249243,7.2204278,7.28504,7.315142)
Rsup
[34](0,0,1.7368702,2.5746045,2.1653769,1.8208577,1.5311527,1.558115,1.6080445,1.6004842,1.646241,1.7649508,1.4959452,2.3752768,3.2016963,2.692295,2.5839244,2.2361491,1.8803697,1.5811962,1.3696581,1.1517406,0.96849455,0.81440359,0.68482906,0.5758703,0.48424727,0.40734522,2.2684699,5.3677122,5.978711,5.0336076,4.2327426,3.5592981)
Peso chuva 
[34](2,0.58136649,2,1.4795552,0.5,0.5,0.5,1.8309706,1.8449529,2,1.2278952,1.5757674,0.50885285,1.2391912,2,0.5,2,2,0.5,0.5,1.4583291,0.5,0.5,0.82415864,0.9574125,0.5,0.5002637,0.5,1.6826581,0.62928854,0.5533489,0.5,0.5,1)
Previsao ETA40_LIMITES
[13] (1.63875,4.84875,0.1375,0.04125,0.88125,1.03125,1.43125,1.83,0.165,0.20625,1.221125,1.221125,1.221125)
Previsao PMEDIA_ORIG
[13] (0.8,2.3,0.3,0.1,0.3,0.4,0.4,0.4,0.7,0.7,0.5,0.7,0.63333333)
Previsao PRECMEDIA_ETA40.GEFS
[13] (1.62,3.65,0.43,0.14,0.55,0.48,0.57,0.53,1,0.9,0.987,0.987,0.987)
Previsao PRECZERADA_ETA40
[13] (0,0,0,0,0,0,0,0,0,0,0,0,0)


Sub bacia: FozChapeco
cef: 0.86841842
*dm: 0.19902112
ebin: 65.800232
mape: 0.14931743
somacoef: 1.719101
supin: 12.243824
Iteracoes: 10000
Iteracao otima: 9975
Tempo: 8.688 s

Qcal
[34](0,0,0,78.044055,76.089874,74.188551,75.546037,74.127182,71.865035,69.90865,68.206419,66.715543,65.416936,64.692115,64.716916,63.510502,62.433776,61.465174,60.586812,59.825335,60.042268,60.324459,59.34584,58.481973,57.673962,56.932748,56.247474,55.739967,72.787577,205.19,258.26811,191.89377,167.76122,147.66336)
Rsolo
[34](0,0,30.7623,30.241716,29.793846,31.558663,31.304849,30.299717,29.271499,28.285083,27.361237,26.645639,26.253912,26.090856,25.214667,24.364636,23.538229,22.7671,22.209697,22.035727,21.903397,21.254488,20.705768,20.010172,19.326543,18.669843,18.2781,29.045687,62.305175,79.637375,77.612412,75.570856,73.420326,71.361989)
Rsub
[34](0,0,142.15663,141.05379,139.95951,138.87371,137.79634,136.72733,135.66661,134.61412,133.56979,132.53357,131.50538,130.48517,129.47288,128.46844,127.47179,126.48288,125.50163,124.528,123.56192,122.60334,121.65219,120.70842,119.77198,118.84279,117.92082,117.006,116.09828,115.1976,114.3039,113.41714,112.53726,111.6642)
Rsup
[34](0,0,1.2012219,1.059582,0.92273941,1.1052278,1.0149513,0.84156131,0.69779251,0.57858457,0.47974161,0.39939387,0.37497433,0.42373676,0.35134735,0.29132465,0.24155597,0.20028956,0.17014211,0.23563919,0.30719566,0.25471565,0.21315614,0.17674144,0.14654767,0.12151208,0.11358965,1.8276467,14.389103,17.066765,13.635671,11.308334,9.3765227,7.7746769)
Peso chuva 
[34](0.51023336,2,1.7895811,2,2,1.5594581,0.5,0.5,0.5,0.5,0.5,0.5,0.5,0.5,0.5,0.5,0.5,0.5,0.5,0.5,0.5,0.5,0.5,0.5,0.50096539,0.75883651,2,2,1.8634693,0.79695836,2,2,2,1)
Previsao ETA40_LIMITES
[13] (0.79666667,1.9633333,0,0,0,0,0,0,0.47666667,1.27,0.45066667,0.45066667,0.45066667)
Previsao PMEDIA_ORIG
[13] (0.3,2,0,0,0,0.1,0.2,0.1,0.2,0.3,0.2,0.3,0.30833333)
Previsao PRECMEDIA_ETA40.GEFS
[13] (1.59,3.9,0.07,0,0,0.28,0.25,0.23,0.33,0.6,0.725,0.725,0.725)
Previsao PRECZERADA_ETA40
[13] (0,0,0,0,0,0,0,0,0,0,0,0,0)


Sub bacia: Ita
cef: 0.99261384
*dm: 0.042752576
ebin: 50.009964
mape: 0.042109708
somacoef: 1.9505041
supin: 16.8424
Iteracoes: 10000
Iteracao otima: 9998
Tempo: 8.684 s

Qcal
[34](0,0,0,66.852363,65.277285,60.500949,59.417155,56.911399,59.071927,54.806273,51.221423,51.570986,50.02734,51.411401,48.166991,45.075982,42.462813,40.189668,38.184917,36.385434,34.746589,33.253536,31.896588,30.640487,29.610202,28.397845,27.240092,26.125502,34.350467,197.84931,340.46393,283.86343,228.06611,192.02988)
Rsolo
[34](0,0,104.0589,103.78288,102.05333,101.94892,101.3828,102.54246,100.59495,98.817222,99.026474,98.605362,99.338878,98.272253,96.676732,95.252448,93.404983,91.495899,89.653048,88.157742,86.869553,85.678037,84.538364,83.607046,82.138333,80.634721,79.028408,82.00267,102.29376,121.0816,123.33714,121.65474,122.78458,120.46901)
Rsub
[34](0,0,7.8524692,7.6630057,7.4802762,7.2945499,7.1165409,6.942957,6.784647,6.6210738,6.453877,6.2955108,6.1417241,5.9993732,5.8569374,5.711396,5.5641207,5.4130137,5.2582451,5.1006779,4.9425255,4.7850542,4.6288608,4.4742698,4.3222986,4.1704824,4.018871,3.8672419,3.7353664,3.7203006,3.844026,3.9810379,4.0977381,4.2186236)
Rsup
[34](0,0,0.54459259,0.53267909,0.41586745,0.41906985,0.37470447,0.4803103,0.37498266,0.29275241,0.33848611,0.32118516,0.39760741,0.32201485,0.25139995,0.19687536,0.1537024,0.11999687,0.093682662,0.073138914,0.057429812,0.045981394,0.03753063,0.036051558,0.028145782,0.021973671,0.017155046,0.31433103,5.6281611,10.242653,8.3870187,6.5546189,5.3653692,4.188793)
Peso chuva 
[34](0.5,1.9574649,0.5,0.71130541,0.5,0.72628788,0.55979853,2,0.5,0.5,2,1.3532116,1.1615288,0.5,0.5,1.9594749,0.5,0.50326498,0.68067301,0.5,0.5,0.5,0.69464284,2,2,2,2,2,1.1208842,0.97144642,0.54921085,0.5,2,1)
Previsao ETA40_LIMITES
[13] (0.7,1.78875,0.01625,0,0.01625,0.0825,0.7525,1.07,0.33375,0.5025,0.52625,0.52625,0.52625)
Previsao PMEDIA_ORIG
[13] (0.3,3.3,0.1,0,0,0.1,0.2,0.2,0.2,0.4,0.2,0.6,0.46666667)
Previsao PRECMEDIA_ETA40.GEFS
[13] (1.64,4.92,0.11,0,0.01,0.24,0.42,0.47,0.48,0.7,0.899,0.899,0.899)
Previsao PRECZERADA_ETA40
[13] (0,0,0,0,0,0,0,0,0,0,0,0,0)


Sub bacia: Machadinho
cef: 0.91660085
*dm: 0.12453754
ebin: 48.208592
mape: 0.092488819
somacoef: 1.824112
supin: 20.016729
Iteracoes: 10000
Iteracao otima: 3948
Tempo: 8.329 s

Qcal
[34](0,0,0,68.225322,59.88024,53.535236,49.326276,46.735013,46.734572,44.112401,41.976733,40.247426,38.7501,37.384641,36.106265,34.877529,33.686162,32.51458,31.358741,30.214614,29.081973,27.962352,26.858137,25.776321,24.714947,23.671552,22.647099,21.642558,26.182478,58.386843,186.24102,169.84098,112.91367,77.809841)
Rsolo
[34](0,0,172.8882,171.14149,168.15388,165.26104,163.48448,162.85232,160.85394,157.95583,155.08481,152.2529,149.52592,147.44813,145.12624,142.61391,140.16485,137.67984,135.22729,132.84057,130.54113,128.5117,126.42315,124.23988,122.09025,119.97871,117.97199,120.02714,130.27257,152.37745,163.36361,163.89148,163.44412,160.7964)
Rsub
[34](0,0,11.245367,10.993501,10.742686,10.482122,10.213916,9.9485616,9.6956549,9.4430499,9.1837473,8.9190123,8.6501001,8.3786473,8.1100752,7.842761,7.5756855,7.3097145,7.0449688,6.7820186,6.5215868,6.2644442,6.0123483,5.7649157,5.5216157,5.2826981,5.0484042,4.8192862,4.6162828,4.4851048,4.5140694,4.6293965,4.741462,4.8422406)
Rsup
[34](0,0,0.75660562,0.48198549,0.28279546,0.16592464,0.11143886,0.1544208,0.096287702,0.056494906,0.033147269,0.019448505,0.011411026,0.0070768564,0.0041522056,0.0024362245,0.0014294066,0.00083867605,0.00049207659,0.00028871621,0.00016939853,9.9391238e-005,5.8315844e-005,3.4215668e-005,2.0075367e-005,1.1778825e-005,6.9109925e-006,0.20873652,1.4589135,6.3128868,5.6882938,3.5178296,2.1727926,1.2748431)
Peso chuva 
[34](0.5,1.885536,0.5,0.5,0.5,0.5,0.5,0.5,0.5,0.5,0.5,0.5,0.5,0.5,0.5,0.5,0.5,0.5,0.5,0.5,0.5,0.5,0.5,0.5,0.5,0.5,0.5,2,1.7697874,0.5,0.5,2,2,1)
Previsao ETA40_LIMITES
[13] (0.035,0.0525,0,0,0,0,0,0,0.0175,0.0175,0.01225,0.01225,0.01225)
Previsao PMEDIA_ORIG
[13] (0,2.6,0.2,0,0,0.1,0,0,0.3,0.3,0.1,0.4,0.33333333)
Previsao PRECMEDIA_ETA40.GEFS
[13] (0.81,2.63,0.17,0.02,0.05,0.09,0.07,0.16,0.41,0.37,0.478,0.478,0.478)
Previsao PRECZERADA_ETA40
[13] (0,0,0,0,0,0,0,0,0,0,0,0,0)


Sub bacia: Monjolinho
cef: 0.95106782
*dm: 0.066883912
ebin: 18.3815
mape: 0.045597142
somacoef: 1.9054707
supin: 14.219168
Iteracoes: 10000
Iteracao otima: 9789
Tempo: 8.713 s

Qcal
[34](0,0,0,32.600668,28.481081,25.337175,24.959657,32.520007,29.566236,25.76019,22.85568,20.620158,18.888025,17.635764,16.509895,15.59788,14.84588,14.214027,13.672783,18.191471,23.676735,26.383472,22.757788,19.649582,17.285341,15.473488,14.071728,12.974758,20.670036,50.915174,50.578609,41.643346,33.111486,26.740257)
Rsolo
[34](0,0,149.4282,146.5562,144.24188,144.23282,148.38712,147.99558,145.12738,142.36389,139.83758,137.67039,135.97931,133.46353,130.79641,128.1638,125.56423,123.10239,125.79799,129.61377,132.61632,131.42538,129.29938,126.9024,124.33018,121.80814,119.36056,124.10108,135.9006,140.69078,140.64208,138.55745,136.45793,134.07791)
Rsub
[34](0,0,18.288828,17.871111,17.462934,17.06408,16.674336,16.293494,15.92135,15.557706,15.202367,14.855145,14.515853,14.18431,13.86034,13.543769,13.234429,12.932155,12.636784,12.348159,12.066127,11.790536,11.52124,11.258094,11.000959,10.749697,10.504173,10.264258,10.029822,9.8007404,9.5768912,9.3581547,9.1444142,8.9355554)
Rsup
[34](0,0,1.2418732,0.91874425,0.67999191,0.68203179,1.3765494,1.1520035,0.8522582,0.63050507,0.46645094,0.34564935,0.26606269,0.19683457,0.14561924,0.10772988,0.079699125,0.058961829,0.47954264,0.98395002,1.2451078,0.95263953,0.70481412,0.52142517,0.38575306,0.28538213,0.21112719,0.90427694,3.5664046,3.5571186,2.7963806,2.0704261,1.5327382,1.1339277)
Peso chuva 
[34](0.52655547,0.5,2,0.5,0.5,0.73501063,1.2523801,2,0.5,0.5,0.5,0.5,0.5,0.5,0.5,0.5,0.5,0.5,1.704089,0.7842601,1.9007349,0.5,0.5,0.5,0.5,0.5,0.5,0.92282214,0.5,0.97685796,1.7444047,0.5,0.5,1)
Previsao ETA40_LIMITES
[13] (0,0,0,0,0,0,0,0,0,0.39,0.039,0.039,0.039)
Previsao PMEDIA_ORIG
[13] (0.1,1,0,0,0,0,0.1,0.1,0.2,0.1,0.1,0.4,0.175)
Previsao PRECMEDIA_ETA40.GEFS
[13] (0.43,1.93,0.07,0,0,0.05,0.14,0.2,0.51,0.28,0.361,0.361,0.361)
Previsao PRECZERADA_ETA40
[13] (0,0,0,0,0,0,0,0,0,0,0,0,0)


Sub bacia: QQueixo
cef: 0.99925717
*dm: 0.0080894787
ebin: 20.784
mape: 0.0080553007
somacoef: 1.9912019
supin: 66.266267
Iteracoes: 10000
Iteracao otima: 9967
Tempo: 8.711 s

Qcal
[34](0,0,0,87.050267,79.59894,71.306622,64.405887,60.316029,54.29125,49.117722,44.664944,40.823651,37.59193,36.275474,35.148998,32.611495,30.397918,28.456836,26.746269,25.230416,24.830082,24.6896,24.03848,22.804706,21.687084,20.677855,19.759737,18.91828,18.163704,42.169432,84.023587,73.900501,65.245104,57.850017)
Rsolo
[34](0,0,181.7055,184.01905,183.28638,182.94465,185.62821,182.46234,179.25766,176.16326,173.00949,171.26576,173.06121,174.78171,171.6462,168.4497,165.35986,162.3429,159.63206,160.60692,162.06942,162.21909,160.26865,157.4522,154.68845,151.98877,149.40674,147.80881,167.5153,191.36365,188.64918,185.73713,182.23497,179.05667)
Rsub
[34](0,0,29.803782,29.619119,29.476409,29.324923,29.17131,29.065541,28.909997,28.706681,28.459891,28.17115,27.863322,27.588974,27.346685,27.063253,26.740203,26.381411,25.990071,25.572206,25.176514,24.809067,24.451996,24.077491,23.675579,23.248698,22.799297,22.330304,21.854039,21.636779,21.801417,21.915157,21.97694,21.979609)
Rsup
[34](0,0,14.578332,12.967398,11.165013,9.6701179,8.793931,7.484729,6.3704352,5.4220326,4.6148241,3.9481554,3.7057659,3.5000349,2.978965,2.5354697,2.158,1.8367264,1.5632826,1.5393181,1.5691184,1.4822471,1.2656021,1.0771848,0.91681824,0.78032635,0.66415477,0.57010219,5.92434,15.16543,12.91313,10.991525,9.3551552,7.9624005)
Peso chuva 
[34](2,1.7462638,0.5,1.0472993,1.6499104,0.56704741,0.7352367,2,2,2,2,2,2,2,2,0.5,0.82647775,0.55575445,0.5,2,1.3865424,1.1824432,0.52830677,0.5,0.5,0.50591348,0.5,0.5,1.7350637,1.746138,2,2,0.5,1)
Previsao ETA40_LIMITES
[13] (4.51,10.985,0.115,0.115,0,4.74,4.51,10.405,0.81,2.66,3.885,3.885,3.885)
Previsao PMEDIA_ORIG
[13] (1.5,4.2,0.1,0,0,0.6,0.4,1.8,0.2,0.6,0.3,0.6,0.85833333)
Previsao PRECMEDIA_ETA40.GEFS
[13] (4.01,10.07,0.18,0.03,0,1.11,1.4,1.85,0.55,1.1,2.03,2.03,2.03)
Previsao PRECZERADA_ETA40
[13] (0,0,0,0,0,0,0,0,0,0,0,0,0)


Sub bacia: SJoao
cef: 0.99299483
*dm: 0.012180506
ebin: 58.877901
mape: 0.0099645531
somacoef: 1.9830303
supin: 17.9699
Iteracoes: 10000
Iteracao otima: 9747
Tempo: 8.406 s

Qcal
[33](0,0,76.847801,80.341196,79.865864,74.915511,71.131368,68.152608,65.743423,63.73472,62.004508,60.465274,59.062,57.75206,56.502832,55.291427,54.095245,55.290061,55.380419,54.601013,57.591417,64.47499,73.437968,79.082655,80.815167,71.541383,64.47407,59.025824,55.930487,53.737444,53.749029,53.198134,49.733225)
Rsolo
[33](0,61.7733,62.338321,61.682002,59.516808,57.129673,54.883652,52.788917,50.830632,48.995852,47.392196,45.931004,44.549154,43.235754,41.842899,40.524694,40.353819,40.087596,39.698174,40.341698,42.510294,45.549163,48.201937,50.125282,48.341138,46.657709,45.101358,44.543584,44.076419,43.955655,43.778794,42.366585,41.109608)
Rsub
[33](0,26.216997,26.369553,26.543164,26.685658,26.736821,26.694864,26.572327,26.380873,26.130515,25.829876,25.489668,25.116958,24.716491,24.292331,23.844961,23.39024,22.94419,22.506646,22.077447,21.656432,21.274078,20.97193,20.746908,20.582417,20.368768,20.112831,19.82149,19.521871,19.216622,18.914298,18.613525,18.285985)
Rsup
[33](0,0.58644381,0.68926908,0.66103256,0.48903534,0.3617909,0.2676548,0.19801242,0.14649062,0.10837453,0.08017604,0.059314653,0.04388129,0.032463608,0.024016747,0.017767715,0.090087232,0.12572745,0.13235966,0.26140732,0.51690779,0.8374357,1.0437936,1.1168257,0.82623351,0.61125187,0.45220732,0.37254429,0.32293422,0.34568427,0.34986354,0.25883088,0.19148443)
Peso chuva 
[33](0.81420504,1.7277684,1.0626262,0.92328079,2,2,0.5,0.63990193,2,0.5,2,2,2,2,0.5,2,1.5924947,0.86628958,0.67785322,1.0966903,1.0518488,0.98510091,0.97735541,0.95071088,2,0.5,2,1.997012,1.5108889,2,2,0.53597125,1)
Previsao ETA40_LIMITES
[13] (0,0,0,0,0,0,0,0,2.2825,0,0.22825,0.22825,0.22825)
Previsao PMEDIA_ORIG
[13] (0,0.2,0,0,0,0,0,0,0.2,0.1,0.1,0.4,0.083333333)
Previsao PRECMEDIA_ETA40.GEFS
[13] (0.07,0.37,0.02,0,0,0.05,0.07,0.1,0.5,0.09,0.127,0.127,0.127)
Previsao PRECZERADA_ETA40
[13] (0,0,0,0,0,0,0,0,0,0,0,0,0)


Tempo de execucao em: 70 s

Finalizando execucao: 02-03-2020 13:47:26

