ONS-Operador Nacional Do Sistema Eletrico
Modelo Computacional SMAP
Versao: 3.0.0 Data: 23/09/2019

Iniciando execucao: 27-01-2020 13:01:17

Parametros
   Amplitude inicial: 0.5
   somacoef alvo: 2 (nao e necessario multiplicar por 100)
   Limite de iteracoes: 10000
   Particulas: 24
   Pulso inicial: 0.1
   Uso de pesos: on
   Gerar graficos: off
   Semente: 9952

Sub bacia: CORUMBA1
cef: 0.99472713
dm: 0.016343868
ebin: 108.64038
mape: 0.015469933
*somacoef: 1.9792572
supin: 61.72914
Iteracoes: 10000
Iteracao otima: 9989
Tempo: 8.337 s

Qcal
[33](0,0,170.36952,157.15393,147.28,139.77867,133.99866,129.76914,136.01203,146.215,154.81172,214.84793,315.71655,367.27642,384.97927,367.86435,358.1077,323.17519,287.75136,256.50263,233.12417,215.53129,202.18486,191.94738,205.92785,195.46113,189.72872,203.71913,236.75374,266.68947,267.60989,279.48095,334.22872)
Rsolo
[33](0,67.5635,64.297463,61.245341,58.640138,56.319044,54.792076,54.846127,55.888745,56.947144,63.089751,71.427147,76.848792,79.851853,80.002353,80.221653,77.441719,73.800783,69.126083,65.165208,61.80506,58.939411,56.558803,58.330041,56.672004,55.5854,57.420336,61.446198,65.295671,66.396372,68.41292,73.421653,68.754364)
Rsub
[33](0,52.649373,54.028608,55.001982,55.626837,55.977413,56.102025,56.087442,56.077758,56.161896,56.3437,57.159278,59.005709,61.619591,64.681627,67.741525,70.810523,73.413425,75.452083,76.834057,77.712336,78.201616,78.387327,78.340914,78.464846,78.428353,78.292076,78.328007,78.77318,79.650201,80.652157,81.897358,83.808626)
Rsup
[33](0,0.99185678,0.73378083,0.54285489,0.40160688,0.29711087,0.22501981,0.32581324,0.49007447,0.62541602,1.5840433,3.1777476,3.9449863,4.1427688,3.7662447,3.5080231,2.8449771,2.1894902,1.6197963,1.1983338,0.88653359,0.65586218,0.48521026,0.7113856,0.53909852,0.44820086,0.67751546,1.2071205,1.6733644,1.6590754,1.8165978,2.6549934,1.964178)
Peso chuva 
[33](1.8492678,0.68098326,2,0.80730059,2,1.9237323,0.5,0.5,0.5,0.55202188,0.5,0.89966508,1.0094326,1.5962946,1.571764,1.1957793,1.5127364,1.648962,0.53578798,0.63572893,1.8241159,0.5,0.5,1.384829,0.5,0.5,0.83511386,1.2923271,1.0190147,0.63021166,0.55023458,0.5,1)
Previsao ETA40_LIMITES
[13] (5.9336364,6.9690909,8.4763636,7.0609091,4.3263636,0.13363636,0.56545455,14.446364,17.827273,4.7654545,7.0504545,7.0504545,7.0504545)
Previsao PMEDIA_ORIG
[13] (8.6,7,4.7,4.7,4.6,1.8,2.7,6.6,13.2,10.1,9.4,7.3,6.725)
Previsao PRECMEDIA_ETA40.GEFS
[13] (7.19,6.12,5.06,4.49,4.24,2.4,1.88,8.48,14.76,8.87,6.349,6.349,6.349)
Previsao PRECZERADA_ETA40
[13] (0,0,0,0,0,0,0,0,0,0,0,0,0)


Sub bacia: CORUMBAIV
cef: 0.99336141
dm: 0.051823665
ebin: 24.994452
mape: 0.051396705
*somacoef: 1.9419647
supin: 49.631563
Iteracoes: 10000
Iteracao otima: 9845
Tempo: 8.342 s

Qcal
[33](0,0,74.626015,67.916403,60.212356,53.418714,47.839875,52.58062,78.918572,100.14968,157.34426,229.51446,247.62752,252.87048,231.53022,203.81909,179.48934,158.97305,141.63623,127.1742,115.03013,105.02572,96.767236,89.93355,87.497236,91.877237,111.69602,126.63196,128.21154,125.92623,244.77619,361.57902,405.89036)
Rsolo
[33](0,37.362,38.137326,37.690395,36.695317,35.651554,39.833444,49.214569,53.736861,60.843985,64.966912,61.345892,59.234727,53.174549,46.654872,43.151561,41.125152,39.681644,38.758089,37.633181,36.457549,35.312333,34.224483,35.471544,39.800044,48.045066,51.908713,50.562734,48.594046,64.308582,69.251102,66.001001,50.150809)
Rsub
[33](0,35.181995,34.870735,34.562229,34.256453,33.953381,33.652991,33.610635,37.180243,42.94294,52.786673,65.296509,75.263658,83.817779,88.874118,90.835045,91.409464,91.273039,90.673601,89.8714,89.076295,88.288226,87.507128,86.73294,85.965603,85.44999,88.036855,92.412402,96.092074,98.828193,110.47353,125.61094,138.20805)
Rsup
[33](0,3.3512602,2.9131399,2.4077405,1.9636833,1.6015231,1.9360412,3.7164842,4.9788319,8.5643289,12.965252,13.588194,13.464085,11.612787,9.4991009,7.7622221,6.3493506,5.1852649,4.2375038,3.4559851,2.8186012,2.2987694,1.8748096,1.747441,2.0800003,3.4429534,4.3273766,4.2241372,3.8933117,11.787137,19.115354,21.38123,17.437911)
Peso chuva 
[33](1.8957367,0.5,2,2,1.8063104,2,2,1.8593487,1.1286553,1.930492,1.0154434,0.51062669,0.5,0.5,0.5,0.5,0.5,0.5,1.3149429,2,2,2,2,2,2,2,1.6527183,1.2414405,0.54591236,1.7831753,1.592059,1.1264801,1)
Previsao ETA40_LIMITES
[13] (6.794,8.246,7.046,5.426,1.238,0.488,2.32,9.244,9.93,4.202,5.4934,5.4934,5.4934)
Previsao PMEDIA_ORIG
[13] (8.1,4.9,3.1,3.5,4.2,2.7,2.4,6.3,13.1,11.7,11.5,9.5,6.75)
Previsao PRECMEDIA_ETA40.GEFS
[13] (6.68,6.09,4.02,3.9,3.08,2.08,2.31,4.87,11.67,9.36,5.406,5.406,5.406)
Previsao PRECZERADA_ETA40
[13] (0,0,0,0,0,0,0,0,0,0,0,0,0)


Sub bacia: EMBORCACAO
cef: 0.99903353
dm: 0.0240403
ebin: 176.73394
mape: 0.024020865
*somacoef: 1.9750127
supin: 0
Iteracoes: 10000
Iteracao otima: 8545
Tempo: 8.348 s

Qcal
[33](0,0,176.73394,175.66307,174.56624,173.24888,171.95176,171.00867,170.99927,176.14846,204.69194,236.46075,260.00849,254.37544,242.07632,227.80033,221.7551,213.66997,203.53057,194.88659,187.56225,181.52029,176.9844,173.64131,174.44458,175.96896,192.6171,216.83988,356.39001,464.05771,542.37832,692.19032,1032.46)
Rsolo
[33](0,52.032,50.781007,49.562193,48.037846,46.346464,45.310503,44.516844,44.463372,48.480267,53.221598,57.43621,56.676525,55.181376,53.301335,53.104342,52.532606,51.089345,49.370907,47.474413,46.255078,45.318887,44.549012,44.34091,44.244594,47.023176,51.063721,62.926596,69.184656,70.63181,74.081042,79.742852,62.801163)
Rsub
[33](0,115.28399,114.45461,113.63119,112.8137,112.00208,111.19631,110.39633,109.60211,108.8136,108.03077,107.25356,107.63424,107.69992,107.17381,106.40278,105.63728,104.8773,104.12278,103.3737,102.63,101.89165,101.15861,100.43085,99.708319,98.99099,98.278821,97.571775,100.51561,106.78759,113.8659,123.03917,136.02471)
Rsup
[33](0,0,0.0053750679,0.0098097,0.008091635,0.0066744708,0.014503657,0.047112602,0.21770956,1.0149197,1.8983194,2.5612048,2.3946302,2.0623784,1.7014653,1.5711562,1.3859603,1.1454942,0.94487299,0.7793885,0.64804388,0.55683454,0.49736808,0.54878629,0.61931152,1.094863,1.7731646,5.541443,8.3054657,10.146423,13.869865,22.61055,18.650551)
Peso chuva 
[33](0.63366421,1.1938927,0.87139209,2,2,2,0.87649492,0.5,0.5,0.63042244,0.84840371,1.4536729,2,2,1.1952373,1.5561223,1.6457812,1.5364249,2,1.6682331,2,2,2,2,2,2,2,0.97185652,0.58755134,0.5,0.63433567,1.2688664,1)
Previsao ETA40_LIMITES
[13] (9.178,6.993,9.331,8.096,7.834,2.66,5.732,19.512,15.514,3.071,8.7921,8.7921,8.7921)
Previsao PMEDIA_ORIG
[13] (10.1,17.3,9.2,4.7,5.4,5,6.5,11.4,11.9,4.6,5.4,7.1,8.2166667)
Previsao PRECMEDIA_ETA40.GEFS
[13] (9.66,13.29,8.77,5.21,5.88,4.46,6.18,14.5,11.38,4.18,8.351,8.351,8.351)
Previsao PRECZERADA_ETA40
[13] (0,0,0,0,0,0,0,0,0,0,0,0,0)


Sub bacia: ITUMBIARA
cef: 0.99790747
dm: 0.015366989
ebin: 102.33598
mape: 0.015223851
*somacoef: 1.9826836
supin: 136.25424
Iteracoes: 10000
Iteracao otima: 8820
Tempo: 8.347 s

Qcal
[33](0,0,238.59021,218.61542,199.63905,183.55807,169.87809,158.21171,170.23013,220.84681,306.1679,382.81554,393.98686,354.94417,316.91468,310.65401,315.27043,320.59121,298.36917,271.8,248.17045,228.15865,211.13764,197.09535,234.16144,292.59029,353.76318,369.285,399.85384,529.42452,619.71,681.21021,757.6899)
Rsolo
[33](0,50.4696,48.350241,45.81674,43.49624,41.52399,40.044638,41.981893,47.969945,55.69746,61.813781,62.880441,58.652646,54.315372,54.452194,55.613914,56.611743,54.105613,51.069832,48.057321,45.197074,42.881574,41.490292,46.431165,52.665415,58.311795,59.998109,62.505526,69.459364,73.292117,75.112946,77.148195,67.041613)
Rsub
[33](0,73.590904,74.398091,74.898998,75.065193,74.954034,74.629281,74.232424,73.959534,74.410919,76.052993,78.838612,81.829187,83.965609,85.321949,86.693915,88.256204,89.985218,91.274712,92.077398,92.444288,92.440766,92.168407,91.74862,91.902846,92.948806,94.962341,97.286168,100.10076,104.45728,109.75029,115.49633,121.76893)
Rsup
[33](0,3.0499431,2.5776974,2.1373344,1.7722012,1.4694458,1.2184118,1.4997878,2.6412967,4.537091,6.2016739,6.3650253,5.3979962,4.4802344,4.2978746,4.3585036,4.4289747,3.8777319,3.242863,2.6889486,2.2295799,1.8486878,1.5428399,2.3856021,3.688685,5.0254333,5.3102003,5.9221246,8.7348498,10.620211,11.832086,13.365162,11.081914)
Peso chuva 
[33](0.5,2,0.5,0.5,1.8861056,0.5,1.058742,1.4881647,1.3320031,1.2847133,0.79352519,1.2182136,0.50967689,0.5,0.91516359,1.3011962,0.63322882,2,0.53799827,2,1.4812124,2,2,1.1118367,0.74078409,1.9071419,2,2,0.8552983,0.63553333,0.674369,0.5,1)
Previsao ETA40_LIMITES
[13] (4.3166667,2.8725,4.0233333,3.9383333,7.4916667,1.6575,6.4791667,17.811667,12.421667,0.5175,6.153,6.153,6.153)
Previsao PMEDIA_ORIG
[13] (6.6,11.1,5.8,4.1,7.1,6.1,5.5,14.1,10,5.5,5.6,8.9,7.5333333)
Previsao PRECMEDIA_ETA40.GEFS
[13] (5.62,7.36,4.91,3.24,6.34,4.63,5.12,12.76,10.43,3.73,6.414,6.414,6.414)
Previsao PRECZERADA_ETA40
[13] (0,0,0,0,0,0,0,0,0,0,0,0,0)


Sub bacia: NOVAPONTE
cef: 0.9995333
dm: 0.015207327
ebin: 203.568
mape: 0.015200164
*somacoef: 1.9843331
supin: 38.984952
Iteracoes: 10000
Iteracao otima: 9335
Tempo: 8.321 s

Qcal
[33](0,0,242.55295,234.59369,227.13199,220.62758,215.13379,213.20833,209.51859,221.45288,250.95295,263.84425,269.76362,254.09363,246.20562,234.25023,241.50156,235.91576,236.75995,227.09104,217.97014,210.64282,204.85531,250.85375,337.95708,484.95166,564.12757,510.01621,485.58998,496.74648,569.06199,740.54931,968.15688)
Rsolo
[33](0,48.1357,45.111223,43.117265,41.794592,40.955795,40.641834,39.938632,41.77946,46.331961,47.936106,48.2669,45.202628,43.939599,42.357866,44.167773,43.262927,43.697433,42.366736,41.03931,39.699235,38.363406,44.468098,53.143887,61.360578,62.898207,55.951997,54.95701,56.695249,60.853688,66.584675,70.532758,53.455226)
Rsub
[33](0,153.01261,154.1051,154.06787,153.36348,152.25312,151.12256,150.00041,148.88658,147.80491,148.25132,149.30109,150.47278,150.49449,150.08496,149.17098,148.84746,148.22865,147.75591,146.86197,145.77145,144.68902,143.61463,143.43378,146.74406,154.33343,162.77973,167.3079,171.30704,176.15125,183.22866,193.78851,206.98014)
Rsup
[33](0,0.8362598,0.63434921,0.47535195,0.35592908,0.26977038,0.26073157,0.21360787,0.501395,1.1650651,1.4288543,1.5258713,1.1562991,0.98647509,0.74170929,0.92333957,0.81275237,0.84852075,0.65460562,0.48446622,0.35841064,0.26515406,1.2825201,3.1561206,6.2148078,7.6966099,6.2948341,5.6416453,5.7668334,7.1798162,10.656386,15.2374,11.272708)
Peso chuva 
[33](2,0.75846664,0.57582377,0.79754526,1.3569238,1.0899722,0.5,0.54590033,0.97554928,0.83470213,1.4162137,2,2,2,2,2,2,2,2,2,0.99011193,1.9651497,1.1360047,0.71213305,1.0932512,1.2291424,0.71088628,1.3587858,1.1546447,0.68378082,0.58272163,1.343965,1)
Previsao ETA40_LIMITES
[13] (6.6857143,7.5542857,3.5428571,5.1428571,7.36,3.44,16.274286,12.937143,4.7542857,1.0171429,6.8708571,6.8708571,6.8708571)
Previsao PMEDIA_ORIG
[13] (5.4,12.8,7.2,5,6.1,9.1,11.6,13.8,9.3,2.4,3.2,4.9,7.5666667)
Previsao PRECMEDIA_ETA40.GEFS
[13] (5.21,11.31,6.48,4.65,6.57,7.52,13.87,14.03,7.98,1.96,7.958,7.958,7.958)
Previsao PRECZERADA_ETA40
[13] (0,0,0,0,0,0,0,0,0,0,0,0,0)


Sub bacia: RVerde
cef: 0.99476448
dm: 0.01687383
ebin: 92.336111
mape: 0.016041055
*somacoef: 1.9787234
supin: 254.33877
Iteracoes: 10000
Iteracao otima: 9954
Tempo: 8.105 s

Qcal
[32](0,346.67488,312.24566,282.97677,258.07472,236.85257,218.91435,207.72028,231.56021,277.69659,352.49455,436.05284,464.66516,428.3362,404.02075,403.29772,451.42265,408.61948,372.13097,340.99527,314.40699,291.6656,272.2822,255.76067,260.20881,255.35969,272.05111,322.58358,398.51786,493.73412,536.2257,553.9508)
Rsolo
[32](94.450691,90.139615,86.18297,82.444453,79.072852,76.353085,74.752877,77.575556,82.305679,88.736118,95.296967,98.574229,96.059621,94.530062,95.269604,99.2542,94.091465,89.369967,85.125479,81.198356,77.645672,74.928397,72.449167,73.197276,72.402257,74.696507,80.009627,86.797755,94.209949,98.563123,101.17711,95.647207)
Rsub
[32](37.123527,38.838205,40.260822,41.432429,42.382129,43.144162,43.762928,44.299576,44.971286,45.888377,47.174073,48.875007,50.791643,52.519129,54.130625,55.780672,57.697193,59.242845,60.473577,61.440906,62.181408,62.730635,63.142007,63.434523,63.759334,64.045363,64.436368,65.092131,66.125168,67.619331,69.403068,71.363334)
Rsup
[32](4.7372099,4.0165097,3.405454,2.8873618,2.4480901,2.0786776,1.8415161,2.2606877,3.0888867,4.4395571,5.9363174,6.39044,5.6249999,5.0920813,5.0039591,5.823873,4.9378522,4.1866271,3.5496904,3.0096546,2.5517778,2.1653066,1.8385259,1.9078236,1.8024585,2.1000952,3.0231784,4.4071196,6.1327214,6.8549325,7.102438,6.0219015)
Peso chuva 
[32](0.63508509,0.68774808,0.61208473,0.50209499,0.73670976,0.5,0.7073695,1.2170727,1.0794764,0.63417921,0.63013273,0.54568983,0.67875048,0.5,0.91669022,1.7896675,0.96322862,2,2,1.884777,2,0.84759793,0.50194117,1.7920054,2,1.1628521,1.0389026,1.0647905,1.452748,1.0586276,0.68341336,1)
Previsao ETA40_LIMITES
[13] (0.828125,1.603125,1.74,2.35125,5.9175,3.67,10.906875,20.56625,13.734375,2.23875,6.355625,6.355625,6.355625)
Previsao PMEDIA_ORIG
[13] (2.1,3.5,2.3,3.2,5,5.3,5.5,7.6,10.2,10.5,9.9,9.5,6.2166667)
Previsao PRECMEDIA_ETA40.GEFS
[13] (2.58,2.76,2.08,2.76,5.11,5.49,6.66,11.06,10.88,9.08,5.846,5.846,5.846)
Previsao PRECZERADA_ETA40
[13] (0,0,0,0,0,0,0,0,0,0,0,0,0)


Sub bacia: SDOFACAO
cef: 0.9883357
dm: 0.024666452
ebin: 54.492354
mape: 0.021734259
*somacoef: 1.9666014
supin: 32.120762
Iteracoes: 10000
Iteracao otima: 9939
Tempo: 8.527 s

Qcal
[33](0,0,86.613116,82.087533,78.284286,75.10988,72.393115,70.438199,69.376954,73.231154,103.38259,135.834,159.22331,188.80611,265.44508,266.63322,290.91479,265.65732,236.66817,211.38949,190.60334,173.47944,159.34225,147.65248,138.03215,130.96742,127.26043,126.96096,140.47624,169.02066,212.11927,266.92583,352.08471)
Rsolo
[33](0,97.8644,94.194757,91.298342,88.822866,86.268653,84.780325,83.702982,84.918811,92.053883,99.086115,104.36147,109.78504,118.34163,119.45854,122.51377,119.10431,113.79367,107.45801,102.00123,97.340623,93.318596,90.477214,88.058381,86.625782,86.283845,87.22174,91.712405,98.350458,106.05717,113.82812,122.33275,114.40965)
Rsub
[33](0,50.658694,52.108719,53.150811,53.889662,54.383146,54.63786,54.759374,54.787614,54.919832,55.71844,57.261464,59.415596,62.247484,66.265827,70.417305,75.004674,79.026203,82.237101,84.563998,86.193724,87.275365,87.919617,88.274218,88.395873,88.385509,88.344549,88.388643,88.860755,90.031309,92.111032,95.212486,99.554791)
Rsup
[33](0,1.3768918,1.116037,0.90495571,0.73481283,0.59560114,0.50005666,0.44896218,0.61287456,1.8992523,3.2534937,4.1849536,5.3537258,8.5083608,8.3740058,9.2234371,7.9292242,6.5011396,5.2694863,4.2711721,3.4619904,2.8061097,2.2753084,1.8465718,1.5381248,1.3796984,1.3687501,1.946064,3.1478828,4.941378,7.1948254,10.702246,8.6746849)
Peso chuva 
[33](0.70706496,0.55925019,0.5,1.7042175,1.7080581,2,0.5,0.5,0.61374009,1.0717967,0.59114131,0.92734125,1.5106293,2,2,2,2,2,0.5,0.5,1.69437,2,0.6809764,0.74924148,2,1.2884756,0.63302061,0.58467783,0.70954146,0.72635541,0.95564835,0.61782652,1)
Previsao ETA40_LIMITES
[13] (4.82,8.5975,9.6525,6.6625,2.24,3.2575,2.7575,11.03,19.895,5.5875,7.45,7.45,7.45)
Previsao PMEDIA_ORIG
[13] (10.2,11.6,7.1,4.4,4,3.6,3.7,7.8,14.5,13.3,8.8,8.3,8.1083333)
Previsao PRECMEDIA_ETA40.GEFS
[13] (6.69,7.1,5.79,4.12,3.35,3.23,2.57,7.36,14.41,9.26,6.388,6.388,6.388)
Previsao PRECZERADA_ETA40
[13] (0,0,0,0,0,0,0,0,0,0,0,0,0)


Sub bacia: SSIMAO2
cef: 0.99000483
dm: 0.019127629
ebin: 179.89374
mape: 0.016308368
*somacoef: 1.9736965
supin: 394.8529
Iteracoes: 10000
Iteracao otima: 9511
Tempo: 8.581 s

Qcal
[34](0,0,0,574.74664,518.14096,467.87493,424.43161,387.44926,356.15224,342.29604,475.34385,568.94746,854.01942,952.03887,972.31182,971.81065,898.23256,831.93595,750.65173,679.89527,617.97827,564.10078,518.04874,478.65538,446.24631,532.12824,530.1822,537.73133,550.26854,570.80484,651.91216,902.38864,1177.1407,1199.6909)
Rsolo
[34](0,0,46.69539,44.627339,42.759162,41.475137,40.322062,39.297793,39.210923,48.338927,54.376664,63.529541,62.912144,60.319275,58.545746,52.994113,50.224025,46.541485,44.556049,43.192959,41.963786,40.745284,39.358521,38.506733,45.785162,47.389238,49.019124,50.327035,51.643705,55.593584,63.176134,68.239778,61.81119,51.810131)
Rsub
[34](0,0,79.672224,80.298124,80.24513,79.906689,79.569675,79.234083,78.899907,78.567139,79.777021,83.428425,91.727978,99.641771,106.10628,111.6282,114.54084,116.30913,116.72816,116.49926,116.00791,115.51864,115.03143,114.54627,114.06316,114.23914,114.95929,116.2663,118.06753,120.38797,124.42183,132.34708,143.28858,150.37243)
Rsup
[34](0,0,4.9541228,4.2261737,3.5969994,3.0615146,2.6070535,2.2238847,2.0595015,3.7382469,4.8783931,8.3516784,9.3463814,9.3765466,9.1871216,8.1075215,7.1932002,6.1232518,5.2236168,4.4532442,3.7911761,3.2272334,2.746777,2.3538925,3.4451183,3.4157166,3.490032,3.6103063,3.8169421,4.7688385,7.797228,11.638604,10.71464,9.1194911)
Peso chuva 
[34](2,0.54088892,2,1.5498899,1.1014167,1.9752236,0.5,0.56888128,0.89953821,1.3889011,1.320279,1.1113378,2,2,1.8774872,0.67390936,0.5,0.5,0.5,1.1667381,0.96798981,1.8243264,2,0.5,1.6745158,2,1.4470167,1.4978431,0.95498054,1.3464,1.1341749,1.0425622,1.3562668,1)
Previsao ETA40_LIMITES
[13] (1.5464,1.3944,1.6984,1.6792,6.7524,4.8388,15.1788,13.6204,9.6008,2.87,5.91796,5.91796,5.91796)
Previsao PMEDIA_ORIG
[13] (2.7,3.8,2.6,2.3,5.9,7.5,6.5,9.8,9.4,5.9,5.3,7.7,5.7833333)
Previsao PRECMEDIA_ETA40.GEFS
[13] (3.02,3.26,2.31,2.33,5.94,6.32,8.76,10.71,10.57,5.52,5.874,5.874,5.874)
Previsao PRECZERADA_ETA40
[13] (0,0,0,0,0,0,0,0,0,0,0,0,0)


Tempo de execucao em: 68 s

Finalizando execucao: 27-01-2020 13:02:25

