ONS-Operador Nacional Do Sistema Eletrico
Modelo Computacional SMAP
Versao: 3.0.0 Data: 23/09/2019

Iniciando execucao: 22-03-2020 13:03:11

Parametros
   Amplitude inicial: 0.5
   dm alvo: 0 (nao e necessario multiplicar por 100)
   Limite de iteracoes: 10000
   Particulas: 24
   Pulso inicial: 0.1
   Uso de pesos: on
   Gerar graficos: off
   Semente: 9952

Sub bacia: SMesa
cef: 0.9679662
*dm: 0.044280125
ebin: 786.44304
mape: 0.030570659
somacoef: 1.9373955
supin: 494.03284
Iteracoes: 10000
Iteracao otima: 9559
Tempo: 9.724 s

Qcal
[34](0,0,0,1280.4759,1142.569,1046.4644,1098.6252,1075.3319,1279.5734,1205.9596,1229.501,1121.7495,1322.9009,1467.4101,1440.2183,1445.0407,1625.8312,1718.4313,2055.4861,2202.3084,2151.9487,2011.6539,1737.7463,1770.3483,1587.324,1482.5522,1366.423,1264.2807,1176.5387,1109.1855,1058.6127,1020.4173,1161.272,1471.4147)
Rsolo
[34](0,0,39.708081,38.918006,38.243545,41.123739,41.618726,47.254313,44.891122,45.991127,43.112373,48.18716,50.698265,49.214923,49.044145,52.142728,52.765377,56.531782,56.587596,54.294756,51.454916,45.705609,48.69422,44.901759,43.460082,41.745684,40.28154,38.864071,37.328242,35.848526,34.543879,38.503632,46.376539,41.832555)
Rsub
[34](0,0,125.05972,123.73319,122.42074,121.1222,120.20779,119.46769,120.8782,121.31509,122.18278,121.94155,123.72814,126.64602,128.84163,130.93656,134.48405,138.30826,144.12202,149.90584,154.36422,157.32295,157.69387,159.32559,159.35879,158.84921,157.74207,156.1679,154.5114,152.87248,151.25094,149.6466,148.05927,148.80029)
Rsup
[34](0,0,2.8450849,2.0989334,1.5930078,1.9404227,1.8393949,3.0424033,2.5673875,2.6871378,2.0351844,3.2023314,3.9698434,3.7075773,3.655835,4.6211212,5.025923,6.8284935,7.4634826,6.9640046,5.9946009,4.3100441,4.4843628,3.3712518,2.7666787,2.1163573,1.5682252,1.1199366,0.79204678,0.56015652,0.39891738,1.2681868,3.1117521,2.200341)
Peso chuva 
[34](1.8696996,2,0.5,2,2,2,2,2,2,2,2,2,1.3353408,1.1748533,0.84963387,1.3582307,1.3909755,0.9708569,0.50775499,0.54918303,0.5,0.5,1.1674857,0.5,0.56208534,0.5,0.5,0.5,0.53775063,0.97978531,0.5,1.2752694,1.4392273,1)
Previsao ETA40_LIMITES
[13] (8.2957692,14.837308,12.240769,1.5226923,7.4734615,9.48,6.285,2.5107692,1.1346154,1.95,6.5730385,6.5730385,6.5730385)
Previsao PMEDIA_ORIG
[13] (4.8,18.7,14.6,7.3,3.8,3.9,3.3,1.8,0.8,0.9,1.4,1.4,5.225)
Previsao PRECMEDIA_ETA40.GEFS
[13] (5.77,17.05,14.82,4.68,4.7,5.85,4.5,2.06,0.88,1.25,6.156,6.156,6.156)
Previsao PRECZERADA_
[13] (0,0,0,0,0,0,0,0,0,0,0,0,0)


Tempo de execucao em: 10 s

Finalizando execucao: 22-03-2020 13:03:21

