ONS-Operador Nacional Do Sistema Eletrico
Modelo Computacional SMAP
Versao: 2.0.4 Data: 14/05/2019

Iniciando execucao: 25-03-2020 12:55:07

Parametros
   Amplitude inicial: 0.5
   dm alvo: 0 (nao e necessario multiplicar por 100)
   Limite de iteracoes: 10000
   Particulas: 24
   Pulso inicial: 0.1
   Uso de pesos: on
   Gerar graficos: off
   Semente: 9952

Sub bacia: FOA
cef: 0.92608777
*dm: 0.11215076
ebin: 18.282209
mape: 0.084349134
somacoef: 1.8417386
supin: 8.5183588
Iteracoes: 10000
Iteracao otima: 9845
Tempo: 6.53 s

Qcal
[32](0,26.800568,25.14241,36.640182,99.34436,180.13222,150.17244,125.69733,105.69123,89.327577,75.950665,64.987072,56.001477,48.626673,42.560647,41.539297,38.667219,34.330828,30.76099,27.816724,25.383048,23.366178,21.689624,20.290998,19.119413,18.72879,44.628102,50.932043,43.989365,38.298005,33.62753,29.79)
Rsolo
[32](58.343804,57.10741,61.941237,75.754902,90.276367,86.916673,83.647408,80.568141,78.110277,76.279988,74.358853,72.422083,70.174746,68.222764,69.466,69.412192,67.261277,65.176142,63.165352,61.215102,59.32586,57.486521,55.722728,54.211576,53.688852,62.816023,67.562386,65.660943,63.621996,61.653318,59.74671,57.891415)
Rsub
[32](22.471698,22.204741,21.940956,21.680304,21.498559,21.542909,21.528931,21.462338,21.349943,21.203867,21.034705,20.84265,20.628966,20.391576,20.14933,19.909962,19.673438,19.439724,19.208786,18.980592,18.755108,18.532303,18.312146,18.094603,17.879645,17.66724,17.457359,17.249971,17.045047,16.842557,16.642473,16.444765)
Rsup
[32](0.67443306,0.56034553,1.4876621,6.468996,12.877005,10.502112,8.5652178,6.9855431,5.6972063,4.6475111,3.7903752,3.09132,2.5211909,2.0562101,1.9909495,1.7789739,1.4508795,1.1832952,0.96506126,0.78707596,0.64191631,0.52352832,0.42697451,0.34822802,0.33114699,2.3953824,2.9080101,2.3716887,1.9342805,1.577543,1.2865983,1.0493123)
Peso chuva 
[32](0.5,0.58053353,0.5,0.5526051,1.0330111,0.5,1.3489019,1.8254873,1.9436285,1.9488466,1.1102168,2,2,0.53888511,2,2,0.6476098,0.53574265,2,1.8217644,1.8934049,0.5,2,1.9927213,0.57239608,0.96789279,0.85022229,1.611215,2,1.9318165,0.6558268,1)
Previsao PMEDIA_ORIG
[13] (0,0.1,0.4,2.1,1.6,1.6,0.9,1.3,1.7,2.5,5.1,4.2,1.7916667)


Sub bacia: JordSeg
cef: 0.96588008
*dm: 0.07241576
ebin: 22.555074
mape: 0.063873887
somacoef: 1.9020062
supin: 0
Iteracoes: 10000
Iteracao otima: 9751
Tempo: 5.869 s

Qcal
[34](0,0,0,22.555074,23.325045,113.86469,163.4133,111.0735,78.916174,63.963304,52.505191,41.389589,34.939747,31.1887,28.975663,27.621425,27.903826,28.699919,27.24572,26.270083,25.548105,24.953959,24.417831,23.901233,23.382832,22.852494,22.312879,45.202409,57.530982,45.081521,35.25444,29.542951,26.46298,24.049999)
Rsolo
[34](0,0,45.78462,45.463786,60.299786,72.970848,72.799217,71.962066,72.529995,72.021995,69.428091,67.181134,64.97906,62.772579,60.691783,59.967198,59.490183,57.846267,56.138548,54.486329,52.927043,51.453266,50.030925,48.674808,47.387936,46.372555,53.097937,59.139569,58.94802,57.543088,56.439324,55.634179,54.00845,52.438796)
Rsub
[34](0,0,17.102035,16.711424,16.329734,16.333532,16.871468,17.388826,17.854338,18.336298,18.783012,19.09972,19.310768,19.425357,19.450295,19.396977,19.318825,19.22559,19.078066,18.878122,18.631499,18.344611,18.023095,17.671205,17.293246,16.898268,16.512311,16.278739,16.242683,16.200806,16.112255,15.989667,15.844334,15.652682)
Rsup
[34](0,0,0,0.053853482,3.8690185,5.9451468,3.7221138,2.345966,1.6936377,1.1868483,0.69635976,0.40857532,0.23972349,0.14065302,0.082525379,0.097306101,0.13498563,0.079200151,0.046469123,0.027264839,0.015997105,0.0093859853,0.0055070413,0.0032311476,0.001895812,0.0011123302,0.98163029,1.5111688,0.99146592,0.58197576,0.34752935,0.22523791,0.13215389,0.077538682)
Peso chuva 
[34](2,0.87475711,0.5,2,0.51307684,0.51789997,2,1.9896643,2,1.6920317,0.5,0.5,0.5,0.5,0.5,1.0730125,1.0341531,0.5,0.5,0.5,0.5,1.7351356,1.8478923,1.6721813,0.5401508,1.3757031,0.5,0.5,2,0.93051094,1.4161552,2,1.9748467,1)
Previsao PMEDIA_ORIG
[13] (0,0,0.3,1.5,2,1.4,1.3,1.4,1,3.1,6.4,5.4,1.9833333)


Sub bacia: SCaxias
cef: 0.98000555
*dm: 0.077590057
ebin: 53.992046
mape: 0.074969587
somacoef: 1.905036
supin: 15.655973
Iteracoes: 10000
Iteracao otima: 7414
Tempo: 5.616 s

Qcal
[32](0,69.648019,64.623875,94.442477,281.26624,354.33869,322.11819,256.16841,205.97349,167.67294,138.38532,115.91012,98.59147,85.156897,74.646233,82.569204,75.002062,66.260016,59.419651,54.025406,49.731916,46.277333,43.463108,41.138663,39.18978,69.005414,109.55823,120.52999,110.70661,91.038253,75.969383,64.39)
Rsolo
[32](74.055072,71.94715,75.518111,88.394914,97.108921,99.980592,97.029609,93.989828,91.458916,89.086278,87.004749,84.855927,82.685535,80.6845,82.452943,81.871043,79.935613,77.882835,75.892332,74.189531,72.394022,70.559002,68.732028,67.00391,71.250485,77.104146,80.777108,81.879217,80.079743,78.104388,76.172369,74.200049)
Rsub
[32](11.379065,11.119167,10.865204,10.617043,10.451849,10.419861,10.436047,10.403143,10.323426,10.207958,10.061579,9.8904454,9.6955237,9.4784285,9.2619409,9.0519758,8.8452284,8.6432031,8.445792,8.2528899,8.0643936,7.8802026,7.7002185,7.5243453,7.352489,7.1845579,7.0204624,6.8601148,6.7034296,6.550323,6.4007135,6.254521)
Rsup
[32](0.31123178,0.23586958,0.85260131,4.5899586,6.0581789,5.4206711,4.1081005,3.113358,2.3594842,1.7881546,1.3551678,1.0270251,0.7783395,0.58987104,0.76779536,0.63716989,0.48288448,0.365958,0.2773443,0.21018768,0.15929247,0.12072112,0.0914895,0.069336076,0.67826415,1.500271,1.7338617,1.5537033,1.1774869,0.89236822,0.67628865,0.51253096)
Peso chuva 
[32](2,2,2,0.62815802,1.0312014,2,2,0.5,0.57970978,0.5,0.5,0.5,0.57127163,0.5,1.4217375,1.3984587,0.5,0.5,0.5,0.51688398,0.56608933,0.66336669,0.56043102,0.50732436,2,0.5,0.73421546,1.5936498,2,2,2,1)
Previsao PMEDIA_ORIG
[13] (0,0,0.6,3.5,2.1,1.3,1.4,1.6,2.1,5.2,8.1,4.3,2.5166667)


Sub bacia: StaClara
cef: 0.99131869
*dm: 0.019931272
ebin: 18.843328
mape: 0.017941304
somacoef: 1.9733774
supin: 1.788632
Iteracoes: 10000
Iteracao otima: 9845
Tempo: 6.13 s

Qcal
[34](0,0,0,20.63196,19.832584,19.799738,19.865897,19.854462,18.910309,18.088947,17.366688,16.724695,16.147977,15.624603,15.145068,14.701792,14.288726,14.111567,13.704534,13.321754,12.962111,12.622105,12.298932,11.990336,11.694501,11.409957,11.160121,17.31044,27.60675,31.292454,27.434784,24.151883,21.205863,18.6)
Rsolo
[34](0,0,88.20396,86.32805,86.197833,86.226785,86.274634,84.604701,82.908135,81.24559,79.72319,78.271468,76.80923,75.351188,73.925501,72.802393,72.43433,71.518045,70.330924,69.155328,67.888756,66.596844,65.327544,64.082436,62.861059,62.19864,68.491597,77.463476,83.762184,83.966525,83.893157,83.456565,81.871492,80.311065)
Rsub
[34](0,0,18.221151,17.80498,17.398313,17.000935,16.612633,16.2332,15.862433,15.500135,15.146111,14.800174,14.462137,14.131822,13.80905,13.493651,13.185456,12.8843,12.590022,12.302465,12.021477,11.746906,11.478606,11.216434,10.960251,10.709918,10.465303,10.226275,9.9927069,9.7644732,9.5414523,9.3235252,9.1105756,8.9024898)
Rsup
[34](0,0,0.19148633,0.1519828,0.19348963,0.2445673,0.28633313,0.22726276,0.18037857,0.14316657,0.11363138,0.090189285,0.071583283,0.056815689,0.045094643,0.035791641,0.05094673,0.040712735,0.032313719,0.025647416,0.020356367,0.01615686,0.012823708,0.010178184,0.0080784298,0.0090467596,0.694566,1.823326,2.243767,1.8560432,1.5292756,1.2380097,0.98260894,0.77989723)
Peso chuva 
[34](0.5,1.236935,0.59777502,2,1.7459862,0.5,0.97401302,0.50059635,0.5,0.5,0.5,0.5003451,0.5,0.6048776,0.60273108,0.5,0.5,0.5,1.5305147,1.5742474,0.5,2,1.8931571,0.5,0.5,0.77520394,0.74995944,0.5,0.91994128,2,2,2,0.5,1)
Previsao PMEDIA_ORIG
[13] (0,0,0.3,1.9,0.9,2.1,0.9,1.2,1,4.3,5.2,4,1.8166667)


Sub bacia: UVitoria
cef: 0.96432381
*dm: 0.061359362
ebin: 41.328
mape: 0.049921747
somacoef: 1.9144021
supin: 69.526439
Iteracoes: 10000
Iteracao otima: 8828
Tempo: 5.956 s

Qcal
[34](0,0,0,110.85444,102.95797,107.02648,214.02713,320.1998,378.38778,358.07257,336.71207,305.35682,277.38897,252.43087,230.14816,210.2634,192.51773,176.6672,162.49581,149.81239,138.45293,128.27235,119.14128,110.94271,103.57474,96.946623,91.917958,86.585429,94.344108,96.324523,97.511284,95.083483,92.550254,86.999981)
Rsolo
[34](0,0,40.552112,39.367418,41.264956,52.112165,61.975376,68.714781,69.652937,70.090087,67.909119,65.704493,63.509452,61.768205,60.138051,58.59353,56.782685,54.865061,53.005875,51.227487,49.51805,47.811128,46.178012,44.613,43.154313,42.674797,41.855472,44.350669,45.701768,46.856497,46.968267,46.950187,45.415297,43.873129)
Rsub
[34](0,0,12.628114,12.533071,12.430977,12.343338,12.352189,12.476772,12.694951,12.924838,13.158767,13.356939,13.520787,13.652222,13.758904,13.843384,13.907718,13.949702,13.969339,13.968555,13.949385,13.913604,13.86226,13.797001,13.719305,13.630842,13.539707,13.443455,13.367745,13.304171,13.251368,13.200172,13.149414,13.085961)
Rsup
[34](0,0,2.2742546,2.0261305,2.1701434,5.6795857,9.1516146,11.041644,10.353764,9.6304385,8.5797453,7.6436841,6.8097484,6.0667961,5.4049324,4.8154163,4.2900482,3.8219984,3.4050135,3.0335222,2.702561,2.4077081,2.1450241,1.9109992,1.7025068,1.547486,1.3828118,1.6469071,1.7197927,1.7654182,1.6916559,1.6142729,1.4381537,1.2812492)
Peso chuva 
[34](0.5,0.91665592,2,0.5,1.9576161,0.93006053,1.4487238,1.221922,0.5,0.5,0.5,0.5,0.5,1.431832,1.604251,2,2,2,2,2,2,2,2,2,2,2,2,1.5345179,2,2,2,2,0.7609015,1)
Previsao PMEDIA_ORIG
[13] (0.2,0.1,0.4,1.2,1.4,1.7,0.7,2.4,2.6,4.2,4.9,4,1.9833333)


Tempo de execucao em: 30 s

Finalizando execucao: 25-03-2020 12:55:37

