00083766 13/12/2019 1200 0       
00083766 14/12/2019 1200 0.8     
00083766 15/12/2019 1200 35      
00083766 16/12/2019 1200 38      
00083766 17/12/2019 1200 75      
00083766 18/12/2019 1200 20      
00083766 19/12/2019 1200 2       
00083766 20/12/2019 1200 0.3     
00083766 21/12/2019 1200 41      
00083766 22/12/2019 1200 18      
00083766 23/12/2019 1200 0       
00083766 24/12/2019 1200 0       
00083766 25/12/2019 1200 0       
00083766 26/12/2019 1200 0       
00083766 27/12/2019 1200 0       
00083766 28/12/2019 1200 0       
00083766 29/12/2019 1200 0       
00083766 30/12/2019 1200 0       
00083766 31/12/2019 1200 0       
00083766 01/01/2020 1200 0       
00083766 02/01/2020 1200 1       
00083766 03/01/2020 1200 0       
00083766 04/01/2020 1200 8       
00083766 05/01/2020 0000 -       
00083766 06/01/2020 1200 0       
00083766 07/01/2020 1200 0       
00083766 08/01/2020 1200 41      
00083766 09/01/2020 1200 7       
00083766 10/01/2020 1200 0.6     
00083766 11/01/2020 1200 25      
00083766 12/01/2020 1200 0       
00083766 13/01/2020 1200 0       
00083766 14/01/2020 1200 0       
00083766 15/01/2020 1200 0       
00083766 16/01/2020 1200 0       
00083766 17/01/2020 1200 5       
00083766 18/01/2020 1200 0       
00083766 19/01/2020 1200 0       
00083766 20/01/2020 1200 0       
00083766 21/01/2020 1200 0       
00083766 22/01/2020 1200 0       
00083766 23/01/2020 1200 11      
00083766 24/01/2020 1200 5       
00083766 25/01/2020 1200 0       
00083766 26/01/2020 1200 0       
00083766 27/01/2020 1200 0       
