00083811 13/12/2019 1200 0       
00083811 14/12/2019 1200 0       
00083811 15/12/2019 0000 -       
00083811 16/12/2019 1200 23      
00083811 17/12/2019 1200 7       
00083811 18/12/2019 1200 2       
00083811 19/12/2019 1200 2       
00083811 20/12/2019 1200 93      
00083811 21/12/2019 1200 24      
00083811 22/12/2019 1200 0       
00083811 23/12/2019 1200 5       
00083811 24/12/2019 1200 0       
00083811 25/12/2019 1200 0       
00083811 26/12/2019 1200 0       
00083811 27/12/2019 1200 0       
00083811 28/12/2019 1200 0       
00083811 29/12/2019 1200 0       
00083811 30/12/2019 1200 0       
00083811 31/12/2019 1200 0       
00083811 01/01/2020 1200 0       
00083811 02/01/2020 1200 0       
00083811 03/01/2020 1200 5       
00083811 04/01/2020 1200 0       
00083811 05/01/2020 0000 -       
00083811 06/01/2020 1200 4.2     
00083811 07/01/2020 1200 0       
00083811 08/01/2020 1200 7       
00083811 09/01/2020 1200 0       
00083811 10/01/2020 1200 6       
00083811 11/01/2020 1200 19      
00083811 12/01/2020 1200 0       
00083811 13/01/2020 1200 27      
00083811 14/01/2020 1200 0       
00083811 15/01/2020 1200 0       
00083811 16/01/2020 1200 0       
00083811 17/01/2020 1200 30      
00083811 18/01/2020 1200 0       
00083811 19/01/2020 0000 -       
00083811 20/01/2020 1200 0       
00083811 21/01/2020 1200 0       
00083811 22/01/2020 1200 0       
00083811 23/01/2020 1200 4       
00083811 24/01/2020 1200 0       
00083811 25/01/2020 1200 0       
00083811 26/01/2020 0000 -       
00083811 27/01/2020 1200 0       
