02249109 13/12/2019 1000 0       
02249109 14/12/2019 1000 0       
02249109 15/12/2019 1000 0.8     
02249109 16/12/2019 1000 0       
02249109 17/12/2019 1000 39.5    
02249109 18/12/2019 1000 3.3     
02249109 19/12/2019 1000 4.8     
02249109 20/12/2019 1000 0       
02249109 21/12/2019 1000 18      
02249109 22/12/2019 1000 8.5     
02249109 23/12/2019 1000 12.5    
02249109 24/12/2019 1000 0.5     
02249109 25/12/2019 1000 0       
02249109 26/12/2019 1000 0       
02249109 27/12/2019 1000 0       
02249109 28/12/2019 1000 0       
02249109 29/12/2019 1000 0       
02249109 30/12/2019 1000 0       
02249109 31/12/2019 1000 0       
02249109 01/01/2020 1000 0       
02249109 02/01/2020 1000 0       
02249109 03/01/2020 1000 3.5     
02249109 04/01/2020 1000 2.3     
02249109 05/01/2020 1000 9.5     
02249109 06/01/2020 1000 4.8     
02249109 07/01/2020 1000 0       
02249109 08/01/2020 1000 28.5    
02249109 09/01/2020 1000 10      
02249109 10/01/2020 1000 0       
02249109 11/01/2020 1000 4.3     
02249109 12/01/2020 1000 4.3     
02249109 13/01/2020 1000 19.3    
02249109 14/01/2020 1000 1.5     
02249109 15/01/2020 1000 0       
02249109 16/01/2020 1000 0       
02249109 17/01/2020 1000 8.5     
02249109 18/01/2020 1000 0       
02249109 19/01/2020 1000 0       
02249109 20/01/2020 1000 0       
02249109 21/01/2020 1000 0       
02249109 22/01/2020 1000 0       
02249109 23/01/2020 1000 5       
02249109 24/01/2020 1000 9.8     
02249109 25/01/2020 1000 0       
02249109 26/01/2020 1000 0       
02249109 27/01/2020 1000 0       
