02250090 13/12/2019 1000 0       
02250090 14/12/2019 1000 0       
02250090 15/12/2019 1000 2       
02250090 16/12/2019 1000 0       
02250090 17/12/2019 1000 25      
02250090 18/12/2019 1000 2       
02250090 19/12/2019 1000 2       
02250090 20/12/2019 1000 0       
02250090 21/12/2019 1000 57.3    
02250090 22/12/2019 1000 4.5     
02250090 23/12/2019 1000 10.3    
02250090 24/12/2019 1000 0       
02250090 25/12/2019 1000 0       
02250090 26/12/2019 1000 0       
02250090 27/12/2019 1000 0       
02250090 28/12/2019 1000 0       
02250090 29/12/2019 1000 0       
02250090 30/12/2019 1000 0       
02250090 31/12/2019 1000 0       
02250090 01/01/2020 1000 0       
02250090 02/01/2020 1000 0       
02250090 03/01/2020 1000 5.3     
02250090 04/01/2020 1000 2.5     
02250090 05/01/2020 1000 46.8    
02250090 06/01/2020 1000 5.8     
02250090 07/01/2020 1000 0       
02250090 08/01/2020 1000 50.3    
02250090 09/01/2020 1000 0       
02250090 10/01/2020 1000 0.5     
02250090 11/01/2020 1000 0       
02250090 12/01/2020 1000 0       
02250090 13/01/2020 1000 20.3    
02250090 14/01/2020 1000 0.3     
02250090 15/01/2020 1000 0       
02250090 16/01/2020 1000 0       
02250090 17/01/2020 1000 25      
02250090 18/01/2020 1000 0       
02250090 19/01/2020 1000 0       
02250090 20/01/2020 1000 0       
02250090 21/01/2020 1000 0       
02250090 22/01/2020 1000 0       
02250090 23/01/2020 1000 4       
02250090 24/01/2020 1000 13.3    
02250090 25/01/2020 1000 0       
02250090 26/01/2020 1000 0       
02250090 27/01/2020 1000 0       
