02252049 13/12/2019 1000 0       
02252049 14/12/2019 1000 1.5     
02252049 15/12/2019 1000 38      
02252049 16/12/2019 1000 0.3     
02252049 17/12/2019 1000 109.8   
02252049 18/12/2019 1000 13      
02252049 19/12/2019 1000 9.5     
02252049 20/12/2019 1000 3.3     
02252049 21/12/2019 1000 24.8    
02252049 22/12/2019 1000 17      
02252049 23/12/2019 1000 0       
02252049 24/12/2019 1000 0       
02252049 25/12/2019 1000 0       
02252049 26/12/2019 1000 0       
02252049 27/12/2019 1000 0       
02252049 28/12/2019 1000 0       
02252049 29/12/2019 1000 0       
02252049 30/12/2019 1000 0       
02252049 31/12/2019 1000 0       
02252049 01/01/2020 1000 0       
02252049 02/01/2020 1000 4.3     
02252049 03/01/2020 1000 5       
02252049 04/01/2020 1000 6.5     
02252049 05/01/2020 1000 5.5     
02252049 06/01/2020 1000 3.3     
02252049 07/01/2020 1000 5       
02252049 08/01/2020 1000 20.5    
02252049 09/01/2020 1000 3.5     
02252049 10/01/2020 1000 39.3    
02252049 11/01/2020 1000 1.3     
02252049 12/01/2020 1000 0       
02252049 13/01/2020 1000 35.5    
02252049 14/01/2020 1000 0.5     
02252049 15/01/2020 1000 0       
02252049 16/01/2020 1000 0       
02252049 17/01/2020 1000 10      
02252049 18/01/2020 1000 0       
02252049 19/01/2020 1000 0       
02252049 20/01/2020 1000 0       
02252049 21/01/2020 1000 0       
02252049 22/01/2020 1000 0       
02252049 23/01/2020 1000 15.5    
02252049 24/01/2020 1000 10.3    
02252049 25/01/2020 1000 0       
02252049 26/01/2020 1000 0       
02252049 27/01/2020 1000 0       
