02349077 13/12/2019 1000 0.3     
02349077 14/12/2019 1000 0       
02349077 15/12/2019 1000 0.8     
02349077 16/12/2019 1000 0       
02349077 17/12/2019 1000 29.3    
02349077 18/12/2019 1000 4.5     
02349077 19/12/2019 1000 0       
02349077 20/12/2019 1000 0       
02349077 21/12/2019 1000 32.8    
02349077 22/12/2019 1000 1.3     
02349077 23/12/2019 1000 4.3     
02349077 24/12/2019 1000 0       
02349077 25/12/2019 1000 0.3     
02349077 26/12/2019 1000 0       
02349077 27/12/2019 1000 0       
02349077 28/12/2019 1000 0       
02349077 29/12/2019 1000 0       
02349077 30/12/2019 1000 0       
02349077 31/12/2019 1000 0       
02349077 01/01/2020 1000 0       
02349077 02/01/2020 1000 0       
02349077 03/01/2020 1000 5       
02349077 04/01/2020 1000 0       
02349077 05/01/2020 1000 2       
02349077 06/01/2020 1000 10      
02349077 07/01/2020 1000 0.3     
02349077 08/01/2020 1000 16.5    
02349077 09/01/2020 1000 5.3     
02349077 10/01/2020 1000 15      
02349077 11/01/2020 1000 0       
02349077 12/01/2020 1000 0       
02349077 13/01/2020 1000 18.3    
02349077 14/01/2020 1000 0       
02349077 15/01/2020 1000 0       
02349077 16/01/2020 1000 0       
02349077 17/01/2020 1000 5       
02349077 18/01/2020 1000 0       
02349077 19/01/2020 1000 0       
02349077 20/01/2020 1000 0       
02349077 21/01/2020 1000 0       
02349077 22/01/2020 1000 0       
02349077 23/01/2020 1000 2.8     
02349077 24/01/2020 1000 4.3     
02349077 25/01/2020 1000 0       
02349077 26/01/2020 1000 0       
02349077 27/01/2020 1000 0       
