02349041 13/12/2019 1000 0       
02349041 14/12/2019 1000 0       
02349041 15/12/2019 1000 0       
02349041 16/12/2019 1000 0.3     
02349041 17/12/2019 1000 12.3    
02349041 18/12/2019 1000 4.5     
02349041 19/12/2019 1000 0.3     
02349041 20/12/2019 1000 5.5     
02349041 21/12/2019 1000 32.5    
02349041 22/12/2019 1000 5.5     
02349041 23/12/2019 1000 5.8     
02349041 24/12/2019 1000 0       
02349041 25/12/2019 1000 0       
02349041 26/12/2019 1000 0       
02349041 27/12/2019 1000 0       
02349041 28/12/2019 1000 0       
02349041 29/12/2019 1000 0       
02349041 30/12/2019 1000 0       
02349041 31/12/2019 1000 0       
02349041 01/01/2020 1000 0       
02349041 02/01/2020 1000 0       
02349041 03/01/2020 1000 9.3     
02349041 04/01/2020 1000 0.3     
02349041 05/01/2020 1000 0.5     
02349041 06/01/2020 1000 8.5     
02349041 07/01/2020 1000 0       
02349041 08/01/2020 1000 14.3    
02349041 09/01/2020 1000 4       
02349041 10/01/2020 1000 25.5    
02349041 11/01/2020 1000 1       
02349041 12/01/2020 1000 0       
02349041 13/01/2020 1000 24.3    
02349041 14/01/2020 1000 0       
02349041 15/01/2020 1000 0       
02349041 16/01/2020 1000 0       
02349041 17/01/2020 1000 6.8     
02349041 18/01/2020 1000 0       
02349041 19/01/2020 1000 0       
02349041 20/01/2020 1000 0       
02349041 21/01/2020 1000 0       
02349041 22/01/2020 1000 0       
02349041 23/01/2020 1000 2       
02349041 24/01/2020 1000 6       
02349041 25/01/2020 1000 0       
02349041 26/01/2020 1000 0       
02349041 27/01/2020 1000 0       
