02348090 13/12/2019 1000 0       
02348090 14/12/2019 1000 0       
02348090 15/12/2019 1000 0       
02348090 16/12/2019 1000 3.3     
02348090 17/12/2019 1000 15      
02348090 18/12/2019 1000 1.8     
02348090 19/12/2019 1000 4.5     
02348090 20/12/2019 1000 5.3     
02348090 21/12/2019 1000 28.8    
02348090 22/12/2019 1000 9       
02348090 23/12/2019 1000 4.5     
02348090 24/12/2019 1000 0       
02348090 25/12/2019 1000 0       
02348090 26/12/2019 1000 0       
02348090 27/12/2019 1000 0       
02348090 28/12/2019 1000 0       
02348090 29/12/2019 1000 0       
02348090 30/12/2019 1000 0       
02348090 31/12/2019 1000 0       
02348090 01/01/2020 1000 0       
02348090 02/01/2020 1000 0       
02348090 03/01/2020 1000 17.3    
02348090 04/01/2020 1000 4       
02348090 05/01/2020 1000 9.5     
02348090 06/01/2020 1000 2.3     
02348090 07/01/2020 1000 0       
02348090 08/01/2020 1000 16.3    
02348090 09/01/2020 1000 5.8     
02348090 10/01/2020 1000 11.8    
02348090 11/01/2020 1000 2.3     
02348090 12/01/2020 1000 0       
02348090 13/01/2020 1000 6       
02348090 14/01/2020 1000 0       
02348090 15/01/2020 1000 0       
02348090 16/01/2020 1000 0       
02348090 17/01/2020 1000 1.5     
02348090 18/01/2020 1000 0       
02348090 19/01/2020 1000 0       
02348090 20/01/2020 1000 0       
02348090 21/01/2020 1000 0       
02348090 22/01/2020 1000 0       
02348090 23/01/2020 1000 1.3     
02348090 24/01/2020 1000 17.8    
02348090 25/01/2020 1000 0       
02348090 26/01/2020 1000 0       
02348090 27/01/2020 1000 0       
