02348034 13/12/2019 1000 0       
02348034 14/12/2019 1000 0       
02348034 15/12/2019 1000 2       
02348034 16/12/2019 1000 0.3     
02348034 17/12/2019 1000 14.8    
02348034 18/12/2019 1000 8.3     
02348034 19/12/2019 1000 0.5     
02348034 20/12/2019 1000 0       
02348034 21/12/2019 1000 28.5    
02348034 22/12/2019 1000 0       
02348034 23/12/2019 1000 0.3     
02348034 24/12/2019 1000 0.5     
02348034 25/12/2019 1000 0       
02348034 26/12/2019 1000 0       
02348034 27/12/2019 1000 0       
02348034 28/12/2019 1000 0       
02348034 29/12/2019 1000 0       
02348034 30/12/2019 1000 0       
02348034 31/12/2019 1000 0       
02348034 01/01/2020 1000 0       
02348034 02/01/2020 1000 0.3     
02348034 03/01/2020 1000 5.3     
02348034 04/01/2020 1000 2       
02348034 05/01/2020 1000 2       
02348034 06/01/2020 1000 15      
02348034 07/01/2020 1000 0       
02348034 08/01/2020 1000 1       
02348034 09/01/2020 1000 18.5    
02348034 10/01/2020 1000 9.3     
02348034 11/01/2020 1000 0       
02348034 12/01/2020 1000 2.8     
02348034 13/01/2020 1000 11      
02348034 14/01/2020 1000 2.8     
02348034 15/01/2020 1000 0       
02348034 16/01/2020 1000 0       
02348034 17/01/2020 1000 5       
02348034 18/01/2020 1000 0       
02348034 19/01/2020 1000 0       
02348034 20/01/2020 1000 0       
02348034 21/01/2020 1000 0       
02348034 22/01/2020 1000 0       
02348034 23/01/2020 1000 7.8     
02348034 24/01/2020 1000 5       
02348034 25/01/2020 1000 0       
02348034 26/01/2020 1000 0       
02348034 27/01/2020 1000 0       
