02350002 13/12/2019 1000 0       
02350002 14/12/2019 1000 0.3     
02350002 15/12/2019 1000 3.3     
02350002 16/12/2019 1000 5       
02350002 17/12/2019 1000 14.5    
02350002 18/12/2019 1000 0.3     
02350002 19/12/2019 1000 0.3     
02350002 20/12/2019 1000 0       
02350002 21/12/2019 1000 8.8     
02350002 22/12/2019 1000 4       
02350002 23/12/2019 1000 5.3     
02350002 24/12/2019 1000 0       
02350002 25/12/2019 1000 0       
02350002 26/12/2019 1000 0       
02350002 27/12/2019 1000 0       
02350002 28/12/2019 1000 0       
02350002 29/12/2019 1000 0       
02350002 30/12/2019 1000 0       
02350002 31/12/2019 1000 0       
02350002 01/01/2020 1000 0       
02350002 02/01/2020 1000 0       
02350002 03/01/2020 1000 8.3     
02350002 04/01/2020 1000 1       
02350002 05/01/2020 1000 14.3    
02350002 06/01/2020 1000 4.3     
02350002 07/01/2020 1000 0       
02350002 08/01/2020 1000 26.3    
02350002 09/01/2020 1000 2.5     
02350002 10/01/2020 1000 2.8     
02350002 11/01/2020 1000 0       
02350002 12/01/2020 1000 2       
02350002 13/01/2020 1000 7.8     
02350002 14/01/2020 1000 0.3     
02350002 15/01/2020 1000 0       
02350002 16/01/2020 1000 0       
02350002 17/01/2020 1000 0       
02350002 18/01/2020 1000 0       
02350002 19/01/2020 1000 0       
02350002 20/01/2020 1000 0       
02350002 21/01/2020 1000 0       
02350002 22/01/2020 1000 0       
02350002 23/01/2020 1000 4.5     
02350002 24/01/2020 1000 3.5     
02350002 25/01/2020 1000 0       
02350002 26/01/2020 1000 0       
02350002 27/01/2020 1000 0       
