02448071 13/12/2019 1000 0.8     
02448071 14/12/2019 1000 4       
02448071 15/12/2019 1000 2.8     
02448071 16/12/2019 1000 0       
02448071 17/12/2019 1000 43      
02448071 18/12/2019 1000 21.8    
02448071 19/12/2019 1000 11.5    
02448071 20/12/2019 1000 0.8     
02448071 21/12/2019 1000 16.5    
02448071 22/12/2019 1000 1.8     
02448071 23/12/2019 1000 0       
02448071 24/12/2019 1000 11.3    
02448071 25/12/2019 1000 0.3     
02448071 26/12/2019 1000 0       
02448071 27/12/2019 1000 0       
02448071 28/12/2019 1000 0       
02448071 29/12/2019 1000 0       
02448071 30/12/2019 1000 0       
02448071 31/12/2019 1000 0       
02448071 01/01/2020 1000 0       
02448071 02/01/2020 1000 5.5     
02448071 03/01/2020 1000 26.3    
02448071 04/01/2020 1000 2.3     
02448071 05/01/2020 1000 29.5    
02448071 06/01/2020 1000 0       
02448071 07/01/2020 1000 0       
02448071 08/01/2020 1000 2.3     
02448071 09/01/2020 1000 48.3    
02448071 10/01/2020 1000 6       
02448071 11/01/2020 1000 2.3     
02448071 12/01/2020 1000 5.5     
02448071 13/01/2020 1000 2       
02448071 14/01/2020 1000 0       
02448071 15/01/2020 1000 0       
02448071 16/01/2020 1000 0.5     
02448071 17/01/2020 1000 33.5    
02448071 18/01/2020 1000 13.5    
02448071 19/01/2020 1000 4       
02448071 20/01/2020 1000 6.8     
02448071 21/01/2020 1000 0       
02448071 22/01/2020 1000 0       
02448071 23/01/2020 1000 4.5     
02448071 24/01/2020 1000 8.8     
02448071 25/01/2020 1000 1       
02448071 26/01/2020 1000 0       
02448071 27/01/2020 1000 0       
