02448072 13/12/2019 1000 0       
02448072 14/12/2019 1000 0       
02448072 15/12/2019 1000 0       
02448072 16/12/2019 1000 3.3     
02448072 17/12/2019 1000 35.8    
02448072 18/12/2019 1000 52.3    
02448072 19/12/2019 1000 0       
02448072 20/12/2019 1000 0       
02448072 21/12/2019 1000 49.5    
02448072 22/12/2019 1000 5       
02448072 23/12/2019 1000 0.3     
02448072 24/12/2019 1000 3.5     
02448072 25/12/2019 1000 0       
02448072 26/12/2019 1000 0       
02448072 27/12/2019 1000 0       
02448072 28/12/2019 1000 0       
02448072 29/12/2019 1000 0       
02448072 30/12/2019 1000 0       
02448072 31/12/2019 1000 0       
02448072 01/01/2020 1000 0       
02448072 02/01/2020 1000 0       
02448072 03/01/2020 1000 11.5    
02448072 04/01/2020 1000 2.5     
02448072 05/01/2020 1000 4.5     
02448072 06/01/2020 1000 0       
02448072 07/01/2020 1000 0       
02448072 08/01/2020 1000 12.5    
02448072 09/01/2020 1000 4.8     
02448072 10/01/2020 1000 3       
02448072 11/01/2020 1000 0.3     
02448072 12/01/2020 1000 0       
02448072 13/01/2020 1000 55.5    
02448072 14/01/2020 1000 0       
02448072 15/01/2020 1000 0       
02448072 16/01/2020 1000 0       
02448072 17/01/2020 1000 17      
02448072 18/01/2020 1000 3.3     
02448072 19/01/2020 1000 0       
02448072 20/01/2020 1000 0       
02448072 21/01/2020 1000 0       
02448072 22/01/2020 1000 0       
02448072 23/01/2020 1000 0.8     
02448072 24/01/2020 1000 0       
02448072 25/01/2020 1000 0       
02448072 26/01/2020 1000 0       
02448072 27/01/2020 1000 0       
