02449067 13/12/2019 1000 0       
02449067 14/12/2019 1000 0       
02449067 15/12/2019 1000 0.3     
02449067 16/12/2019 1000 12.5    
02449067 17/12/2019 1000 41.5    
02449067 18/12/2019 1000 18      
02449067 19/12/2019 1000 0.8     
02449067 20/12/2019 1000 0       
02449067 21/12/2019 1000 1       
02449067 22/12/2019 1000 0.8     
02449067 23/12/2019 1000 0.5     
02449067 24/12/2019 1000 0       
02449067 25/12/2019 1000 0       
02449067 26/12/2019 1000 0       
02449067 27/12/2019 1000 0       
02449067 28/12/2019 1000 0       
02449067 29/12/2019 1000 0       
02449067 30/12/2019 1000 0       
02449067 31/12/2019 1000 0       
02449067 01/01/2020 1000 0       
02449067 02/01/2020 1000 0       
02449067 03/01/2020 1000 8.3     
02449067 04/01/2020 1000 0.8     
02449067 05/01/2020 1000 3.3     
02449067 06/01/2020 1000 0       
02449067 07/01/2020 1000 0       
02449067 08/01/2020 1000 6.8     
02449067 09/01/2020 1000 1.8     
02449067 10/01/2020 1000 1       
02449067 11/01/2020 1000 0       
02449067 12/01/2020 1000 13.5    
02449067 13/01/2020 1000 13.3    
02449067 14/01/2020 1000 0       
02449067 15/01/2020 1000 0       
02449067 16/01/2020 1000 3       
02449067 17/01/2020 1000 8.3     
02449067 18/01/2020 1000 0       
02449067 19/01/2020 1000 0       
02449067 20/01/2020 1000 0       
02449067 21/01/2020 1000 0       
02449067 22/01/2020 1000 0       
02449067 23/01/2020 1000 4       
02449067 24/01/2020 1000 4.5     
02449067 25/01/2020 1000 0       
02449067 26/01/2020 1000 0       
02449067 27/01/2020 1000 0       
