02450061 13/12/2019 1000 0       
02450061 14/12/2019 1000 9.5     
02450061 15/12/2019 1000 4.5     
02450061 16/12/2019 1000 13.5    
02450061 17/12/2019 1000 36      
02450061 18/12/2019 1000 15.5    
02450061 19/12/2019 1000 5.8     
02450061 20/12/2019 1000 0.3     
02450061 21/12/2019 1000 11.5    
02450061 22/12/2019 1000 0       
02450061 23/12/2019 1000 0       
02450061 24/12/2019 1000 0       
02450061 25/12/2019 1000 0       
02450061 26/12/2019 1000 0       
02450061 27/12/2019 1000 0       
02450061 28/12/2019 1000 0       
02450061 29/12/2019 1000 1.3     
02450061 30/12/2019 1000 0       
02450061 31/12/2019 1000 0       
02450061 01/01/2020 1000 0       
02450061 02/01/2020 1000 0.3     
02450061 03/01/2020 1000 0       
02450061 04/01/2020 1000 0       
02450061 05/01/2020 1000 0.3     
02450061 06/01/2020 1000 0       
02450061 07/01/2020 1000 0       
02450061 08/01/2020 1000 46.5    
02450061 09/01/2020 1000 1       
02450061 10/01/2020 1000 9.5     
02450061 11/01/2020 1000 5.5     
02450061 12/01/2020 1000 2.3     
02450061 13/01/2020 1000 6       
02450061 14/01/2020 1000 0       
02450061 15/01/2020 1000 0       
02450061 16/01/2020 1000 0.3     
02450061 17/01/2020 1000 10      
02450061 18/01/2020 1000 0       
02450061 19/01/2020 1000 0       
02450061 20/01/2020 1000 0       
02450061 21/01/2020 1000 0       
02450061 22/01/2020 1000 0       
02450061 23/01/2020 1000 10.5    
02450061 24/01/2020 1000 1.8     
02450061 25/01/2020 1000 0       
02450061 26/01/2020 1000 0       
02450061 27/01/2020 1000 0       
