99990835 13/12/2019 1200 0       
99990835 14/12/2019 1200 0       
99990835 15/12/2019 1200 17.2    
99990835 16/12/2019 1200 37.2    
99990835 17/12/2019 1200 21.4    
99990835 18/12/2019 1200 22.8    
99990835 19/12/2019 1200 2.6     
99990835 20/12/2019 1200 34.6    
99990835 21/12/2019 1200 11.8    
99990835 22/12/2019 1200 21.6    
99990835 23/12/2019 1200 8.2     
99990835 24/12/2019 1200 0       
99990835 25/12/2019 1200 0       
99990835 26/12/2019 1200 0       
99990835 27/12/2019 1200 0       
99990835 28/12/2019 1200 0       
99990835 29/12/2019 1200 0       
99990835 30/12/2019 1200 20      
99990835 31/12/2019 1200 0       
99990835 01/01/2020 1200 0       
99990835 02/01/2020 1200 0.8     
99990835 03/01/2020 1200 0.2     
99990835 04/01/2020 1200 19.8    
99990835 05/01/2020 1200 9       
99990835 06/01/2020 1200 0       
99990835 07/01/2020 1200 4.2     
99990835 08/01/2020 1200 48.6    
99990835 09/01/2020 1200 0.4     
99990835 10/01/2020 1200 24.6    
99990835 11/01/2020 1200 3.2     
99990835 12/01/2020 1200 0.2     
99990835 13/01/2020 1200 11.2    
99990835 14/01/2020 1200 0       
99990835 15/01/2020 1200 0       
99990835 16/01/2020 1200 3.4     
99990835 17/01/2020 1200 15      
99990835 18/01/2020 1200 0       
99990835 19/01/2020 1200 0       
99990835 20/01/2020 1200 0       
99990835 21/01/2020 1200 0       
99990835 22/01/2020 1200 0       
99990835 23/01/2020 1200 6       
99990835 24/01/2020 1200 1.8     
99990835 25/01/2020 1200 0       
99990835 26/01/2020 1200 0       
99990835 27/01/2020 1200 0       
