99990716 13/12/2019 1200 0.2     
99990716 14/12/2019 1200 0.8     
99990716 15/12/2019 1200 0.6     
99990716 16/12/2019 1200 0       
99990716 17/12/2019 1200 12      
99990716 18/12/2019 1200 0.6     
99990716 19/12/2019 1200 0       
99990716 20/12/2019 1200 0       
99990716 21/12/2019 1200 34.4    
99990716 22/12/2019 1200 0.6     
99990716 23/12/2019 1200 23      
99990716 24/12/2019 1200 0       
99990716 25/12/2019 1200 0       
99990716 26/12/2019 1200 0       
99990716 27/12/2019 1200 0       
99990716 28/12/2019 1200 0       
99990716 29/12/2019 1200 0       
99990716 30/12/2019 1200 0       
99990716 31/12/2019 1200 0       
99990716 01/01/2020 1200 0       
99990716 02/01/2020 1200 0       
99990716 03/01/2020 1200 2.4     
99990716 04/01/2020 1200 2.8     
99990716 05/01/2020 1200 6       
99990716 06/01/2020 1200 7.6     
99990716 07/01/2020 1200 0       
99990716 08/01/2020 1200 16.2    
99990716 09/01/2020 1200 2.2     
99990716 10/01/2020 1200 0.2     
99990716 11/01/2020 1200 2       
99990716 12/01/2020 1200 0.2     
99990716 13/01/2020 1200 12.4    
99990716 14/01/2020 1200 0       
99990716 15/01/2020 1200 0       
99990716 16/01/2020 1200 0       
99990716 17/01/2020 1200 0       
99990716 18/01/2020 1200 0       
99990716 19/01/2020 1200 0       
99990716 20/01/2020 1200 0       
99990716 21/01/2020 1200 0       
99990716 22/01/2020 1200 0       
99990716 23/01/2020 1200 13      
99990716 24/01/2020 1200 0.6     
99990716 25/01/2020 1200 0       
99990716 26/01/2020 1200 0       
99990716 27/01/2020 1200 0       
