99990842 13/12/2019 1200 0.2     
99990842 14/12/2019 1200 2       
99990842 15/12/2019 1200 7       
99990842 16/12/2019 1200 1.8     
99990842 17/12/2019 1200 97.6    
99990842 18/12/2019 1200 6.2     
99990842 19/12/2019 1200 0.2     
99990842 20/12/2019 1200 0       
99990842 21/12/2019 1200 41.2    
99990842 22/12/2019 1200 9.2     
99990842 23/12/2019 1200 0.2     
99990842 24/12/2019 1200 0       
99990842 25/12/2019 1200 0       
99990842 26/12/2019 1200 0       
99990842 27/12/2019 1200 0       
99990842 28/12/2019 1200 0       
99990842 29/12/2019 1200 0       
99990842 30/12/2019 1200 0       
99990842 31/12/2019 1200 0       
99990842 01/01/2020 1200 0       
99990842 02/01/2020 1200 0       
99990842 03/01/2020 1200 13.8    
99990842 04/01/2020 1200 0       
99990842 05/01/2020 1200 0       
99990842 06/01/2020 1200 0       
99990842 07/01/2020 1200 0       
99990842 08/01/2020 1200 41.8    
99990842 09/01/2020 1200 2.4     
99990842 10/01/2020 1200 0.6     
99990842 11/01/2020 1200 5.4     
99990842 12/01/2020 1200 0.4     
99990842 13/01/2020 1200 0       
99990842 14/01/2020 1200 0.2     
99990842 15/01/2020 1200 0       
99990842 16/01/2020 1200 0       
99990842 17/01/2020 1200 2.4     
99990842 18/01/2020 1200 0       
99990842 19/01/2020 1200 0       
99990842 20/01/2020 1200 0       
99990842 21/01/2020 1200 0       
99990842 22/01/2020 1200 0       
99990842 23/01/2020 1200 12      
99990842 24/01/2020 1200 7.2     
99990842 25/01/2020 1200 0.2     
99990842 26/01/2020 1200 0.2     
99990842 27/01/2020 1200 0       
