99990715 13/12/2019 1200 0       
99990715 14/12/2019 1200 0       
99990715 15/12/2019 1200 5       
99990715 16/12/2019 1200 0.2     
99990715 17/12/2019 1200 16.4    
99990715 18/12/2019 1200 28      
99990715 19/12/2019 1200 0       
99990715 20/12/2019 1200 0       
99990715 21/12/2019 1200 14.8    
99990715 22/12/2019 1200 2.6     
99990715 23/12/2019 1200 0.2     
99990715 24/12/2019 1200 17      
99990715 25/12/2019 1200 0.2     
99990715 26/12/2019 1200 0.2     
99990715 27/12/2019 1200 0       
99990715 28/12/2019 1200 0.2     
99990715 29/12/2019 1200 0       
99990715 30/12/2019 1200 0       
99990715 31/12/2019 1200 0       
99990715 01/01/2020 1200 0.2     
99990715 02/01/2020 1200 24.2    
99990715 03/01/2020 1200 26.8    
99990715 04/01/2020 1200 0.6     
99990715 05/01/2020 1200 0.4     
99990715 06/01/2020 1200 1       
99990715 07/01/2020 0000 -       
99990715 08/01/2020 1200 0.6     
99990715 09/01/2020 1200 8.2     
99990715 10/01/2020 1200 56.2    
99990715 11/01/2020 1200 0       
99990715 12/01/2020 1200 0       
99990715 13/01/2020 1200 0.2     
99990715 14/01/2020 1200 0.2     
99990715 15/01/2020 1200 0       
99990715 16/01/2020 1200 0.4     
99990715 17/01/2020 1200 14      
99990715 18/01/2020 1200 0.6     
99990715 19/01/2020 1200 0       
99990715 20/01/2020 1200 0       
99990715 21/01/2020 1200 0       
99990715 22/01/2020 1200 0       
99990715 23/01/2020 1200 2       
99990715 24/01/2020 1200 0.4     
99990715 25/01/2020 1200 0.2     
99990715 26/01/2020 1200 0       
99990715 27/01/2020 1200 0.2     
