99990819 13/12/2019 1200 0.6     
99990819 14/12/2019 1200 0.2     
99990819 15/12/2019 1200 0       
99990819 16/12/2019 1200 15.4    
99990819 17/12/2019 1200 14      
99990819 18/12/2019 1200 7.2     
99990819 19/12/2019 1200 7.4     
99990819 20/12/2019 1200 0       
99990819 21/12/2019 1200 14.4    
99990819 22/12/2019 1200 2.8     
99990819 23/12/2019 1200 0       
99990819 24/12/2019 1200 0       
99990819 25/12/2019 1200 2.2     
99990819 26/12/2019 1200 0       
99990819 27/12/2019 1200 0       
99990819 28/12/2019 1200 0       
99990819 29/12/2019 1200 0       
99990819 30/12/2019 1200 0       
99990819 31/12/2019 1200 0       
99990819 01/01/2020 1200 0       
99990819 02/01/2020 1200 0       
99990819 03/01/2020 1200 0.6     
99990819 04/01/2020 1200 0       
99990819 05/01/2020 1200 0       
99990819 06/01/2020 1200 1       
99990819 07/01/2020 1200 0       
99990819 08/01/2020 1200 3.2     
99990819 09/01/2020 1200 0.4     
99990819 10/01/2020 1200 1.6     
99990819 11/01/2020 1200 2.6     
99990819 12/01/2020 1200 19.2    
99990819 13/01/2020 1200 43      
99990819 14/01/2020 1200 0       
99990819 15/01/2020 1200 2.4     
99990819 16/01/2020 1200 4       
99990819 17/01/2020 1200 12.2    
99990819 18/01/2020 1200 0       
99990819 19/01/2020 1200 0.2     
99990819 20/01/2020 1200 0.2     
99990819 21/01/2020 1200 0       
99990819 22/01/2020 1200 0       
99990819 23/01/2020 1200 2.6     
99990819 24/01/2020 1200 3       
99990819 25/01/2020 1200 0       
99990819 26/01/2020 1200 0       
99990819 27/01/2020 1200 0       
