99990821 13/12/2019 1200 0       
99990821 14/12/2019 1200 0.8     
99990821 15/12/2019 1200 31.4    
99990821 16/12/2019 1200 0.2     
99990821 17/12/2019 1200 48.6    
99990821 18/12/2019 1200 1.2     
99990821 19/12/2019 1200 0       
99990821 20/12/2019 1200 0       
99990821 21/12/2019 1200 36.4    
99990821 22/12/2019 1200 6.6     
99990821 23/12/2019 1200 0       
99990821 24/12/2019 1200 0       
99990821 25/12/2019 1200 0       
99990821 26/12/2019 1200 0       
99990821 27/12/2019 1200 0       
99990821 28/12/2019 1200 0       
99990821 29/12/2019 1200 0       
99990821 30/12/2019 1200 0       
99990821 31/12/2019 1200 0       
99990821 01/01/2020 1200 0       
99990821 02/01/2020 1200 2.6     
99990821 03/01/2020 1200 34.2    
99990821 04/01/2020 1200 0       
99990821 05/01/2020 1200 0       
99990821 06/01/2020 1200 7.8     
99990821 07/01/2020 1200 0       
99990821 08/01/2020 1200 24.4    
99990821 09/01/2020 1200 0.2     
99990821 10/01/2020 1200 6.8     
99990821 11/01/2020 1200 0.2     
99990821 12/01/2020 1200 18.6    
99990821 13/01/2020 1200 11.8    
99990821 14/01/2020 1200 0       
99990821 15/01/2020 1200 0       
99990821 16/01/2020 1200 0       
99990821 17/01/2020 1200 10.2    
99990821 18/01/2020 1200 0       
99990821 19/01/2020 1200 0       
99990821 20/01/2020 1200 0       
99990821 21/01/2020 1200 0       
99990821 22/01/2020 1200 0       
99990821 23/01/2020 1200 9.8     
99990821 24/01/2020 1200 2.8     
99990821 25/01/2020 1200 0       
99990821 26/01/2020 1200 0       
99990821 27/01/2020 1200 0       
