ONS-Operador Nacional Do Sistema Eletrico
Modelo Computacional SMAP
Versao: 3.0.0 Data: 23/09/2019

Iniciando execucao: 11-02-2020 13:36:50

Parametros
   Amplitude inicial: 0.5
   dm alvo: 0 (nao e necessario multiplicar por 100)
   Limite de iteracoes: 10000
   Particulas: 24
   Pulso inicial: 0.1
   Uso de pesos: on
   Gerar graficos: off
   Semente: 9952

Sub bacia: Balsa
cef: 0.97853019
*dm: 0.038561943
ebin: 140.62283
mape: 0.032032341
somacoef: 1.9464979
supin: 115.38713
Iteracoes: 10000
Iteracao otima: 9920
Tempo: 8.277 s

Qcal
[32](0,256.00997,465.32694,703.52028,635.28882,498.58997,416.86926,347.00204,366.48182,338.62294,292.95488,260.91215,238.36141,222.40487,211.01648,202.78974,196.71429,192.07253,188.37618,185.29146,201.52934,208.69015,205.11377,202.40937,226.66948,296.46882,349.53165,298.39118,262.36918,237.51818,218.4563,204.60632)
Rsolo
[32](100.6642,110.74979,121.48674,123.95635,119.65142,117.64531,114.22425,116.5054,115.80688,111.20518,106.82528,102.72202,98.943702,95.573501,92.340167,89.127909,86.050001,83.136594,80.605487,81.305058,81.407331,80.516844,79.755077,82.271196,88.438048,94.283865,91.196345,88.942807,87.066819,84.536962,82.035777,79.409987)
Rsub
[32](34.576569,35.016055,35.795769,36.981593,38.251121,39.320541,40.291481,41.112859,42.008769,42.862379,43.527307,44.023769,44.372173,44.592614,44.705722,44.722198,44.64883,44.495126,44.270627,43.989178,43.728946,43.475506,43.205311,42.921953,42.702752,42.644594,42.752022,42.768836,42.723191,42.628254,42.469853,42.252554)
Rsup
[32](1.6238646,4.5444671,7.8519789,6.8238735,4.8274228,3.6161432,2.5773166,2.8044471,2.3611058,1.6695539,1.1805529,0.83477696,0.59027645,0.41738848,0.29513822,0.20869424,0.14756911,0.10434712,0.073784556,0.31841227,0.43408211,0.3982569,0.3756621,0.73329725,1.7281425,2.4782343,1.7523763,1.2444696,0.89734934,0.63452181,0.44867467,0.3172609)
Peso chuva 
[32](0.5,0.6653526,0.80498841,1.2422522,0.5,1.4085815,0.5,1.2060708,2,0.5,0.5,0.5,0.5,0.5,0.5,0.5,0.5,0.58329829,0.5,1.3190394,0.73755958,0.65190098,1.9982549,0.98058776,0.61396716,2,0.5,0.5,0.5,0.5,0.5,1)
Previsao ETA40_LIMITES
[13] (0.012727273,0,0,0.019090909,0.79454545,1.3336364,1.0618182,3.7009091,4.8709091,10.267273,2.2060909,2.2060909,2.2060909)
Previsao PMEDIA_ORIG
[13] (0.8,1.6,0.2,0.7,1.7,2.1,1.9,2.7,3.4,2.5,2.3,2.3,1.85)
Previsao PRECMEDIA_ETA40.GEFS
[13] (0.87,0.87,0.12,0.41,1.43,2.12,2.04,2.72,3.25,3.34,1.717,1.717,1.717)
Previsao PRECZERADA_ETA40
[13] (0,0,0,0,0,0,0,0,0,0,0,0,0)


Sub bacia: Flor+Estra
cef: 0.96977122
*dm: 0.034256201
ebin: 216.87504
mape: 0.016115463
somacoef: 1.9536558
supin: 170.31161
Iteracoes: 10000
Iteracao otima: 9719
Tempo: 9.237 s

Qcal
[34](0,0,0,344.76104,343.49442,328.5513,343.19969,334.75774,317.59704,292.4674,300.59628,282.77565,263.19732,251.32981,272.69964,384.7033,369.20132,351.02654,313.7035,283.218,265.22101,254.27961,248.20797,278.53674,302.21102,314.38905,344.73151,306.99273,301.65798,292.3547,289.58196,276.53965,267.14736,258.49281)
Rsolo
[34](0,0,84.2992,84.832021,79.557599,85.305083,82.383149,80.890731,78.188906,80.055037,77.427256,73.82072,71.472198,75.258968,89.868155,83.053204,77.878472,74.569353,72.111762,70.294452,68.888615,68.114161,72.963174,77.768244,80.720378,84.850837,79.104026,79.13308,77.977644,77.688733,75.200906,73.401396,71.55124,69.890026)
Rsub
[34](0,0,223.2588,226.77311,230.48884,232.09115,235.97485,238.63623,240.69723,241.7355,243.45913,244.2075,243.72207,242.49819,242.49984,248.34064,251.19828,252.06289,251.77759,250.70377,249.23542,247.77567,246.32447,245.55055,246.4086,248.35853,251.95572,253.26344,254.57426,255.45483,256.22635,256.128,255.43697,254.16867)
Rsup
[34](0,0,2.3403235,2.1710772,1.5002079,1.9736157,1.5319312,1.1787978,0.80596951,0.90381256,0.63592386,0.3569002,0.20030346,0.51029235,3.1087821,2.3430581,1.5854726,0.94606926,0.53096342,0.29799314,0.167243,0.1032955,0.53942727,0.87507611,1.0309659,1.4575921,0.85528424,0.7645211,0.61918329,0.56932765,0.37980911,0.25205858,0.1423569,0.07989511)
Peso chuva 
[34](0.83672987,1.9662864,1.9720031,2,2,2,0.98479516,2,2,1.9350315,2,0.5,0.5,1.132595,1.8004966,0.59636626,0.5,0.5,0.5,0.5,0.5,2,1.7136369,1.4658986,1.0083156,1.348171,0.5,1.8835429,0.91858198,1.4556573,1.6948669,1.181295,0.5,1)
Previsao ETA40_LIMITES
[13] (0,0.031111111,0,0.65333333,3.62,0,0,0.86666667,3.2844444,5.0055556,1.3461111,1.3461111,1.3461111)
Previsao PMEDIA_ORIG
[13] (0.1,0.2,0.2,0.8,1.5,1.1,1.2,2.1,1.7,2.4,2.7,2.6,1.3833333)
Previsao PRECMEDIA_ETA40.GEFS
[13] (0.11,0.09,0.2,0.64,1.86,0.87,0.75,1.42,1.5,1.92,0.936,0.936,0.936)
Previsao PRECZERADA_ETA40
[13] (0,0,0,0,0,0,0,0,0,0,0,0,0)


Sub bacia: Itaipu
cef: 0.87967586
*dm: 0.12405618
ebin: 616.35466
mape: 0.030199942
somacoef: 1.8494759
supin: 306.10994
Iteracoes: 10000
Iteracao otima: 9843
Tempo: 9.088 s

Qcal
[34](0,0,0,922.46459,951.61654,973.10612,966.96282,934.21194,886.51916,880.76618,865.07792,826.87671,792.41494,761.62556,771.83231,909.34031,950.55283,905.71567,862.61499,823.53528,788.77689,759.94364,749.55741,782.9522,842.05383,876.8391,921.5471,889.63483,852.16308,818.00441,792.33382,764.8816,741.534,721.9602)
Rsolo
[34](0,0,68.3972,71.191651,72.331779,71.273412,68.271328,64.945749,66.030994,65.527562,62.671781,60.698945,59.323083,61.653363,70.372773,72.087117,66.569632,63.124252,60.869175,59.328909,58.001808,57.995013,61.912649,67.205789,69.590921,71.647263,67.332947,63.709659,61.824559,61.03869,59.6418,58.448707,57.278891,55.938225)
Rsub
[34](0,0,115.673,117.2347,119.87456,122.95785,125.57749,126.99945,127.21263,127.80193,128.20889,127.65637,126.49594,125.31661,124.46977,126.71396,129.63196,130.39069,129.96386,128.83331,127.63218,126.44225,125.26341,124.49789,125.53494,127.46202,130.19202,131.22253,130.9799,130.13355,129.05285,127.84968,126.65772,125.47688)
Rsup
[34](0,0,2.442416,2.6086206,2.6678501,2.4877478,2.1150585,1.674069,1.6191031,1.4688742,1.1467694,0.89529341,0.69896378,0.8305416,1.9637055,2.1971239,1.7153148,1.339162,1.0454961,0.81622838,0.63723699,0.60495623,0.92152748,1.4256386,1.6590962,1.9338867,1.5631966,1.2204019,0.9581694,0.78932922,0.61623657,0.48110155,0.3756004,0.29323468)
Peso chuva 
[34](0.5,0.5,0.6775713,1.7454467,2,1.2268281,0.83035035,0.88938691,2,2,2,2,2,2,2,2,0.5,0.5,0.5,0.5,0.5,0.5,0.71004362,2,2,0.95360156,0.5,0.5,0.5,1.0398161,0.52552525,0.5,0.5,1)
Previsao ETA40_LIMITES
[13] (0.55925926,0.014814815,0.0037037037,0.040740741,2.0555556,0.28518519,0,2.2296296,6.8666667,7.9222222,1.9977778,1.9977778,1.9977778)
Previsao PMEDIA_ORIG
[13] (0.6,0.2,0.3,0.7,1.7,1.8,1.9,3.3,2.6,2.5,2.8,2.9,1.775)
Previsao PRECMEDIA_ETA40.GEFS
[13] (0.39,0.08,0.11,0.28,1.28,0.96,0.92,1.88,2.16,2.12,1.018,1.018,1.018)
Previsao PRECZERADA_ETA40
[13] (0,0,0,0,0,0,0,0,0,0,0,0,0)


Sub bacia: Ivinhema
cef: 0.98131306
*dm: 0.020135952
ebin: 158.50122
mape: 0.007500323
somacoef: 1.9738127
supin: 510.3889
Iteracoes: 10000
Iteracao otima: 9971
Tempo: 13.908 s

Qcal
[46](0,0,0,0,0,0,0,0,0,0,0,0,0,0,0,414.43093,408.06487,405.72376,435.80012,450.20152,458.42957,462.25703,464.24779,435.05561,379.94594,331.80197,290.32691,297.80889,312.57352,333.58366,374.81806,396.30317,411.0055,411.18831,406.90064,419.54468,429.50165,435.2832,477.29018,471.74371,461.36682,460.06615,453.804,450.91685,450.99643,452.07625)
Rsolo
[46](0,0,0,0,0,0,0,0,0,0,0,0,0,0,29.913,31.520688,34.255521,40.497473,42.839615,43.936236,44.213768,44.220269,41.009151,37.367623,34.077422,31.137514,30.429263,29.906728,29.873153,30.763253,31.117626,32.961028,34.070825,33.386997,36.063746,39.367474,41.293522,46.029122,43.510817,41.653418,42.222986,41.493452,41.723582,42.31266,42.831318,37.870951)
Rsub
[46](0,0,0,0,0,0,0,0,0,0,0,0,0,0,96.466767,96.611386,96.879821,97.380703,98.516064,99.922387,101.45864,103.02321,104.58162,105.74343,106.50423,106.94611,107.13791,107.27384,107.36977,107.46278,107.62297,107.81017,108.14825,108.5822,108.95367,109.57033,110.52537,111.69363,113.44962,114.87215,116.06316,117.31656,118.47787,119.66107,120.90918,122.21457)
Rsup
[46](0,0,0,0,0,0,0,0,0,0,0,0,0,0,6.7184836,3.9514315,4.5160545,8.7422448,6.4943145,5.7171986,5.1447312,4.9148694,2.7801021,2.2284221,1.7725653,1.4069535,1.6029709,1.7943845,2.0688758,2.6096515,2.8890052,3.791128,3.7416831,3.0781953,4.6748161,5.8614688,5.3246707,10.112375,3.6621015,3.2492402,4.4769859,3.7607998,4.2235325,4.5848772,4.6876532,2.5139959)
Peso chuva 
[46](2,2,1.9745574,0.53667573,1.962858,1.7824405,0.5,1.9527034,1.1597167,1.204611,0.60316336,2,2,1.7356962,1.8008974,2,2,2,1.4289206,2,2,2,0.81603497,0.5,0.5,0.5,0.5,0.5,1.1333801,1.5258762,1.4083627,2,2,2,2,1.763798,2,1.9998267,0.5,0.80096192,1.1950322,0.64350136,1.3518392,1.6276464,1.8877799,1)
Previsao ETA40_LIMITES
[13] (0.31444444,0.032777778,0.105,1.4477778,0.78,0.59666667,0,2.1744444,9.0161111,9.6394444,2.4106667,2.4106667,2.4106667)
Previsao PMEDIA_ORIG
[13] (1.1,2.7,1.9,1.9,1.8,1.9,1.4,3.1,3.7,4.8,3.3,3,2.55)
Previsao PRECMEDIA_ETA40.GEFS
[13] (1.16,1.12,1.21,1.22,1.12,1.07,0.67,1.53,2.76,3.33,1.519,1.519,1.519)
Previsao PRECZERADA_ETA40
[13] (0,0,0,0,0,0,0,0,0,0,0,0,0)


Sub bacia: PTaquara
cef: 0.88781638
*dm: 0.13457988
ebin: 176.505
mape: 0.074340959
somacoef: 1.8134754
supin: 518.1811
Iteracoes: 10000
Iteracao otima: 9876
Tempo: 8.795 s

Qcal
[33](0,0,694.6861,622.57752,605.21009,623.70017,750.41767,712.08326,610.62832,533.7952,566.88665,496.7152,441.16138,397.07724,362.03622,334.91433,388.33109,355.81921,329.64215,308.69477,291.85191,294.5231,341.43205,334.0177,341.67529,401.23302,493.76521,920.69554,851.62861,726.376,627.03615,548.17429,485.52397)
Rsolo
[33](0,115.0454,113.79771,114.59928,116.4484,120.85206,121.00901,116.7518,113.50419,115.33933,111.06737,106.48547,102.15317,98.289713,95.508502,98.225203,95.281391,91.731701,88.28548,85.189396,84.580648,87.395623,86.70205,87.451437,91.35564,96.727497,109.13037,110.60289,106.63721,103.16367,99.64678,96.399939,92.760991)
Rsub
[33](0,42.416283,43.373711,44.279816,45.202934,46.178399,47.296369,48.408234,49.360504,50.194424,51.08041,51.817575,52.404814,52.85855,53.199789,53.463292,53.79646,54.047799,54.20628,54.279941,54.281846,54.270189,54.322419,54.358122,54.410727,54.556129,54.83762,55.474464,56.150953,56.697507,57.135486,57.469267,57.711629)
Rsup
[33](0,6.3061172,5.3800907,5.1228478,5.3011189,6.7938361,6.2707017,4.9797176,3.9964562,4.3569389,3.4581047,2.7446995,2.1784694,1.7290523,1.3817059,2.0184286,1.6058962,1.2746007,1.0116512,0.8029481,0.83535921,1.4068182,1.3139427,1.4053254,2.1274622,3.2461892,8.4275553,7.5547797,5.9962326,4.7596167,3.7777103,2.9983706,2.3798084)
Peso chuva 
[33](1.8923013,0.5,1.0177446,0.7621574,0.81087797,1.9567677,1.5391978,0.5,0.5,1.2994347,0.5,0.5,0.5,0.5,0.5,1.4991167,0.5,0.5,0.5,0.5,2,1.4390166,0.5,0.93046597,1.5088603,0.67642323,1.1127558,2,0.5,0.5,0.5,0.5,1)
Previsao ETA40_LIMITES
[13] (0.012631579,0.0042105263,0.0042105263,0.64947368,1.7942105,1.8947368,2.4926316,7.66,9.9447368,13.833158,3.829,3.829,3.829)
Previsao PMEDIA_ORIG
[13] (0.4,1.5,0.2,0.8,1.9,2.8,2.2,3.8,4.5,2.5,3,3.1,2.225)
Previsao PRECMEDIA_ETA40.GEFS
[13] (0.58,0.72,0.13,0.54,1.59,2.28,2.11,3.53,4.13,3.98,1.959,1.959,1.959)
Previsao PRECZERADA_ETA40
[13] (0,0,0,0,0,0,0,0,0,0,0,0,0)


Tempo de execucao em: 52 s

Finalizando execucao: 11-02-2020 13:37:42

