00083424 17/01/2020 1200 0       
00083424 18/01/2020 1200 0       
00083424 19/01/2020 1200 4       
00083424 20/01/2020 1200 36      
00083424 21/01/2020 1200 4       
00083424 22/01/2020 1200 23      
00083424 23/01/2020 1200 15      
00083424 24/01/2020 1200 38      
00083424 25/01/2020 1200 6       
00083424 26/01/2020 1200 10      
00083424 27/01/2020 1200 26      
00083424 28/01/2020 1200 25      
00083424 29/01/2020 1200 0       
00083424 30/01/2020 1200 6       
00083424 31/01/2020 1200 0       
00083424 01/02/2020 1200 0       
00083424 02/02/2020 1200 0       
00083424 03/02/2020 1200 11      
00083424 04/02/2020 1200 24      
00083424 05/02/2020 1200 3       
00083424 06/02/2020 1200 56      
00083424 07/02/2020 1200 45      
00083424 08/02/2020 1200 27      
00083424 09/02/2020 1200 3       
00083424 10/02/2020 1200 1       
00083424 11/02/2020 1200 7       
00083424 12/02/2020 1200 0       
00083424 13/02/2020 1200 7       
00083424 14/02/2020 1200 0       
00083424 15/02/2020 1200 9       
00083424 16/02/2020 1200 26      
00083424 17/02/2020 1200 1       
00083424 18/02/2020 1200 6       
00083424 19/02/2020 1200 0       
00083424 20/02/2020 1200 4       
00083424 21/02/2020 1200 15      
00083424 22/02/2020 1200 10      
00083424 23/02/2020 1200 65      
00083424 24/02/2020 1200 10      
00083424 25/02/2020 1200 6       
00083424 26/02/2020 1200 0       
00083424 27/02/2020 1200 8       
00083424 28/02/2020 1200 28      
00083424 29/02/2020 1200 10      
00083424 01/03/2020 1200 5       
00083424 02/03/2020 1200 5       
