00083377 17/01/2020 1200 0       
00083377 18/01/2020 1200 2       
00083377 19/01/2020 1200 0       
00083377 20/01/2020 1200 4       
00083377 21/01/2020 1200 8       
00083377 22/01/2020 1200 0.7     
00083377 23/01/2020 1200 7       
00083377 24/01/2020 1200 9       
00083377 25/01/2020 1200 27      
00083377 26/01/2020 1200 47      
00083377 27/01/2020 1200 52      
00083377 28/01/2020 1200 8       
00083377 29/01/2020 1200 3       
00083377 30/01/2020 1200 0       
00083377 31/01/2020 1200 0       
00083377 01/02/2020 1200 0       
00083377 02/02/2020 1200 0       
00083377 03/02/2020 1200 0       
00083377 04/02/2020 1200 20      
00083377 05/02/2020 1200 0       
00083377 06/02/2020 1200 12      
00083377 07/02/2020 1200 35      
00083377 08/02/2020 1200 21      
00083377 09/02/2020 1200 11      
00083377 10/02/2020 1200 2       
00083377 11/02/2020 1200 2       
00083377 12/02/2020 1200 3       
00083377 13/02/2020 1200 2       
00083377 14/02/2020 1200 2       
00083377 15/02/2020 1200 3       
00083377 16/02/2020 1200 1       
00083377 17/02/2020 1200 0       
00083377 18/02/2020 1200 0       
00083377 19/02/2020 1200 0       
00083377 20/02/2020 1200 4       
00083377 21/02/2020 1200 16      
00083377 22/02/2020 1200 0.2     
00083377 23/02/2020 1200 3       
00083377 24/02/2020 1200 2       
00083377 25/02/2020 1200 17      
00083377 26/02/2020 1200 2       
00083377 27/02/2020 1200 0.9     
00083377 28/02/2020 1200 0       
00083377 29/02/2020 1200 9       
00083377 01/03/2020 1200 4       
00083377 02/03/2020 1200 3       
