00083419 17/01/2020 1200 3       
00083419 18/01/2020 1200 4       
00083419 19/01/2020 1200 0       
00083419 20/01/2020 1200 18      
00083419 21/01/2020 1200 9       
00083419 22/01/2020 1200 7       
00083419 23/01/2020 1200 39      
00083419 24/01/2020 1200 26      
00083419 25/01/2020 1200 20      
00083419 26/01/2020 1200 22      
00083419 27/01/2020 1200 1       
00083419 28/01/2020 1200 3       
00083419 29/01/2020 1200 0       
00083419 30/01/2020 1200 8       
00083419 31/01/2020 1200 0       
00083419 01/02/2020 1200 30      
00083419 02/02/2020 1200 4       
00083419 03/02/2020 1200 5       
00083419 04/02/2020 1200 36      
00083419 05/02/2020 1200 0       
00083419 06/02/2020 1200 6       
00083419 07/02/2020 1200 25      
00083419 08/02/2020 1200 8       
00083419 09/02/2020 1200 10      
00083419 10/02/2020 1200 1       
00083419 11/02/2020 1200 0       
00083419 12/02/2020 1200 0       
00083419 13/02/2020 1200 10      
00083419 14/02/2020 1200 27      
00083419 15/02/2020 1200 45      
00083419 16/02/2020 1200 8       
00083419 17/02/2020 1200 0       
00083419 18/02/2020 1200 7       
00083419 19/02/2020 1200 0       
00083419 20/02/2020 1200 5       
00083419 21/02/2020 1200 0       
00083419 22/02/2020 1200 0       
00083419 23/02/2020 1200 48      
00083419 24/02/2020 1200 4       
00083419 25/02/2020 1200 17      
00083419 26/02/2020 1200 5       
00083419 27/02/2020 0000 -       
00083419 28/02/2020 1200 0       
00083419 29/02/2020 1200 5       
00083419 01/03/2020 1200 0       
00083419 02/03/2020 1200 0       
