01647023 17/01/2020 1000 11      
01647023 18/01/2020 1000 5.4     
01647023 19/01/2020 1000 0       
01647023 20/01/2020 1000 2.4     
01647023 21/01/2020 1000 0.2     
01647023 22/01/2020 1000 57.6    
01647023 23/01/2020 1000 13.6    
01647023 24/01/2020 1000 26.2    
01647023 25/01/2020 1000 5       
01647023 26/01/2020 1000 22.8    
01647023 27/01/2020 1000 2.4     
01647023 28/01/2020 1000 35.4    
01647023 29/01/2020 1000 36.2    
01647023 30/01/2020 1000 4.8     
01647023 31/01/2020 1000 0.8     
01647023 01/02/2020 1000 0.2     
01647023 02/02/2020 1000 0       
01647023 03/02/2020 1000 0       
01647023 04/02/2020 1000 0       
01647023 05/02/2020 1000 3.8     
01647023 06/02/2020 1000 13.2    
01647023 07/02/2020 1000 38.8    
01647023 08/02/2020 1000 8.8     
01647023 09/02/2020 1000 1       
01647023 10/02/2020 1000 2.2     
01647023 11/02/2020 1000 0       
01647023 12/02/2020 1000 1.4     
01647023 13/02/2020 1000 6       
01647023 14/02/2020 1000 0       
01647023 15/02/2020 1000 0.8     
01647023 16/02/2020 1000 20      
01647023 17/02/2020 1000 27.2    
01647023 18/02/2020 1000 0.6     
01647023 19/02/2020 1000 0       
01647023 20/02/2020 1000 0       
01647023 21/02/2020 1000 0       
01647023 22/02/2020 1000 7.4     
01647023 23/02/2020 1000 1       
01647023 24/02/2020 1000 0.2     
01647023 25/02/2020 1000 2.2     
01647023 26/02/2020 1000 1.4     
01647023 27/02/2020 1000 13      
01647023 28/02/2020 1000 0.8     
01647023 29/02/2020 1000 0.8     
01647023 01/03/2020 1000 7.2     
01647023 02/03/2020 1000 40.6    
