01647025 17/01/2020 1000 0.2     
01647025 18/01/2020 1000 0       
01647025 19/01/2020 1000 0       
01647025 20/01/2020 1000 0       
01647025 21/01/2020 1000 36      
01647025 22/01/2020 1000 4.2     
01647025 23/01/2020 1000 16.4    
01647025 24/01/2020 1000 20.4    
01647025 25/01/2020 1000 8.2     
01647025 26/01/2020 1000 52.8    
01647025 27/01/2020 1000 12      
01647025 28/01/2020 1000 11      
01647025 29/01/2020 1000 7.8     
01647025 30/01/2020 1000 3.8     
01647025 31/01/2020 1000 0       
01647025 01/02/2020 1000 0       
01647025 02/02/2020 1000 0       
01647025 03/02/2020 1000 18.8    
01647025 04/02/2020 1000 11.8    
01647025 05/02/2020 1000 0.8     
01647025 06/02/2020 1000 14      
01647025 07/02/2020 1000 54.8    
01647025 08/02/2020 1000 15.2    
01647025 09/02/2020 1000 1.4     
01647025 10/02/2020 1000 2.2     
01647025 11/02/2020 1000 3.8     
01647025 12/02/2020 1000 3       
01647025 13/02/2020 1000 43.4    
01647025 14/02/2020 1000 0.2     
01647025 15/02/2020 1000 28.4    
01647025 16/02/2020 1000 26.4    
01647025 17/02/2020 1000 83.2    
01647025 18/02/2020 1000 56.2    
01647025 19/02/2020 1000 0       
01647025 20/02/2020 1000 0       
01647025 21/02/2020 1000 0       
01647025 22/02/2020 1000 0.6     
01647025 23/02/2020 1000 7.2     
01647025 24/02/2020 1000 2.8     
01647025 25/02/2020 1000 3.8     
01647025 26/02/2020 1000 0       
01647025 27/02/2020 1000 9.6     
01647025 28/02/2020 1000 0.2     
01647025 29/02/2020 1000 5.8     
01647025 01/03/2020 1000 9.6     
01647025 02/03/2020 1000 9.4     
