01749011 17/01/2020 1000 0       
01749011 18/01/2020 1000 5       
01749011 19/01/2020 1000 5       
01749011 20/01/2020 1000 5       
01749011 21/01/2020 1000 20      
01749011 22/01/2020 1000 5       
01749011 23/01/2020 1000 5       
01749011 24/01/2020 1000 5       
01749011 25/01/2020 1000 10      
01749011 26/01/2020 1000 30      
01749011 27/01/2020 1000 0       
01749011 28/01/2020 1000 0.4     
01749011 29/01/2020 1000 0.4     
01749011 30/01/2020 1000 5       
01749011 31/01/2020 1000 0       
01749011 01/02/2020 1000 0       
01749011 02/02/2020 1000 0.4     
01749011 03/02/2020 1000 1       
01749011 04/02/2020 1000 8.8     
01749011 05/02/2020 1000 0.2     
01749011 06/02/2020 1000 20      
01749011 07/02/2020 1000 25      
01749011 08/02/2020 1000 25      
01749011 09/02/2020 1000 2       
01749011 10/02/2020 1000 2       
01749011 11/02/2020 1000 5       
01749011 12/02/2020 1000 0       
01749011 13/02/2020 1000 5       
01749011 14/02/2020 1000 2       
01749011 15/02/2020 1000 2       
01749011 16/02/2020 1000 0       
01749011 17/02/2020 1000 10      
01749011 18/02/2020 1000 30      
01749011 19/02/2020 1000 0       
01749011 20/02/2020 1000 0       
01749011 21/02/2020 1000 0       
01749011 22/02/2020 1000 0       
01749011 23/02/2020 1000 20      
01749011 24/02/2020 1000 30      
01749011 25/02/2020 1000 5       
01749011 26/02/2020 1000 0       
01749011 27/02/2020 1000 15      
01749011 28/02/2020 1000 25      
01749011 29/02/2020 1000 60      
01749011 01/03/2020 1000 15      
01749011 02/03/2020 1000 35      
