01848054 17/01/2020 1000 10      
01848054 18/01/2020 1000 43.2    
01848054 19/01/2020 1000 10      
01848054 20/01/2020 1000 0       
01848054 21/01/2020 1000 0       
01848054 22/01/2020 1000 47.4    
01848054 23/01/2020 1000 49.8    
01848054 24/01/2020 1000 52.2    
01848054 25/01/2020 1000 30      
01848054 26/01/2020 1000 0       
01848054 27/01/2020 1000 0       
01848054 28/01/2020 1000 0       
01848054 29/01/2020 1000 10      
01848054 30/01/2020 1000 2.4     
01848054 31/01/2020 1000 3.2     
01848054 01/02/2020 1000 2.2     
01848054 02/02/2020 1000 1       
01848054 03/02/2020 1000 0.8     
01848054 04/02/2020 1000 5       
01848054 05/02/2020 1000 20      
01848054 06/02/2020 1000 30      
01848054 07/02/2020 1000 30      
01848054 08/02/2020 1000 5       
01848054 09/02/2020 1000 15      
01848054 10/02/2020 1000 10      
01848054 11/02/2020 1000 9.2     
01848054 12/02/2020 1000 25.4    
01848054 13/02/2020 1000 9       
01848054 14/02/2020 1000 5.2     
01848054 15/02/2020 1000 0       
01848054 16/02/2020 1000 1.6     
01848054 17/02/2020 1000 4       
01848054 18/02/2020 1000 33.6    
01848054 19/02/2020 1000 1.6     
01848054 20/02/2020 1000 3.2     
01848054 21/02/2020 1000 0       
01848054 22/02/2020 1000 21.2    
01848054 23/02/2020 1000 0.8     
01848054 24/02/2020 1000 31      
01848054 25/02/2020 1000 35.4    
01848054 26/02/2020 1000 10.4    
01848054 27/02/2020 1000 5       
01848054 28/02/2020 1000 23.8    
01848054 29/02/2020 1000 18.8    
01848054 01/03/2020 1000 11.8    
01848054 02/03/2020 1000 48.8    
