01849024 17/01/2020 1000 1       
01849024 18/01/2020 1000 20      
01849024 19/01/2020 1000 0       
01849024 20/01/2020 1000 0       
01849024 21/01/2020 1000 0       
01849024 22/01/2020 1000 10      
01849024 23/01/2020 1000 15      
01849024 24/01/2020 1000 13      
01849024 25/01/2020 1000 16      
01849024 26/01/2020 1000 2       
01849024 27/01/2020 1000 0       
01849024 28/01/2020 1000 0       
01849024 29/01/2020 1000 0       
01849024 30/01/2020 1000 3       
01849024 31/01/2020 1000 12      
01849024 01/02/2020 1000 5       
01849024 02/02/2020 1000 0       
01849024 03/02/2020 1000 5       
01849024 04/02/2020 1000 5       
01849024 05/02/2020 1000 1       
01849024 06/02/2020 1000 22      
01849024 07/02/2020 1000 20      
01849024 08/02/2020 1000 1       
01849024 09/02/2020 1000 5       
01849024 10/02/2020 1000 4       
01849024 11/02/2020 1000 25      
01849024 12/02/2020 1000 23      
01849024 13/02/2020 1000 12      
01849024 14/02/2020 1000 15      
01849024 15/02/2020 1000 0       
01849024 16/02/2020 1000 0       
01849024 17/02/2020 1000 0       
01849024 18/02/2020 1000 66      
01849024 19/02/2020 1000 5       
01849024 20/02/2020 1000 1       
01849024 21/02/2020 1000 8       
01849024 22/02/2020 1000 42      
01849024 23/02/2020 1000 13      
01849024 24/02/2020 1000 6       
01849024 25/02/2020 1000 37      
01849024 26/02/2020 1000 5       
01849024 27/02/2020 1000 23      
01849024 28/02/2020 1000 81      
01849024 29/02/2020 1000 15      
01849024 01/03/2020 1000 33      
01849024 02/03/2020 1000 0       
