99990011 17/01/2020 1200 3.8     
99990011 18/01/2020 1200 6.8     
99990011 19/01/2020 1200 0       
99990011 20/01/2020 1200 0       
99990011 21/01/2020 1200 0       
99990011 22/01/2020 1200 0       
99990011 23/01/2020 1200 2.6     
99990011 24/01/2020 1200 25      
99990011 25/01/2020 1200 21.4    
99990011 26/01/2020 1200 0.4     
99990011 27/01/2020 1200 0       
99990011 28/01/2020 1200 0       
99990011 29/01/2020 1200 0       
99990011 30/01/2020 1200 6       
99990011 31/01/2020 1200 7.4     
99990011 01/02/2020 1200 0       
99990011 02/02/2020 1200 6.2     
99990011 03/02/2020 1200 0       
99990011 04/02/2020 1200 0.4     
99990011 05/02/2020 1200 2.8     
99990011 06/02/2020 1200 0.4     
99990011 07/02/2020 1200 30      
99990011 08/02/2020 1200 10.4    
99990011 09/02/2020 1200 2.4     
99990011 10/02/2020 1200 1.4     
99990011 11/02/2020 1200 5       
99990011 12/02/2020 1200 0.2     
99990011 13/02/2020 1200 0       
99990011 14/02/2020 1200 0.4     
99990011 15/02/2020 1200 0       
99990011 16/02/2020 1200 0.2     
99990011 17/02/2020 1200 0       
99990011 18/02/2020 1200 0       
99990011 19/02/2020 1200 0       
99990011 20/02/2020 1200 0       
99990011 21/02/2020 1200 4.2     
99990011 22/02/2020 1200 0.2     
99990011 23/02/2020 1200 2       
99990011 24/02/2020 1200 2.8     
99990011 25/02/2020 1200 0.6     
99990011 26/02/2020 1200 0       
99990011 27/02/2020 1200 9.6     
99990011 28/02/2020 1200 7.2     
99990011 29/02/2020 1200 5.2     
99990011 01/03/2020 1200 10.6    
99990011 02/03/2020 1200 2.2     
