ONS-Operador Nacional Do Sistema Eletrico
Modelo Computacional SMAP
Versao: 3.0.0 Data: 23/09/2019

Iniciando execucao: 22-03-2020 12:53:11

Parametros
   Amplitude inicial: 0.5
   dm alvo: 0 (nao e necessario multiplicar por 100)
   Limite de iteracoes: 10000
   Particulas: 24
   Pulso inicial: 0.1
   Uso de pesos: on
   Gerar graficos: off
   Semente: 9952

Sub bacia: QM
cef: 0.99632906
*dm: 0.0092645392
ebin: 28.464892
mape: 0.0085062248
somacoef: 1.9878228
supin: 24.541319
Iteracoes: 10000
Iteracao otima: 9566
Tempo: 9.163 s

Qcal
[34](0,0,0,53.006211,52.823521,49.733368,54.551378,52.882017,53.329728,53.980877,55.158257,53.786164,54.725952,54.681896,55.433252,55.438371,56.829567,58.677003,103.75997,105.33816,115.76006,107.10784,99.585589,91.956921,85.344147,79.653257,74.738729,70.487454,66.800105,63.590525,60.784608,58.318999,61.068698,58.978067)
Rsolo
[34](0,0,156.9223,157.37647,153.10415,157.8301,156.25139,157.11363,157.98878,159.19371,157.36851,158.2676,158.01766,158.74351,158.55281,159.71924,161.16177,178.11012,179.71355,184.39123,178.29206,173.08374,166.61183,160.76066,154.82572,149.78393,145.46028,141.72277,138.46985,135.622,133.11603,139.07874,138.07831,135.27817)
Rsub
[34](0,0,100.35408,102.45539,104.60341,106.18117,108.36555,110.32596,112.38769,114.55289,116.86679,118.91982,121.07993,123.19235,125.38886,127.54526,129.84615,132.33086,137.36401,142.6288,148.65231,153.60889,157.6988,160.78071,163.00821,164.42623,165.20028,165.45466,165.28464,164.76446,163.9529,162.89709,162.45704,161.91406)
Rsup
[34](0,0,3.544409,3.4319421,2.8976479,3.5288605,3.1982766,3.1826281,3.1922108,3.2735563,2.9805998,3.032226,2.9373728,2.9593513,2.8701092,2.9826956,3.1552563,9.5646297,9.5863746,10.875894,9.37953,8.0900698,6.8207444,5.739434,4.8262695,4.0583927,3.4126879,2.869717,2.4131347,2.0291963,1.7063439,2.1467247,1.8628096,1.5664299)
Peso chuva 
[34](2,0.70135384,0.5,1.2119089,0.5,0.66742107,0.9072119,0.76354825,0.96623988,0.98311641,2,1.3762461,1.8753411,1.3153324,0.5269731,2,1.7599857,0.93928806,0.86607186,0.75962651,0.5,0.5,0.5,0.5,2,2,1.9409685,2,0.87129897,1.8946237,1.946295,1.20297,2,1)
Previsao ETA40_LIMITES
[13] (7.405,11.09,3.555,0.385,0.435,4.945,3.85,1.065,1.8,1.335,3.5865,3.5865,3.5865)
Previsao PMEDIA_ORIG
[13] (11.4,18,5.3,1,1.1,3.5,2.6,1.2,1.2,0.5,0.9,1.1,3.9833333)
Previsao PRECMEDIA_ETA40.GEFS
[13] (8.47,11.81,3.82,0.78,0.9,2.67,2.07,0.74,0.98,0.79,3.303,3.303,3.303)
Previsao PRECZERADA_
[13] (0,0,0,0,0,0,0,0,0,0,0,0,0)


Sub bacia: RB-SMAP
cef: 0.99043465
*dm: 0.022315083
ebin: 68.312
mape: 0.020161025
somacoef: 1.9702736
supin: 235.44675
Iteracoes: 10000
Iteracao otima: 9329
Tempo: 10.19 s

Qcal
[34](0,0,0,303.75875,258.14776,221.25411,191.74749,168.10898,167.68334,150.24731,192.35124,187.0043,234.72568,261.23454,326.11798,451.97532,545.60422,572.66687,511.87032,439.31494,376.65912,324.57244,282.94387,249.72173,223.15682,201.83139,184.66854,170.79579,159.52933,150.34031,142.79123,136.51587,133.09345,182.22976)
Rsolo
[34](0,0,109.48645,104.71754,99.712999,95.449018,91.859795,93.965948,91.694114,98.454131,99.376969,105.58509,109.47168,116.2909,124.16505,129.04376,130.56153,127.37211,122.1076,116.72255,111.18441,106.18667,101.78848,97.630891,94.123524,91.002953,88.303717,86.128845,84.194254,82.214788,80.67222,80.56973,89.958652,87.247546)
Rsub
[34](0,0,71.986189,74.502925,76.375143,77.624967,78.386081,78.765805,79.360171,79.716006,80.795976,81.974228,83.902098,86.329283,89.711685,94.307122,99.697238,105.31508,110.33516,114.44381,117.68435,120.09909,121.82439,122.98672,123.65546,123.93665,123.89577,123.59392,123.09424,122.42814,121.60056,120.70718,119.82037,119.70695)
Rsup
[34](0,0,8.8357645,7.0344644,5.5832581,4.4314349,3.5172322,3.4877359,2.812236,4.3796256,4.1405075,5.8894188,6.8155782,9.1640642,13.76674,17.116759,17.940403,15.458788,12.557178,10.059534,7.9894399,6.3412227,5.0330318,3.99472,3.1706113,2.5165159,1.99736,1.5853057,1.2582579,0.99867999,0.79265283,0.69603221,2.5715842,2.0410677)
Peso chuva 
[34](1.9675814,2,1.8510566,0.5,0.5,0.5,0.5,2,0.5,1.9993088,0.80272445,1.255468,1.198269,1.0176875,1.2448152,1.0998569,0.93558568,0.5,0.5,0.5,0.5,0.5,0.5,0.5,0.5,0.50669153,0.6370846,2,2,2,2,1.7962846,1.8276319,1)
Previsao ETA40_LIMITES
[13] (3.7357143,0.038571429,0.031428571,0.022857143,0,0,0,3.8357143,6.7028571,2.4928571,1.686,1.686,1.686)
Previsao PMEDIA_ORIG
[13] (5.3,0.1,0.1,0.1,0.2,0.2,0.2,2.4,3.1,1.9,3.7,3.8,1.7583333)
Previsao PRECMEDIA_ETA40.GEFS
[13] (2.75,0.15,0.08,0.07,0.11,0.15,0.12,1.59,3.21,1.96,1.019,1.019,1.019)
Previsao PRECZERADA_
[13] (0,0,0,0,0,0,0,0,0,0,0,0,0)


Sub bacia: SFR2
cef: 0.89603382
*dm: 0.16016268
ebin: 103.312
mape: 0.12183234
somacoef: 1.7742015
supin: 297.84859
Iteracoes: 10000
Iteracao otima: 9826
Tempo: 9.548 s

Qcal
[34](0,0,0,401.16059,363.79767,330.96485,302.21528,276.84225,254.50304,245.29692,226.6929,210.26146,457.77751,451.18012,423.76551,838.5717,1063.1378,976.67996,1027.9062,1115.4207,1170.8523,1054.9416,947.46562,853.33718,771.55606,700.06412,634.15179,576.22703,525.33389,480.65408,441.39711,406.84915,376.45385,349.66296)
Rsolo
[34](0,0,58.415957,55.144851,52.317638,49.887812,47.476693,45.181631,44.656224,42.581326,40.784092,55.849764,57.468195,56.77951,74.442042,84.856995,82.564236,86.826855,91.331934,94.116551,88.94693,83.701009,79.116238,75.176918,71.682303,67.689492,64.000607,60.475814,57.212381,54.002483,51.365766,48.752089,46.507505,44.189488)
Rsub
[34](0,0,38.280139,38.722334,38.993091,39.128641,39.157708,39.090123,38.938859,38.770532,38.535279,38.247636,38.557011,38.946834,39.29793,40.772421,43.104765,45.214577,47.694,50.589846,53.746758,56.361459,58.468867,60.165932,61.534874,62.63203,63.44326,64.01179,64.367865,64.54411,64.559409,64.454328,64.240483,63.941848)
Rsup
[34](0,0,6.6139893,5.7578121,5.0125041,4.3659711,3.8007986,3.3087874,3.1134227,2.7103919,2.3596161,7.8731657,7.7081241,7.0759964,16.266091,21.164413,19.104762,20.115844,21.910588,22.967947,20.204854,17.661556,15.445055,13.527328,11.857745,10.328352,8.9934642,7.8292654,6.8157714,5.9334736,5.1653888,4.4967321,3.9146327,3.4078857)
Peso chuva 
[34](0.5,1.5828468,0.65584277,0.5,0.5,0.5,0.5,0.5,2,0.5,0.5,1.5578638,0.5,0.68990622,1.3023876,1.8037667,0.5,1.3293597,1.6496474,1.6552402,0.5,0.5,0.5,0.5,0.5,0.5,0.5,0.5,0.5,0.5,0.5,0.5,0.5,1)
Previsao ETA40_LIMITES
[13] (12.375625,10.9375,0.323125,0.49875,0.400625,1.968125,1.94375,1.118125,0.904375,1.0825,3.15525,3.15525,3.15525)
Previsao PMEDIA_ORIG
[13] (14.7,16,5.4,2,1.3,1.7,1,0.9,0.6,0.5,0.7,0.8,3.8)
Previsao PRECMEDIA_ETA40.GEFS
[13] (9.72,15.1,4.53,1.46,1.02,1.52,1.28,0.83,0.65,0.68,3.679,3.679,3.679)
Previsao PRECZERADA_
[13] (0,0,0,0,0,0,0,0,0,0,0,0,0)


Sub bacia: SRM2
cef: 0.95505406
*dm: 0.065055796
ebin: 254.736
mape: 0.047033174
somacoef: 1.9080209
supin: 1471.8654
Iteracoes: 10000
Iteracao otima: 9719
Tempo: 9.572 s

Qcal
[34](0,0,0,1726.6014,1490.6585,1291.9078,1132.9492,993.11129,989.5916,1112.8895,1579.8566,1782.6649,1696.5785,1614.2285,2771.9879,3357.1134,4151.7009,3875.8583,4112.2099,4461.3964,4822.0291,4868.2913,4394.8842,3829.9457,3338.5404,2920.101,2567.3486,2269.8963,2018.971,1807.1758,1628.2908,1477.3767,1361.1485,1276.3486)
Rsolo
[34](0,0,73.180296,69.732151,66.333006,63.993803,61.371744,61.371134,64.331724,72.279404,77.194806,75.443918,74.621486,87.609722,87.901901,89.803727,81.668091,85.252812,87.1208,87.835263,85.855445,78.826415,73.02602,70.430974,67.383477,64.417536,61.470495,58.388363,55.520331,52.752052,50.535876,49.124728,48.142328,45.667071)
Rsub
[34](0,0,30.892593,30.670343,30.449692,30.230629,30.013141,29.797218,29.582849,29.370021,29.158725,30.708028,31.311705,31.486425,39.435696,47.528979,56.901929,60.827668,66.985119,74.344907,82.141052,88.542182,90.572458,89.920854,89.273938,88.631677,87.994036,87.360982,86.732483,86.108505,85.489016,84.873984,84.263377,83.657163)
Rsup
[34](0,0,8.0712254,6.787442,5.7075356,4.8457646,4.0887738,4.0792365,4.7650547,7.3353723,8.4570608,7.9149353,7.4360581,13.776929,16.626118,20.617416,18.680964,19.799525,21.435924,23.080724,22.981888,20.096435,16.906694,14.241453,11.976121,10.070784,8.4684865,7.12112,5.9881242,5.0353922,4.2358412,3.6262942,3.1888897,2.6815259)
Peso chuva 
[34](2,1.9484002,2,0.5,0.5,0.5,0.5,1.1625909,1.3794333,2,1.9487431,0.96003001,0.59254534,1.340268,1.514423,0.94879692,0.5,1.0174339,1.7728349,1.2594411,2,2,2,2,0.5,0.5,0.5,0.5,0.5,0.5,0.5,0.5,0.5,1)
Previsao ETA40_LIMITES
[13] (8.2649057,4.7518868,0.7890566,0.24509434,0.087924528,0.65245283,1.5803774,2.224717,4.8237736,4.9371698,2.8357358,2.8357358,2.8357358)
Previsao PMEDIA_ORIG
[13] (10.2,5.3,1,0.6,0.5,0.6,0.6,0.6,0.7,0.8,1.3,1.9,2.0083333)
Previsao PRECMEDIA_ETA40.GEFS
[13] (8.46,3.87,1.03,0.45,0.34,0.61,0.96,1.11,2.19,2.18,2.12,2.12,2.12)
Previsao PRECZERADA_
[13] (0,0,0,0,0,0,0,0,0,0,0,0,0)


Sub bacia: TM-SMAP
cef: 0.98525781
*dm: 0.021802229
ebin: 747.624
mape: 0.016062531
somacoef: 1.9691953
supin: 817.91246
Iteracoes: 10000
Iteracao otima: 9792
Tempo: 10.548 s

Qcal
[33](0,0,1565.5365,1508.1837,1439.4944,1445.2301,1392.8761,1416.4972,1414.0914,1411.1438,1434.0437,1489.2917,1607.8046,1650.6188,1822.4713,1904.7979,1969.0002,2017.5002,2177.087,2118.5626,2033.6102,1928.366,1808.4833,1697.7322,1597.8642,1511.9676,1431.2114,1358.533,1292.8591,1233.5969,1180.1282,1139.7908,1098.0583)
Rsolo
[33](0,30.03934,24.820261,22.228559,24.03698,22.219028,24.567635,24.628312,24.614897,25.670193,27.255339,29.597785,29.190985,32.132155,31.174355,30.798779,30.499489,32.764492,28.160734,25.698831,23.286251,20.592928,18.908527,17.69227,16.972657,15.946209,14.974349,13.997665,12.846985,11.801021,11.491431,10.99364,10.06571)
Rsub
[33](0,198.63392,201.52251,201.65919,200.74358,200.54773,199.63775,199.6786,199.74568,199.80632,200.3457,201.66327,204.26451,206.60776,210.75428,214.24473,217.4701,220.48362,224.94184,226.53812,226.8713,226.15315,224.47655,222.63185,220.8023,218.9878,217.1882,215.40339,213.63325,211.87765,210.13648,208.40962,206.69696)
Rsup
[33](0,16.368268,15.002934,13.618011,13.801762,12.768792,13.310045,13.258824,13.194783,13.648494,14.713504,16.98597,17.646845,20.909501,22.244713,23.266637,23.994286,26.960992,25.453982,23.633657,21.502387,19.157358,17.067266,15.20763,13.626452,12.147012,10.828105,9.6482594,8.595622,7.6578286,6.9817358,6.2766464,5.5918563)
Peso chuva 
[33](0.5,0.5,2,2,2,2,0.86460324,1.1399974,0.871077,0.84485888,0.68234851,1.3099506,0.57330201,1.2182888,0.98396589,1.1831402,1.8307867,1.906939,2,2,2,2,2,2,2,2,2,2,0.5,0.5,1.621561,0.5,1)
Previsao ETA40_LIMITES
[13] (5.4728571,0.31380952,0,0,0.01,0.0023809524,1.0185714,7.7066667,5.4180952,2.2380952,2.2180476,2.2180476,2.2180476)
Previsao PMEDIA_ORIG
[13] (6.8,0.4,0.1,0.1,0.2,0.3,0.5,1.5,1.5,2.1,2.8,3.2,1.625)
Previsao PRECMEDIA_ETA40.GEFS
[13] (5.16,0.65,0.1,0.05,0.13,0.2,0.74,3.28,2.73,2.15,1.519,1.519,1.519)
Previsao PRECZERADA_
[13] (0,0,0,0,0,0,0,0,0,0,0,0,0)


Tempo de execucao em: 50 s

Finalizando execucao: 22-03-2020 12:54:01

