99990015 29/12/2019 1200 2       
99990015 30/12/2019 1200 0       
99990015 31/12/2019 1200 2.2     
99990015 01/01/2020 1200 0.2     
99990015 02/01/2020 1200 0       
99990015 03/01/2020 1200 0.4     
99990015 04/01/2020 1200 0.4     
99990015 05/01/2020 1200 3.6     
99990015 06/01/2020 1200 74.2    
99990015 07/01/2020 1200 11.8    
99990015 08/01/2020 1200 2.4     
99990015 09/01/2020 1200 7.6     
99990015 10/01/2020 1200 4.4     
99990015 11/01/2020 1200 0       
99990015 12/01/2020 1200 35.8    
99990015 13/01/2020 1200 0       
99990015 14/01/2020 1200 29      
99990015 15/01/2020 1200 0       
99990015 16/01/2020 1200 0       
99990015 17/01/2020 1200 15.8    
99990015 18/01/2020 1200 2.6     
99990015 19/01/2020 1200 0       
99990015 20/01/2020 1200 21.6    
99990015 21/01/2020 1200 0       
99990015 22/01/2020 1200 7.2     
99990015 23/01/2020 1200 7.4     
99990015 24/01/2020 1200 27      
99990015 25/01/2020 1200 52.8    
99990015 26/01/2020 1200 10.4    
99990015 27/01/2020 1200 8.6     
99990015 28/01/2020 0000 -       
99990015 29/01/2020 1200 0       
99990015 30/01/2020 1200 5.4     
99990015 31/01/2020 1200 0       
99990015 01/02/2020 1200 0       
99990015 02/02/2020 1200 0       
99990015 03/02/2020 1200 0       
99990015 04/02/2020 1200 25.2    
99990015 05/02/2020 1200 1       
99990015 06/02/2020 1200 32.6    
99990015 07/02/2020 1200 86.4    
99990015 08/02/2020 1200 86      
99990015 09/02/2020 1200 42.2    
99990015 10/02/2020 1200 25.6    
99990015 11/02/2020 1200 0       
99990015 12/02/2020 1200 0       
