02751031 29/12/2019 1000 0       
02751031 30/12/2019 1000 0       
02751031 31/12/2019 1000 0       
02751031 01/01/2020 1000 0.6     
02751031 02/01/2020 1000 29.8    
02751031 03/01/2020 1000 0       
02751031 04/01/2020 1000 0       
02751031 05/01/2020 1000 0       
02751031 06/01/2020 1000 0       
02751031 07/01/2020 1000 0       
02751031 08/01/2020 1000 0       
02751031 09/01/2020 1000 0       
02751031 10/01/2020 1000 93.6    
02751031 11/01/2020 1000 44.8    
02751031 12/01/2020 1000 0       
02751031 13/01/2020 1000 0       
02751031 14/01/2020 1000 0       
02751031 15/01/2020 1000 0       
02751031 16/01/2020 1000 16.4    
02751031 17/01/2020 1000 38.8    
02751031 18/01/2020 1000 0       
02751031 19/01/2020 1000 0       
02751031 20/01/2020 1000 0       
02751031 21/01/2020 1000 0.2     
02751031 22/01/2020 1000 4.6     
02751031 23/01/2020 1000 2.6     
02751031 24/01/2020 1000 0       
02751031 25/01/2020 1000 0       
02751031 26/01/2020 1000 0       
02751031 27/01/2020 1000 0       
02751031 28/01/2020 1000 0       
02751031 29/01/2020 1000 0.6     
02751031 30/01/2020 1000 17.4    
02751031 31/01/2020 1000 1.6     
02751031 01/02/2020 1000 0       
02751031 02/02/2020 1000 0       
02751031 03/02/2020 1000 13.6    
02751031 04/02/2020 1000 0       
02751031 05/02/2020 1000 0       
02751031 06/02/2020 1000 0       
02751031 07/02/2020 1000 0       
02751031 08/02/2020 1000 0       
02751031 09/02/2020 1000 0.2     
02751031 10/02/2020 1000 0.8     
02751031 11/02/2020 1000 0       
02751031 12/02/2020 1000 0       
