02751036 29/12/2019 1000 0       
02751036 30/12/2019 1000 0       
02751036 31/12/2019 1000 0       
02751036 01/01/2020 1000 1.3     
02751036 02/01/2020 1000 31.5    
02751036 03/01/2020 1000 0       
02751036 04/01/2020 1000 0       
02751036 05/01/2020 1000 26.9    
02751036 06/01/2020 1000 0       
02751036 07/01/2020 1000 0       
02751036 08/01/2020 1000 0       
02751036 09/01/2020 1000 0       
02751036 10/01/2020 1000 0       
02751036 11/01/2020 1000 13.5    
02751036 12/01/2020 1000 0       
02751036 13/01/2020 1000 0       
02751036 14/01/2020 1000 0       
02751036 15/01/2020 1000 0       
02751036 16/01/2020 1000 6.1     
02751036 17/01/2020 1000 13.2    
02751036 18/01/2020 1000 0       
02751036 19/01/2020 1000 0       
02751036 20/01/2020 1000 0       
02751036 21/01/2020 1000 0       
02751036 22/01/2020 1000 3.8     
02751036 23/01/2020 1000 3       
02751036 24/01/2020 1000 0       
02751036 25/01/2020 1000 0.5     
02751036 26/01/2020 1000 0       
02751036 27/01/2020 1000 0       
02751036 28/01/2020 1000 0       
02751036 29/01/2020 1000 0.5     
02751036 30/01/2020 1000 17.3    
02751036 31/01/2020 1000 0.8     
02751036 01/02/2020 1000 0       
02751036 02/02/2020 1000 0       
02751036 03/02/2020 1000 1       
02751036 04/02/2020 1000 0.8     
02751036 05/02/2020 1000 0       
02751036 06/02/2020 1000 0       
02751036 07/02/2020 1000 5.6     
02751036 08/02/2020 1000 0       
02751036 09/02/2020 1000 0.3     
02751036 10/02/2020 1000 7.1     
02751036 11/02/2020 1000 0       
02751036 12/02/2020 1000 0       
