02750041 29/12/2019 1000 0       
02750041 30/12/2019 1000 0       
02750041 31/12/2019 1000 0       
02750041 01/01/2020 1000 0.8     
02750041 02/01/2020 1000 3.2     
02750041 03/01/2020 1000 0       
02750041 04/01/2020 1000 0.2     
02750041 05/01/2020 1000 4.3     
02750041 06/01/2020 1000 29.6    
02750041 07/01/2020 1000 0       
02750041 08/01/2020 1000 1.4     
02750041 09/01/2020 1000 0       
02750041 10/01/2020 1000 74      
02750041 11/01/2020 1000 25.1    
02750041 12/01/2020 1000 0       
02750041 13/01/2020 1000 0       
02750041 14/01/2020 1000 0       
02750041 15/01/2020 1000 0       
02750041 16/01/2020 1000 8.4     
02750041 17/01/2020 1000 4.6     
02750041 18/01/2020 1000 0       
02750041 19/01/2020 1000 0       
02750041 20/01/2020 1000 0       
02750041 21/01/2020 1000 0       
02750041 22/01/2020 1000 3.4     
02750041 23/01/2020 1000 4       
02750041 24/01/2020 1000 0       
02750041 25/01/2020 1000 3.2     
02750041 26/01/2020 1000 0.2     
02750041 27/01/2020 1000 0.2     
02750041 28/01/2020 1000 0       
02750041 29/01/2020 1000 3.9     
02750041 30/01/2020 1000 36.4    
02750041 31/01/2020 1000 6.6     
02750041 01/02/2020 1000 0.2     
02750041 02/02/2020 1000 0       
02750041 03/02/2020 1000 0       
02750041 04/02/2020 1000 0       
02750041 05/02/2020 1000 0.4     
02750041 06/02/2020 1000 0       
02750041 07/02/2020 1000 14      
02750041 08/02/2020 1000 0       
02750041 09/02/2020 1000 2.2     
02750041 10/02/2020 1000 7.4     
02750041 11/02/2020 1000 0       
02750041 12/02/2020 1000 0       
