02751047 29/12/2019 1000 0       
02751047 30/12/2019 1000 0       
02751047 31/12/2019 1000 0       
02751047 01/01/2020 1000 0.2     
02751047 02/01/2020 1000 0.9     
02751047 03/01/2020 1000 0       
02751047 04/01/2020 1000 0       
02751047 05/01/2020 1000 5.2     
02751047 06/01/2020 1000 0       
02751047 07/01/2020 1000 0       
02751047 08/01/2020 1000 0       
02751047 09/01/2020 1000 0       
02751047 10/01/2020 1000 0       
02751047 11/01/2020 1000 15      
02751047 12/01/2020 1000 0       
02751047 13/01/2020 1000 0       
02751047 14/01/2020 1000 0       
02751047 15/01/2020 1000 0       
02751047 16/01/2020 1000 15      
02751047 17/01/2020 1000 20      
02751047 18/01/2020 1000 0       
02751047 19/01/2020 1000 0       
02751047 20/01/2020 1000 0       
02751047 21/01/2020 1000 0       
02751047 22/01/2020 1000 3.9     
02751047 23/01/2020 1000 2.1     
02751047 24/01/2020 1000 0.2     
02751047 25/01/2020 1000 0       
02751047 26/01/2020 1000 0       
02751047 27/01/2020 1000 0       
02751047 28/01/2020 1000 0.4     
02751047 29/01/2020 1000 3.3     
02751047 30/01/2020 1000 13.2    
02751047 31/01/2020 1000 0.2     
02751047 01/02/2020 1000 0.2     
02751047 02/02/2020 1000 0       
02751047 03/02/2020 1000 12.5    
02751047 04/02/2020 1000 0.2     
02751047 05/02/2020 1000 0       
02751047 06/02/2020 1000 0       
02751047 07/02/2020 1000 0       
02751047 08/02/2020 1000 0       
02751047 09/02/2020 1000 0       
02751047 10/02/2020 1000 0.5     
02751047 11/02/2020 1000 0       
02751047 12/02/2020 1000 3.4     
