02854024 29/12/2019 1000 0       
02854024 30/12/2019 1000 8.8     
02854024 31/12/2019 1000 0       
02854024 01/01/2020 1000 0       
02854024 02/01/2020 1000 0       
02854024 03/01/2020 1000 0       
02854024 04/01/2020 1000 0       
02854024 05/01/2020 1000 0       
02854024 06/01/2020 1000 0       
02854024 07/01/2020 1000 0       
02854024 08/01/2020 1000 0       
02854024 09/01/2020 1000 0       
02854024 10/01/2020 1000 5       
02854024 11/01/2020 1000 18.8    
02854024 12/01/2020 1000 0       
02854024 13/01/2020 1000 0       
02854024 14/01/2020 1000 30      
02854024 15/01/2020 1000 9.2     
02854024 16/01/2020 1000 59.6    
02854024 17/01/2020 1000 24.6    
02854024 18/01/2020 1000 0       
02854024 19/01/2020 1000 0       
02854024 20/01/2020 1000 0       
02854024 21/01/2020 1000 0       
02854024 22/01/2020 1000 6.8     
02854024 23/01/2020 1000 16.6    
02854024 24/01/2020 1000 0       
02854024 25/01/2020 1000 0       
02854024 26/01/2020 1000 0.2     
02854024 27/01/2020 1000 0       
02854024 28/01/2020 1000 0       
02854024 29/01/2020 1000 1.2     
02854024 30/01/2020 1000 14.6    
02854024 31/01/2020 1000 0.6     
02854024 01/02/2020 1000 0.2     
02854024 02/02/2020 1000 0       
02854024 03/02/2020 1000 0       
02854024 04/02/2020 1000 0       
02854024 05/02/2020 1000 0       
02854024 06/02/2020 1000 0       
02854024 07/02/2020 1000 0       
02854024 08/02/2020 1000 0       
02854024 09/02/2020 1000 2       
02854024 10/02/2020 1000 0       
02854024 11/02/2020 1000 0       
02854024 12/02/2020 1000 0       
