02850025 29/12/2019 1000 0       
02850025 30/12/2019 1000 0       
02850025 31/12/2019 1000 0.2     
02850025 01/01/2020 1000 5.9     
02850025 02/01/2020 1000 0.6     
02850025 03/01/2020 1000 0       
02850025 04/01/2020 1000 0       
02850025 05/01/2020 1000 10.2    
02850025 06/01/2020 1000 1.2     
02850025 07/01/2020 1000 0       
02850025 08/01/2020 1000 0.2     
02850025 09/01/2020 1000 1.6     
02850025 10/01/2020 1000 47.1    
02850025 11/01/2020 1000 8.5     
02850025 12/01/2020 1000 0       
02850025 13/01/2020 1000 0       
02850025 14/01/2020 1000 0       
02850025 15/01/2020 1000 0       
02850025 16/01/2020 1000 18.3    
02850025 17/01/2020 1000 0.2     
02850025 18/01/2020 1000 0       
02850025 19/01/2020 1000 0       
02850025 20/01/2020 1000 0       
02850025 21/01/2020 1000 0       
02850025 22/01/2020 1000 4.2     
02850025 23/01/2020 1000 0.2     
02850025 24/01/2020 1000 0       
02850025 25/01/2020 1000 0.4     
02850025 26/01/2020 1000 0.2     
02850025 27/01/2020 1000 0       
02850025 28/01/2020 1000 0       
02850025 29/01/2020 1000 1.4     
02850025 30/01/2020 1000 6.4     
02850025 31/01/2020 1000 0.2     
02850025 01/02/2020 1000 0.4     
02850025 02/02/2020 1000 0.2     
02850025 03/02/2020 1000 14.4    
02850025 04/02/2020 1000 24.2    
02850025 05/02/2020 1000 0       
02850025 06/02/2020 1000 0       
02850025 07/02/2020 1000 0       
02850025 08/02/2020 1000 0       
02850025 09/02/2020 1000 4.5     
02850025 10/02/2020 1000 0       
02850025 11/02/2020 1000 0.8     
02850025 12/02/2020 1000 0       
