02850030 29/12/2019 1000 0       
02850030 30/12/2019 1000 0       
02850030 31/12/2019 1000 1.2     
02850030 01/01/2020 1000 0       
02850030 02/01/2020 1000 39      
02850030 03/01/2020 1000 0       
02850030 04/01/2020 1000 0       
02850030 05/01/2020 1000 6.6     
02850030 06/01/2020 1000 0       
02850030 07/01/2020 1000 0       
02850030 08/01/2020 1000 38.8    
02850030 09/01/2020 1000 2       
02850030 10/01/2020 1000 32      
02850030 11/01/2020 1000 20      
02850030 12/01/2020 1000 0       
02850030 13/01/2020 1000 0       
02850030 14/01/2020 1000 0       
02850030 15/01/2020 1000 0       
02850030 16/01/2020 1000 25.2    
02850030 17/01/2020 1000 0       
02850030 18/01/2020 1000 0       
02850030 19/01/2020 1000 0       
02850030 20/01/2020 1000 0       
02850030 21/01/2020 1000 0       
02850030 22/01/2020 1000 3.8     
02850030 23/01/2020 1000 0.2     
02850030 24/01/2020 1000 0       
02850030 25/01/2020 1000 2.8     
02850030 26/01/2020 1000 0       
02850030 27/01/2020 1000 0       
02850030 28/01/2020 1000 20.6    
02850030 29/01/2020 1000 0       
02850030 30/01/2020 1000 17.8    
02850030 31/01/2020 1000 1.8     
02850030 01/02/2020 1000 6.2     
02850030 02/02/2020 1000 0       
02850030 03/02/2020 1000 0       
02850030 04/02/2020 1000 1       
02850030 05/02/2020 1000 0       
02850030 06/02/2020 1000 0.4     
02850030 07/02/2020 1000 0.8     
02850030 08/02/2020 1000 0.2     
02850030 09/02/2020 1000 16.6    
02850030 10/02/2020 1000 0       
02850030 11/02/2020 1000 0       
02850030 12/02/2020 1000 0       
