99990865 29/12/2019 1200 0       
99990865 30/12/2019 1200 0       
99990865 31/12/2019 1200 0       
99990865 01/01/2020 1200 5       
99990865 02/01/2020 1200 0       
99990865 03/01/2020 1200 0       
99990865 04/01/2020 1200 0       
99990865 05/01/2020 1200 2.8     
99990865 06/01/2020 1200 1.4     
99990865 07/01/2020 1200 0       
99990865 08/01/2020 1200 3.2     
99990865 09/01/2020 1200 0       
99990865 10/01/2020 1200 0.2     
99990865 11/01/2020 1200 2.4     
99990865 12/01/2020 1200 0.4     
99990865 13/01/2020 1200 0       
99990865 14/01/2020 1200 0       
99990865 15/01/2020 1200 0       
99990865 16/01/2020 1200 0.8     
99990865 17/01/2020 1200 1       
99990865 18/01/2020 1200 0       
99990865 19/01/2020 1200 0.2     
99990865 20/01/2020 1200 8       
99990865 21/01/2020 1200 0       
99990865 22/01/2020 1200 0       
99990865 23/01/2020 1200 0.6     
99990865 24/01/2020 1200 0.2     
99990865 25/01/2020 1200 0       
99990865 26/01/2020 1200 0       
99990865 27/01/2020 1200 0       
99990865 28/01/2020 1200 0.4     
99990865 29/01/2020 1200 1.6     
99990865 30/01/2020 1200 11.2    
99990865 31/01/2020 1200 0.4     
99990865 01/02/2020 1200 0.4     
99990865 02/02/2020 1200 0       
99990865 03/02/2020 1200 0.6     
99990865 04/02/2020 1200 4.2     
99990865 05/02/2020 1200 0.4     
99990865 06/02/2020 1200 0.4     
99990865 07/02/2020 1200 16.6    
99990865 08/02/2020 1200 0.4     
99990865 09/02/2020 1200 5       
99990865 10/02/2020 1200 5.6     
99990865 11/02/2020 1200 0       
99990865 12/02/2020 1200 0       
