ONS-Operador Nacional Do Sistema Eletrico
Modelo Computacional SMAP
Versao: 2.0.4 Data: 14/05/2019

Iniciando execucao: 25-03-2020 15:02:04

Parametros
   Amplitude inicial: 0.5
   somacoef alvo: 2 (nao e necessario multiplicar por 100)
   Limite de iteracoes: 10000
   Particulas: 24
   Pulso inicial: 0.1
   Uso de pesos: on
   Gerar graficos: off
   Semente: 9952

Sub bacia: AVERMELHA
cef: 0.99661444
dm: 0.008687632
ebin: 213.75417
mape: 0.0080008096
*somacoef: 1.9886136
supin: 195.50235
Iteracoes: 10000
Iteracao otima: 9860
Tempo: 7.299 s

Qcal
[33](0,0,409.25652,419.47641,427.08753,431.47276,433.79383,491.13122,511.62219,509.0757,494.44401,463.91666,436.24531,411.63558,389.77547,370.36835,353.13194,337.81778,324.19927,312.07243,301.27893,291.74553,283.1583,275.54261,268.77379,262.74391,257.35123,252.51998,250.44531,265.22032,335.83927,367.96597,352.83847)
Rsolo
[33](0,57.9647,61.084762,63.409418,64.950344,65.942822,71.644929,73.648932,73.130556,71.561067,66.722202,61.987514,57.959523,54.511822,51.485063,48.876606,46.605038,44.609047,42.849728,41.667959,40.691073,39.607087,38.566394,37.5619,36.593665,35.628863,34.70064,34.455012,38.383302,49.101216,55.561266,53.919975,50.977324)
Rsub
[33](0,182.55252,183.2396,184.31391,185.69433,187.284,189.00909,191.60935,194.53234,197.35322,199.89938,201.67807,202.78205,203.37069,203.56133,203.43562,203.06229,202.49239,201.76462,200.90939,199.97591,199.00893,198.04663,197.08899,196.13597,195.18757,194.24375,193.30449,192.36977,191.43958,191.14477,191.51076,191.69476)
Rsup
[33](0,6.2368078,6.5371719,6.7398482,6.8281792,6.8428441,8.6075506,9.1641122,8.9736902,8.4015468,7.3325708,6.3833736,5.5570495,4.8376926,4.211456,3.6662854,3.1916868,2.7785247,2.4188463,2.106464,1.8372041,1.5993796,1.3923737,1.2122105,1.0554474,0.91883987,0.79997147,0.76887143,1.275131,3.5627243,4.5986249,4.1023642,3.5713155)
Peso chuva 
[33](2,1.8519212,1.4667576,1.7090641,1.0829823,0.87726648,1.6242244,1.1223551,1.2256764,1.3848801,0.52035129,2,2,2,0.61585485,0.56557378,1.5004881,0.5,0.5,2,1.9994552,0.61798691,0.5,0.5,0.5,0.77354023,1.8029406,0.8781893,0.94446295,1.3284799,0.95806774,0.5,1)
Previsao PMEDIA_ORIG
[13] (1,1.1,0.8,1,2.9,3.2,2.1,3.2,4.1,2.1,2.4,2.5,2.2)


Sub bacia: Camargos
cef: 0.98674437
dm: 0.032690896
ebin: 85.361927
mape: 0.029882819
*somacoef: 1.9568615
supin: 146.38175
Iteracoes: 10000
Iteracao otima: 8810
Tempo: 11.037 s

Qcal
[33](0,0,231.74367,214.19689,198.83039,187.6735,201.14023,253.05477,296.53884,308.62999,327.01377,307.63685,301.93592,279.99777,258.73956,239.37943,222.18086,215.62468,202.67596,189.7878,178.28562,168.09482,159.06035,154.0704,147.86641,141.07752,139.46725,134.08925,128.78412,137.91734,150.22178,144.07132,137.84002)
Rsolo
[33](0,43.24,40.40605,39.598081,40.389264,48.962888,58.335604,59.334608,56.435846,57.779143,50.796963,52.722275,46.735296,42.626307,40.4117,38.500052,43.038495,42.704528,40.33655,38.384059,36.526079,34.758034,36.533901,36.680832,35.081706,37.767079,37.411938,35.632346,42.200029,49.307562,44.090545,41.034609,39.048329)
Rsub
[33](0,254.77471,254.13629,252.96464,251.79839,250.63752,252.89123,261.2548,270.33575,277.23641,285.07531,288.22961,292.55381,293.4181,292.33232,290.98457,289.64304,288.75465,287.72426,286.39776,285.07737,283.76307,282.45484,281.15263,279.85642,278.5662,277.28192,276.00356,274.73109,273.54891,275.89094,275.54073,274.2704)
Rsup
[33](0,17.010865,14.99663,13.256524,12.005402,13.615556,19.560739,24.288336,25.339863,27.20754,24.650556,23.865242,21.147468,18.643423,16.435879,14.489727,13.780073,12.309907,10.852306,9.5672982,8.4344464,7.4357342,6.9067938,6.2365375,5.4980769,5.3611839,4.7862174,4.2194874,5.3303938,6.806308,6.0003816,5.289884,4.6635155)
Peso chuva 
[33](2,1.8083632,0.5,0.5,0.5,1.7082759,1.0241688,1.5524532,1.1258829,1.7793261,2,1.6312299,0.63341845,0.5,0.81016859,0.66708406,0.5,0.5,0.53930443,1.3147672,1.6609121,2,1.808665,2,1.4573666,2,2,0.5,0.87830756,1.0377633,0.5,2,1)
Previsao PMEDIA_ORIG
[13] (0.9,0.1,0,0.1,0.5,2.6,4.1,4.6,5.3,4.4,5.1,3.5,2.6)


Sub bacia: CAPESCURO
cef: 0.90002698
dm: 0.11076821
ebin: 104.64699
mape: 0.047696868
*somacoef: 1.8523301
supin: 110.69636
Iteracoes: 10000
Iteracao otima: 8962
Tempo: 14.992 s

Qcal
[33](0,0,215.34335,208.09451,197.68852,190.17934,189.99957,203.22519,224.00154,249.67309,260.22525,250.1196,237.44472,224.80242,212.69113,202.00108,192.54955,184.17746,176.74633,170.13559,164.34778,159.06253,154.32351,150.06121,148.29733,145.20639,141.74075,138.98385,136.9418,171.21629,180.41348,186.03609,181.59844)
Rsolo
[33](0,131.232,120.38274,114.58682,115.92477,120.80276,127.92471,132.46323,135.2016,132.37306,119.73361,114.28382,110.39976,108.3024,106.06437,103.8726,101.89923,99.932226,97.936565,97.262577,95.838964,94.199252,93.014108,95.819292,96.105065,95.145994,94.992949,95.824982,115.43979,123.825,124.87579,115.89398,110.84608)
Rsub
[33](0,177.45638,187.31642,190.70775,191.0615,192.08181,195.66091,203.31398,213.73736,225.86521,236.03603,238.65621,238.44675,236.38969,234.35038,232.32866,230.32438,228.33739,226.36754,224.41469,222.47868,220.55938,218.65663,216.7703,214.90024,213.04632,211.20839,209.38631,207.57995,208.21331,213.34354,219.03502,219.79843)
Rsup
[33](0,12.50989,11.033589,9.6315906,8.7593964,8.6710843,9.9272004,11.765129,13.971646,14.355917,12.536054,10.929038,9.5142806,8.2826623,7.2104763,6.2770842,5.4645192,4.7571403,4.1413311,3.6173902,3.1491211,2.7414691,2.3865875,2.3129609,2.0882772,1.8201737,1.6310997,1.5217547,5.5155257,6.5126983,6.8062201,5.9254193,5.1583771)
Peso chuva 
[33](1.9535876,1.9286999,1.0973933,0.71266954,1.5234362,1.3458205,1.9198955,1.4012003,0.94425739,0.97628526,0.5,1.2103883,2,2,0.6112661,2,2,2,2,2,2,2,2,2,2,2,2,2,1.4479063,2,2,2,1)
Previsao PMEDIA_ORIG
[13] (0.4,0.4,0,0.3,1.5,4.1,3,4.7,4.4,3.3,4.8,5,2.6583333)


Sub bacia: EDACUNHA
cef: 0.9948481
dm: 0.015522141
ebin: 84.102329
mape: 0.014642226
*somacoef: 1.9802059
supin: 85.152265
Iteracoes: 10000
Iteracao otima: 9257
Tempo: 13.715 s

Qcal
[33](0,0,169.25459,149.86677,135.12084,164.43187,253.98284,241.90149,214.00899,182.3662,158.71945,149.37222,135.41854,123.88276,115.29838,108.9257,104.20934,100.70138,97.978301,95.847402,94.13681,92.724985,91.525972,90.478979,91.173711,108.46361,118.91945,109.56243,102.63336,97.855399,94.274753,92.120007,89.333225)
Rsolo
[33](0,50.623,43.81758,40.610426,48.325611,57.918479,52.789076,47.960034,42.038579,38.933716,40.617194,38.200363,35.556648,33.913232,32.658107,31.448731,30.678295,29.711108,28.8591,27.942661,26.907932,25.910466,25.029241,24.990871,31.732592,37.679289,35.789742,34.600386,34.084619,33.606098,33.35086,32.147151,30.95547)
Rsub
[33](0,215.64917,221.09205,222.94602,223.39337,227.48932,237.53847,244.11139,247.85198,248.7062,248.29916,248.55475,247.877,246.30197,244.41233,242.53719,240.67643,238.82995,236.99763,235.17937,233.37506,231.5846,229.80787,228.04477,226.2952,224.55905,223.8779,222.56168,220.88438,219.18975,217.50811,215.83938,214.18345)
Rsup
[33](0,5.7192397,4.2744888,3.235517,5.1924705,11.099859,10.025189,7.979622,5.7563578,4.1457519,3.528608,2.5847163,1.8276704,1.2923581,0.9138352,0.64617906,0.45930802,0.32477981,0.22965401,0.16238991,0.114827,0.081194953,0.057413502,0.15025776,1.3573598,2.1051013,1.4944804,1.0635678,0.78659173,0.59048756,0.48981312,0.34635018,0.24490656)
Peso chuva 
[33](2,0.5,2,2,2,1.2903204,0.77329265,1.0615934,1.7423051,0.66082879,2,2,0.5,0.5,0.5,0.5,2,0.5,1.0366928,2,0.5,2,1.5254432,0.5,1.0165037,1.3037113,0.5,0.5,0.5,0.63697003,2,0.5,1)
Previsao PMEDIA_ORIG
[13] (0,0,0,0,0.9,3.8,4.3,5.7,2.6,3.1,4.3,5.6,2.525)


Sub bacia: FUNIL MG
cef: 0.97658509
dm: 0.040093582
ebin: 173.8289
mape: 0.032545925
*somacoef: 1.9440392
supin: 316.5256
Iteracoes: 10000
Iteracao otima: 9410
Tempo: 12.94 s

Qcal
[33](0,0,490.3545,438.0841,394.34986,359.90096,346.7415,410.9881,478.07942,501.55024,509.54532,518.633,563.03741,583.99018,527.50758,474.71044,428.96569,390.38837,357.9325,330.60214,307.56351,288.1186,271.68303,257.76761,245.96276,236.21486,232.73158,232.70115,228.73416,264.80628,344.36998,342.55796,319.05853)
Rsolo
[33](0,58.1125,55.465197,54.215972,53.891052,58.062324,70.20088,74.311483,72.573374,71.939654,72.000951,74.685676,73.852547,63.814055,58.047202,55.37501,53.425322,51.651217,49.592818,47.502731,45.493023,43.568341,41.921144,40.796857,40.101819,41.60216,44.257624,45.28994,54.816851,68.240641,66.828774,59.736028,56.140193)
Rsub
[33](0,308.99149,307.69381,306.11803,304.55032,302.99064,301.70014,307.28796,315.70854,322.84312,329.50003,336.16523,344.71183,352.60788,354.02549,352.46654,350.66146,348.86563,347.079,345.30152,343.53314,341.77381,340.0235,338.28215,336.54972,334.82616,333.11142,331.40547,329.70826,328.01973,332.20344,335.48958,334.84002)
Rsup
[33](0,17.695869,14.814422,12.41895,10.542336,9.8556893,13.488086,17.063189,18.110524,18.33311,18.631803,20.904674,21.80727,18.401179,15.404885,12.896483,10.796528,9.0385117,7.5667563,6.3346492,5.3031681,4.4396447,3.7167302,3.111529,2.6210445,2.4805145,2.532744,2.3646172,4.4346661,8.9359082,8.7030215,7.2858945,6.0995206)
Peso chuva 
[33](1.7675913,0.5,0.6966056,0.5,0.5,1.4501946,1.5189197,1.397434,1.8261425,1.3823337,1.7877995,2,2,2,0.5,0.5,0.50522443,0.5,0.53962839,0.54079448,1.7223514,0.57127215,0.5,1.5488115,2,2,2,2,1.4397994,0.98530562,0.7398198,0.99121873,1)
Previsao PMEDIA_ORIG
[13] (0.4,0.1,0,0.2,0.2,1.4,2.5,4.3,3.6,3.5,4.4,2.5,1.925)


Sub bacia: FURNAS
cef: 0.98352664
dm: 0.045741454
ebin: 194.55048
mape: 0.042672111
*somacoef: 1.9408545
supin: 856.95883
Iteracoes: 10000
Iteracao otima: 9526
Tempo: 12.858 s

Qcal
[33](0,0,1051.5093,971.054,900.88766,868.1562,823.54181,882.02687,953.61007,920.3038,921.07815,860.84683,798.25278,739.35566,685.71488,637.39538,594.58867,556.10905,521.64077,489.50463,460.51715,434.36035,410.74842,389.42444,384.87981,382.20327,406.9948,391.47129,395.38278,434.96783,481.47562,458.73837,434.09214)
Rsolo
[33](0,37.1365,37.133299,37.631712,41.949723,41.912363,48.454367,50.292211,45.425609,47.243904,41.631619,38.638795,36.148595,34.264913,32.293955,31.553502,30.864126,30.253853,29.051066,27.333875,25.711754,24.166236,23.026357,25.693643,28.498107,34.555258,34.733575,38.113465,44.21216,46.822054,39.933452,36.660125,34.41769)
Rsub
[33](0,166.01535,165.19543,164.37956,163.6703,165.10737,166.51692,171.99608,178.7746,182.1807,186.75229,187.90254,187.53764,186.61143,185.68979,184.7727,183.86015,182.95209,182.04853,181.14942,180.25476,179.36452,178.47867,177.59719,176.72007,175.84729,174.97881,174.11462,173.57462,176.26066,180.58026,180.87863,179.98531)
Rsup
[33](0,35.70565,32.393471,29.509789,28.180646,26.251596,28.619583,31.334604,29.615905,29.481858,26.74907,24.084893,21.648729,19.458981,17.490724,15.751939,14.193222,12.80142,11.506569,10.342691,9.2965378,8.356202,7.5109803,7.3646656,7.2959736,8.3715414,7.7671516,7.9723216,9.648021,11.454641,10.296368,9.2549005,8.3187763)
Peso chuva 
[33](2,0.5,0.87007836,0.5,1.3972037,0.56056482,1.5450318,1.4393666,0.65136025,0.75202793,0.5,0.52611644,2,2,2,1.4452683,1.2124984,1.776775,2,2,2,2,2,2,2,2,2,2,2,2,0.5,0.53520351,1)
Previsao PMEDIA_ORIG
[13] (0.7,0,0,0,0.5,3,3.3,3.4,3,2.6,4.8,4.3,2.1333333)


Sub bacia: MARIMBONDO
cef: 0.95544459
dm: 0.0558747
ebin: 165.896
mape: 0.033716435
*somacoef: 1.9217282
supin: 228.67433
Iteracoes: 10000
Iteracao otima: 9376
Tempo: 11.348 s

Qcal
[33](0,0,394.57033,390.5569,389.14814,381.10101,373.35801,371.29171,372.12264,382.1092,455.41108,483.97839,474.95933,434.91762,399.1315,368.35376,342.21846,320.12783,301.7307,286.48854,273.83508,263.30581,254.51965,247.16401,241.06331,235.98444,231.59173,227.77556,227.4019,255.12907,269.52167,287.54826,275.93996)
Rsolo
[33](0,75.6252,83.943778,89.116568,90.645463,91.077466,91.908956,92.601297,94.240059,102.28352,102.64433,98.526478,87.806464,81.986859,78.446341,76.160863,74.682416,73.403762,72.140154,70.86197,69.602469,68.364705,67.203143,66.430393,65.726391,64.964002,64.107478,64.198199,72.170244,78.338799,84.548715,80.656327,77.599124)
Rsub
[33](0,186.03939,185.33192,187.39901,191.45872,196.13479,200.9748,206.15054,211.60561,217.76312,227.75666,237.89696,245.94637,249.2543,250.37424,250.298,249.50551,248.54656,247.59129,246.63969,245.69176,244.74746,243.8068,242.86975,241.9363,241.00644,240.08015,239.15742,238.23824,237.32259,237.26187,239.35237,240.05079)
Rsup
[33](0,5.4858107,5.4046641,5.326649,5.0467555,4.7609728,4.6078648,4.5170781,4.6399564,6.2667185,6.7382542,6.3049675,5.1721878,4.2429285,3.4806243,2.8552791,2.3422864,1.9214604,1.5762419,1.2930469,1.0607321,0.87015607,0.71381979,0.58751185,0.48564008,0.40015234,0.32841924,0.33919442,1.0240219,1.3888826,1.8226327,1.4994338,1.2300386)
Peso chuva 
[33](2,0.56864807,2,2,1.9999363,0.92639171,0.86123714,0.90849398,1.6800945,2,2,2,0.5,0.5,0.69793951,0.5,2,2,2,2,2,2,2,0.5,0.5,0.5,1.528969,1.596517,1.3943426,1.1326873,1.8107267,2,1)
Previsao PMEDIA_ORIG
[13] (0.9,0.6,0.5,0.4,1.7,2.8,2.2,3.9,2.9,2.4,3,3.6,2.075)


Sub bacia: PARAGUACU
cef: 0.99210657
dm: 0.019913963
ebin: 68.032
mape: 0.01828277
*somacoef: 1.9738238
supin: 330.15082
Iteracoes: 10000
Iteracao otima: 9563
Tempo: 9.003 s

Qcal
[33](0,0,398.18282,402.15382,366.49065,332.30948,329.0892,329.95745,340.90938,332.76146,329.34919,337.48743,345.88486,319.1742,293.36115,269.75447,248.52215,229.75103,213.14994,198.4622,185.46151,173.94837,163.74688,154.70199,156.63118,195.96263,210.01622,197.97479,186.67184,187.70196,217.00003,213.77228,201.51723)
Rsolo
[33](0,67.5165,69.429419,60.035345,57.447277,64.620641,67.319455,69.158935,66.839752,67.422846,69.081465,69.441632,59.780128,58.130329,57.041221,54.817209,53.324819,51.616045,49.90697,47.98195,46.127739,44.334681,42.636933,47.218454,58.758494,65.396953,59.993554,58.462223,62.374496,68.47739,64.619651,59.319695,56.068205)
Rsub
[33](0,125.26649,130.52851,137.08605,137.73257,137.05234,140.37668,145.43156,151.72478,156.40384,161.44902,167.60873,173.99178,174.31774,173.77544,172.91719,172.06319,171.2134,170.36781,169.52639,168.68913,167.85601,167.027,166.20208,165.38124,165.20747,168.8823,169.34907,169.00184,170.81104,176.50398,179.63286,179.68433)
Rsup
[33](0,25.355549,25.441044,22.428602,19.776524,19.55758,19.485603,20.115872,19.227623,18.770398,19.184981,19.572981,17.255369,15.259333,13.468962,11.874119,10.46812,9.2286029,8.1358556,7.1724992,6.3232125,5.5744889,4.9144207,5.0969893,8.1518778,9.23844,8.1603825,7.2728485,7.3664438,9.5410717,9.0557288,7.9840366,7.0386568)
Peso chuva 
[33](0.65627896,0.5,1.3041471,0.5,0.5,2,1.6496472,1.3950935,1.2236354,1.4355138,1.4581649,1.9175283,0.5,2,2,0.5,1.8790887,0.5,0.5,0.5,0.51400094,0.56537952,0.5,1.6740122,1.5831931,1.1298322,0.57375313,0.859437,2,1.4519597,0.67737843,0.5,1)
Previsao PMEDIA_ORIG
[13] (0.1,0,0.1,0,2,8,4.6,3.1,3,3.8,4.8,4.7,2.85)


Sub bacia: PASSAGEM
cef: 0.96235433
dm: 0.052476198
ebin: 57.192
mape: 0.036558919
*somacoef: 1.9257954
supin: 228.85843
Iteracoes: 10000
Iteracao otima: 9821
Tempo: 7.564 s

Qcal
[33](0,0,286.05043,295.94294,295.25984,287.0016,283.7151,301.28162,341.17838,391.87054,446.45884,448.75569,448.27149,447.55703,403.9708,366.66784,334.69797,307.24507,283.62129,263.25235,245.63436,230.34606,217.00591,205.31472,195.12017,188.00241,182.65494,196.53925,199.73879,244.90063,237.00024,261.12496,258.69959)
Rsolo
[33](0,97.065,100.67896,102.89282,103.97973,105.22087,107.85266,113.46743,124.64412,122.12647,120.97149,120.04722,119.33834,112.72836,106.94702,101.87438,97.46933,93.770257,90.447123,87.515218,84.497972,81.754719,79.250042,77.736,77.181137,76.908979,80.737958,82.785945,89.638709,90.106742,94.570555,95.833625,91.998132)
Rsub
[33](0,60.091359,61.222405,62.643593,64.247522,65.939085,67.733335,69.760977,72.326307,76.094333,79.555443,82.870026,86.065942,89.168388,91.563372,93.388916,94.752892,95.744972,96.4455,96.900606,97.152213,97.207436,97.095499,96.840507,96.50402,96.139633,95.762695,95.598588,95.556156,95.959018,96.392574,97.150374,98.001608)
Rsup
[33](0,7.4642547,7.7517911,7.6853959,7.3662637,7.2065653,7.723804,10.433889,22.773586,9.549857,8.8715011,8.8003352,8.801514,7.4000148,6.2226459,5.2326006,4.4000751,3.7000074,3.1113229,2.6163003,2.2000376,1.8500037,1.5556615,1.3114195,1.1670219,1.0783086,1.6144226,1.7927406,3.3332874,3.1268748,3.9616048,3.9180164,3.294646)
Peso chuva 
[33](0.5,1.5952207,0.93452654,1.8039904,1.5234669,1.4181913,0.62111269,1.2120923,2,1.1419206,0.79930373,1.4924287,1.5945237,0.5,2,2,0.5,0.5,0.5,0.86263427,2,2,2,0.5,0.5,0.5,1.9362268,2,1.8290539,0.52468759,1.2748183,2,1)
Previsao PMEDIA_ORIG
[13] (0,0.1,0,0.1,1.2,4.2,2.5,3.9,2,2.5,3.2,4.4,2.0083333)


Sub bacia: PBUENOS
cef: 0.97796863
dm: 0.03871391
ebin: 74.06738
mape: 0.031833716
*somacoef: 1.9461349
supin: 190.94717
Iteracoes: 10000
Iteracao otima: 9798
Tempo: 7 s

Qcal
[33](0,0,265.01455,255.84,248.88458,229.03959,232.04679,285.15462,306.1538,294.99417,291.79923,261.9555,235.6461,212.51626,192.73076,176.02853,161.91933,149.99241,140.05397,131.72866,124.41717,118.20209,112.91325,108.40356,109.18708,115.12671,150.78845,159.39107,175.00446,182.99728,184,172.34885,159.79159)
Rsolo
[33](0,58.322,56.957855,56.723893,52.860014,56.504643,63.47894,62.281023,58.265399,58.924558,51.362071,48.346509,45.650308,43.997277,42.439274,40.531127,39.475301,38.758242,38.146898,37.174112,35.582396,34.01684,32.491803,34.874187,39.496436,50.542458,54.561822,57.542286,57.374376,56.053568,51.033146,47.455138,44.773518)
Rsub
[33](0,218.04339,223.46523,228.00539,232.38108,234.51017,238.72228,247.59304,255.55649,260.76916,266.3832,267.5654,267.27526,266.04303,264.81649,263.5956,262.38034,261.17068,259.9666,258.76807,257.57507,256.38756,255.20554,254.02896,252.8578,251.69205,252.52692,255.51029,260.26559,264.89407,268.69399,269.6975,268.99559)
Rsup
[33](0,16.288473,15.348743,14.623862,12.80422,12.99905,17.407283,18.941542,17.75883,17.335243,14.62679,12.348248,10.383598,8.73153,7.3423123,6.1741241,5.1919298,4.3791977,3.7039102,3.1149429,2.6193443,2.2025972,1.8521561,1.9530872,2.4936954,5.5695479,6.27919,7.5246194,8.0686421,8.0200588,6.9160644,5.815807,4.8904913)
Peso chuva 
[33](0.5,2,0.94969502,2,1.1754086,1.5843991,2,1.1376884,1.044457,1.3056194,0.5,0.5,2,1.888753,1.9999125,0.5,0.67726438,0.5,0.5,0.70091734,1.6415967,1.0728229,0.5,2,2,1.9145532,2,1.5749535,1.5636227,0.9394351,0.59478212,0.5,1)
Previsao PMEDIA_ORIG
[13] (0.1,0.1,0,0,0.2,2.2,2.8,2.8,2.8,2.2,3.9,2.8,1.6583333)


Sub bacia: PCOLOMBIA
cef: 0.96467637
dm: 0.055805425
ebin: 259.08
mape: 0.043202852
*somacoef: 1.9214735
supin: 570.77975
Iteracoes: 10000
Iteracao otima: 9965
Tempo: 6.219 s

Qcal
[33](0,0,829.85975,803.17074,779.77109,870.75848,935.74664,1061.1466,1183.4164,1160.9776,1111.097,1050.335,990.78214,934.67033,883.03515,835.50631,791.74424,751.43754,714.30065,680.07169,648.51054,619.39696,592.529,570.42609,563.36858,545.1657,528.65747,509.98533,495.12992,651.30298,639.34467,619.61741,593.5934)
Rsolo
[33](0,64.5955,55.384924,54.346533,64.269066,64.8965,68.073348,68.348918,60.075415,55.293141,50.373802,47.759365,45.249092,42.845578,40.563622,39.009189,37.078234,35.190243,33.368153,31.990223,30.339388,28.737442,28.564878,32.626149,32.819693,33.168444,32.698231,32.67149,51.962551,53.156391,51.263496,47.467681,44.925683)
Rsub
[33](0,167.18814,175.18647,177.38852,179.02067,186.70858,194.78458,205.14379,215.6426,220.30446,222.14508,221.519,219.98886,218.46929,216.96021,215.46156,213.97325,212.49523,211.02742,209.56975,208.12214,206.68454,205.25686,203.83905,202.43103,201.03274,199.6441,198.26506,196.89555,197.19041,198.07308,198.02592,196.65806)
Rsup
[33](0,30.655215,28.556135,27.116126,31.867002,34.717518,40.78031,46.484963,44.406046,41.339081,37.922511,34.776176,31.889894,29.243162,26.816098,24.59047,22.549561,20.678038,18.961845,17.388088,15.944947,14.621581,13.553307,13.292266,12.431818,11.661576,10.774312,10.091237,18.592899,17.926107,16.793141,15.399378,14.121292)
Peso chuva 
[33](2,1.8613497,2,2,2,1.4566272,1.6310316,0.71532681,0.52787629,0.5,1.1217367,2,2,2,2,2,2,2,2,2,2,2,2,2,2,2,2,2,1.2491654,2,2,2,1)
Previsao PMEDIA_ORIG
[13] (3.5,0.8,0.3,0.3,1.2,3.5,3,4.4,5.2,2.6,4.3,4,2.7583333)


Tempo de execucao em: 114 s

Finalizando execucao: 25-03-2020 15:03:58

