02354001 08/01/2020 1100 59      
02354001 09/01/2020 1100 0       
02354001 10/01/2020 1100 0       
02354001 11/01/2020 1100 0       
02354001 12/01/2020 1100 7       
02354001 13/01/2020 1100 0.3     
02354001 14/01/2020 1100 0       
02354001 15/01/2020 1100 10.8    
02354001 16/01/2020 1100 0.3     
02354001 17/01/2020 1100 8.5     
02354001 18/01/2020 1100 0.3     
02354001 19/01/2020 1100 0       
02354001 20/01/2020 1100 0       
02354001 21/01/2020 1100 0       
02354001 22/01/2020 1100 7.3     
02354001 23/01/2020 1100 17      
02354001 24/01/2020 1100 0.3     
02354001 25/01/2020 1100 0       
02354001 26/01/2020 1100 0       
02354001 27/01/2020 1100 0       
02354001 28/01/2020 1100 0       
02354001 29/01/2020 1100 0       
02354001 30/01/2020 1100 4.5     
02354001 31/01/2020 1100 0.8     
02354001 01/02/2020 1100 0       
02354001 02/02/2020 1100 10      
02354001 03/02/2020 1100 3       
02354001 04/02/2020 1100 0       
02354001 05/02/2020 1100 0       
02354001 06/02/2020 1100 0       
02354001 07/02/2020 1100 0.5     
02354001 08/02/2020 1100 0       
02354001 09/02/2020 1100 0       
02354001 10/02/2020 1100 0       
02354001 11/02/2020 1100 2       
02354001 12/02/2020 1100 0       
02354001 13/02/2020 1100 0       
02354001 14/02/2020 1100 0       
02354001 15/02/2020 1100 0       
02354001 16/02/2020 1100 0       
02354001 17/02/2020 1100 0       
02354001 18/02/2020 1100 0       
02354001 19/02/2020 1100 0       
02354001 20/02/2020 1100 0.5     
02354001 21/02/2020 1100 0.3     
02354001 22/02/2020 1100 0       
02354001 23/02/2020 1100 0       
02354001 24/02/2020 1100 0       
02354001 25/02/2020 1100 0       
02354001 26/02/2020 1100 0       
02354001 27/02/2020 1100 13.3    
