02453065 08/01/2020 1200 1.2     
02453065 09/01/2020 1200 0       
02453065 10/01/2020 1200 0.2     
02453065 11/01/2020 1200 17.8    
02453065 12/01/2020 1200 0.4     
02453065 13/01/2020 1200 0.2     
02453065 14/01/2020 1200 0       
02453065 15/01/2020 1200 1.8     
02453065 16/01/2020 1200 2.2     
02453065 17/01/2020 1200 5       
02453065 18/01/2020 1200 0       
02453065 19/01/2020 1200 0       
02453065 20/01/2020 1200 0       
02453065 21/01/2020 1200 0       
02453065 22/01/2020 1200 1       
02453065 23/01/2020 1200 0.4     
02453065 24/01/2020 1200 0.2     
02453065 25/01/2020 1200 0       
02453065 26/01/2020 1200 0       
02453065 27/01/2020 1200 0       
02453065 28/01/2020 1200 0       
02453065 29/01/2020 1200 0       
02453065 30/01/2020 1200 7.2     
02453065 31/01/2020 1200 11.8    
02453065 01/02/2020 1200 0       
02453065 02/02/2020 1200 0       
02453065 03/02/2020 1200 22.8    
02453065 04/02/2020 1200 0       
02453065 05/02/2020 1200 0       
02453065 06/02/2020 1200 0       
02453065 07/02/2020 1200 0.6     
02453065 08/02/2020 1200 11.4    
02453065 09/02/2020 1200 2.4     
02453065 10/02/2020 1200 0.4     
02453065 11/02/2020 1200 13.6    
02453065 12/02/2020 1200 27      
02453065 13/02/2020 1200 0       
02453065 14/02/2020 1200 0       
02453065 15/02/2020 1200 0       
02453065 16/02/2020 1200 0       
02453065 17/02/2020 1200 0       
02453065 18/02/2020 1200 0       
02453065 19/02/2020 1200 0       
02453065 20/02/2020 1200 2.8     
02453065 21/02/2020 1200 6.2     
02453065 22/02/2020 1200 0       
02453065 23/02/2020 1200 0       
02453065 24/02/2020 1200 0       
02453065 25/02/2020 1200 6.6     
02453065 26/02/2020 1200 29.4    
02453065 27/02/2020 1200 0       
