02454034 08/01/2020 1100 40.8    
02454034 09/01/2020 1100 0       
02454034 10/01/2020 1100 0.3     
02454034 11/01/2020 1100 1.3     
02454034 12/01/2020 1100 0.3     
02454034 13/01/2020 1100 0       
02454034 14/01/2020 1100 0.5     
02454034 15/01/2020 1100 0.5     
02454034 16/01/2020 1100 0.3     
02454034 17/01/2020 1100 0       
02454034 18/01/2020 1100 0       
02454034 19/01/2020 1100 0       
02454034 20/01/2020 1100 0       
02454034 21/01/2020 1100 0       
02454034 22/01/2020 1100 5.8     
02454034 23/01/2020 1100 6.8     
02454034 24/01/2020 1100 3.8     
02454034 25/01/2020 1100 0       
02454034 26/01/2020 1100 0       
02454034 27/01/2020 1100 0       
02454034 28/01/2020 1100 0       
02454034 29/01/2020 1100 0       
02454034 30/01/2020 1100 9.5     
02454034 31/01/2020 1100 13.5    
02454034 01/02/2020 1100 0       
02454034 02/02/2020 1100 18.8    
02454034 03/02/2020 1100 7.8     
02454034 04/02/2020 1100 0.3     
02454034 05/02/2020 1100 0       
02454034 06/02/2020 1100 20.8    
02454034 07/02/2020 1100 0       
02454034 08/02/2020 1100 4       
02454034 09/02/2020 1100 0.3     
02454034 10/02/2020 1100 12.5    
02454034 11/02/2020 1100 0       
02454034 12/02/2020 1100 0       
02454034 13/02/2020 1100 0       
02454034 14/02/2020 1100 0       
02454034 15/02/2020 1100 0       
02454034 16/02/2020 1100 0       
02454034 17/02/2020 1100 2.3     
02454034 18/02/2020 1100 3.3     
02454034 19/02/2020 1100 0       
02454034 20/02/2020 1100 3.5     
02454034 21/02/2020 1100 0.3     
02454034 22/02/2020 1100 0       
02454034 23/02/2020 1100 0       
02454034 24/02/2020 1100 0       
02454034 25/02/2020 1100 0       
02454034 26/02/2020 1100 0.3     
02454034 27/02/2020 1100 2.3     
