02452000 08/01/2020 1000 32.8    
02452000 09/01/2020 1000 0       
02452000 10/01/2020 1000 8       
02452000 11/01/2020 1000 35      
02452000 12/01/2020 1000 36.8    
02452000 13/01/2020 1000 0       
02452000 14/01/2020 1000 0       
02452000 15/01/2020 1000 0       
02452000 16/01/2020 1000 0.5     
02452000 17/01/2020 1000 19.3    
02452000 18/01/2020 1000 0       
02452000 19/01/2020 1000 0       
02452000 20/01/2020 1000 0       
02452000 21/01/2020 1000 0       
02452000 22/01/2020 1000 0       
02452000 23/01/2020 1000 0       
02452000 24/01/2020 1000 0       
02452000 25/01/2020 1000 0       
02452000 26/01/2020 1000 0       
02452000 27/01/2020 1000 0       
02452000 28/01/2020 1000 0       
02452000 29/01/2020 1000 10.3    
02452000 30/01/2020 1000 15.3    
02452000 31/01/2020 1000 6.8     
02452000 01/02/2020 1000 0       
02452000 02/02/2020 1000 0.3     
02452000 03/02/2020 1000 55      
02452000 04/02/2020 1000 0       
02452000 05/02/2020 1000 0       
02452000 06/02/2020 1000 0       
02452000 07/02/2020 1000 0       
02452000 08/02/2020 1000 0       
02452000 09/02/2020 1000 0       
02452000 10/02/2020 1000 0       
02452000 11/02/2020 1000 0.8     
02452000 12/02/2020 1000 0       
02452000 13/02/2020 1000 0       
02452000 14/02/2020 1000 0       
02452000 15/02/2020 1000 0       
02452000 16/02/2020 1000 0       
02452000 17/02/2020 1000 0       
02452000 18/02/2020 1000 0       
02452000 19/02/2020 1000 7       
02452000 20/02/2020 1000 0.3     
02452000 21/02/2020 1000 0       
02452000 22/02/2020 1000 0       
02452000 23/02/2020 1000 0       
02452000 24/02/2020 1000 0       
02452000 25/02/2020 1000 0       
02452000 26/02/2020 1000 68.5    
02452000 27/02/2020 1000 0.8     
