02452016 08/01/2020 1000 11.8    
02452016 09/01/2020 1000 3.6     
02452016 10/01/2020 1000 6       
02452016 11/01/2020 1000 62      
02452016 12/01/2020 1000 59.4    
02452016 13/01/2020 1000 0.2     
02452016 14/01/2020 1000 0       
02452016 15/01/2020 1000 0       
02452016 16/01/2020 1000 7.6     
02452016 17/01/2020 1000 15      
02452016 18/01/2020 1000 0.4     
02452016 19/01/2020 1000 0       
02452016 20/01/2020 1000 0       
02452016 21/01/2020 1000 0       
02452016 22/01/2020 1000 0       
02452016 23/01/2020 1000 1.6     
02452016 24/01/2020 1000 0       
02452016 25/01/2020 1000 0       
02452016 26/01/2020 1000 0       
02452016 27/01/2020 1000 0       
02452016 28/01/2020 1000 0       
02452016 29/01/2020 1000 0.2     
02452016 30/01/2020 1000 8.6     
02452016 31/01/2020 1000 5.6     
02452016 01/02/2020 1000 1       
02452016 02/02/2020 1000 0       
02452016 03/02/2020 1000 38      
02452016 04/02/2020 1000 0       
02452016 05/02/2020 1000 0       
02452016 06/02/2020 1000 0       
02452016 07/02/2020 1000 0       
02452016 08/02/2020 1000 0       
02452016 09/02/2020 1000 0       
02452016 10/02/2020 1000 1.8     
02452016 11/02/2020 1000 0       
02452016 12/02/2020 1000 0       
02452016 13/02/2020 1000 0       
02452016 14/02/2020 1000 0       
02452016 15/02/2020 1000 0       
02452016 16/02/2020 1000 0       
02452016 17/02/2020 1000 0       
02452016 18/02/2020 1000 0       
02452016 19/02/2020 1000 17.4    
02452016 20/02/2020 1000 1.2     
02452016 21/02/2020 1000 0       
02452016 22/02/2020 1000 0       
02452016 23/02/2020 1000 0       
02452016 24/02/2020 1000 0       
02452016 25/02/2020 1000 0       
02452016 26/02/2020 1000 54.4    
02452016 27/02/2020 1000 3.8     
