02554042 08/01/2020 1000 0.8     
02554042 09/01/2020 1000 0       
02554042 10/01/2020 1000 1       
02554042 11/01/2020 1000 5       
02554042 12/01/2020 1000 27      
02554042 13/01/2020 1000 0.3     
02554042 14/01/2020 1000 18      
02554042 15/01/2020 1000 2       
02554042 16/01/2020 1000 0.8     
02554042 17/01/2020 1000 0       
02554042 18/01/2020 1000 0       
02554042 19/01/2020 1000 0       
02554042 20/01/2020 1000 0       
02554042 21/01/2020 1000 0       
02554042 22/01/2020 1000 19.5    
02554042 23/01/2020 1000 18.8    
02554042 24/01/2020 1000 1.8     
02554042 25/01/2020 1000 0.3     
02554042 26/01/2020 1000 0       
02554042 27/01/2020 1000 0       
02554042 28/01/2020 1000 0       
02554042 29/01/2020 1000 0       
02554042 30/01/2020 1000 23.3    
02554042 31/01/2020 1000 57.5    
02554042 01/02/2020 1000 0       
02554042 02/02/2020 1000 0       
02554042 03/02/2020 1000 55.3    
02554042 04/02/2020 1000 0       
02554042 05/02/2020 1000 0.5     
02554042 06/02/2020 1000 0       
02554042 07/02/2020 1000 0       
02554042 08/02/2020 1000 0       
02554042 09/02/2020 1000 0       
02554042 10/02/2020 1000 0       
02554042 11/02/2020 1000 0       
02554042 12/02/2020 1000 0.5     
02554042 13/02/2020 1000 0       
02554042 14/02/2020 1000 0       
02554042 15/02/2020 1000 0       
02554042 16/02/2020 1000 0       
02554042 17/02/2020 1000 9.3     
02554042 18/02/2020 1000 0.3     
02554042 19/02/2020 1000 6.5     
02554042 20/02/2020 1000 0       
02554042 21/02/2020 1000 0       
02554042 22/02/2020 1000 0       
02554042 23/02/2020 1000 0       
02554042 24/02/2020 1000 0       
02554042 25/02/2020 1000 0       
02554042 26/02/2020 1000 32.8    
02554042 27/02/2020 1000 0       
