99990869 08/01/2020 1200 44.2    
99990869 09/01/2020 1200 0.2     
99990869 10/01/2020 1200 0       
99990869 11/01/2020 1200 0       
99990869 12/01/2020 1200 48.4    
99990869 13/01/2020 1200 14.2    
99990869 14/01/2020 1200 2.8     
99990869 15/01/2020 1200 12      
99990869 16/01/2020 1200 0       
99990869 17/01/2020 1200 1.2     
99990869 18/01/2020 1200 0       
99990869 19/01/2020 1200 0       
99990869 20/01/2020 1200 0       
99990869 21/01/2020 1200 0       
99990869 22/01/2020 1200 0       
99990869 23/01/2020 1200 18.2    
99990869 24/01/2020 1200 0       
99990869 25/01/2020 1200 0       
99990869 26/01/2020 1200 0       
99990869 27/01/2020 1200 0       
99990869 28/01/2020 1200 0       
99990869 29/01/2020 1200 0       
99990869 30/01/2020 1200 18.2    
99990869 31/01/2020 1200 9       
99990869 01/02/2020 1200 1       
99990869 02/02/2020 1200 6.2     
99990869 03/02/2020 1200 18      
99990869 04/02/2020 1200 0.2     
99990869 05/02/2020 1200 0       
99990869 06/02/2020 1200 13.8    
99990869 07/02/2020 1200 0.2     
99990869 08/02/2020 1200 1       
99990869 09/02/2020 1200 0       
99990869 10/02/2020 1200 0       
99990869 11/02/2020 1200 0       
99990869 12/02/2020 1200 0       
99990869 13/02/2020 1200 0       
99990869 14/02/2020 1200 0       
99990869 15/02/2020 1200 0       
99990869 16/02/2020 1200 0       
99990869 17/02/2020 1200 0       
99990869 18/02/2020 1200 0       
99990869 19/02/2020 1200 0       
99990869 20/02/2020 1200 16      
99990869 21/02/2020 1200 0.6     
99990869 22/02/2020 1200 0.2     
99990869 23/02/2020 1200 0       
99990869 24/02/2020 1200 0       
99990869 25/02/2020 1200 0       
99990869 26/02/2020 1200 21.6    
99990869 27/02/2020 1200 28      
