99990703 08/01/2020 1200 4       
99990703 09/01/2020 1200 0       
99990703 10/01/2020 1200 2       
99990703 11/01/2020 1200 0.4     
99990703 12/01/2020 1200 3.8     
99990703 13/01/2020 1200 2.4     
99990703 14/01/2020 1200 0.2     
99990703 15/01/2020 1200 0       
99990703 16/01/2020 1200 0       
99990703 17/01/2020 1200 1.4     
99990703 18/01/2020 1200 0       
99990703 19/01/2020 1200 0       
99990703 20/01/2020 1200 0       
99990703 21/01/2020 1200 0       
99990703 22/01/2020 1200 68.6    
99990703 23/01/2020 1200 3.4     
99990703 24/01/2020 1200 1.2     
99990703 25/01/2020 1200 0       
99990703 26/01/2020 1200 0       
99990703 27/01/2020 1200 0       
99990703 28/01/2020 1200 4.4     
99990703 29/01/2020 1200 0.4     
99990703 30/01/2020 1200 2       
99990703 31/01/2020 1200 18.6    
99990703 01/02/2020 1200 0.2     
99990703 02/02/2020 1200 1.2     
99990703 03/02/2020 1200 8.4     
99990703 04/02/2020 1200 0.2     
99990703 05/02/2020 1200 10.8    
99990703 06/02/2020 1200 23      
99990703 07/02/2020 1200 3.4     
99990703 08/02/2020 1200 3       
99990703 09/02/2020 1200 1.8     
99990703 10/02/2020 1200 4.8     
99990703 11/02/2020 1200 5.4     
99990703 12/02/2020 1200 4.6     
99990703 13/02/2020 1200 0       
99990703 14/02/2020 1200 0       
99990703 15/02/2020 1200 0       
99990703 16/02/2020 1200 0       
99990703 17/02/2020 1200 0       
99990703 18/02/2020 1200 0       
99990703 19/02/2020 1200 0       
99990703 20/02/2020 1200 9.2     
99990703 21/02/2020 1200 48.8    
99990703 22/02/2020 1200 0       
99990703 23/02/2020 1200 0       
99990703 24/02/2020 1200 0       
99990703 25/02/2020 1200 0       
99990703 26/02/2020 1200 25.4    
99990703 27/02/2020 1200 0.2     
