99990818 08/01/2020 1200 7.2     
99990818 09/01/2020 1200 0       
99990818 10/01/2020 1200 4.2     
99990818 11/01/2020 1200 19.6    
99990818 12/01/2020 1200 23.4    
99990818 13/01/2020 1200 4.6     
99990818 14/01/2020 1200 0       
99990818 15/01/2020 1200 0       
99990818 16/01/2020 1200 0       
99990818 17/01/2020 1200 30.4    
99990818 18/01/2020 1200 0       
99990818 19/01/2020 1200 0       
99990818 20/01/2020 1200 0       
99990818 21/01/2020 1200 0       
99990818 22/01/2020 1200 0       
99990818 23/01/2020 1200 4.8     
99990818 24/01/2020 1200 0.2     
99990818 25/01/2020 1200 0       
99990818 26/01/2020 1200 0       
99990818 27/01/2020 1200 0       
99990818 28/01/2020 1200 2.6     
99990818 29/01/2020 1200 1       
99990818 30/01/2020 1200 13.2    
99990818 31/01/2020 1200 12.4    
99990818 01/02/2020 1200 0       
99990818 02/02/2020 1200 56      
99990818 03/02/2020 1200 17.8    
99990818 04/02/2020 1200 0       
99990818 05/02/2020 1200 2       
99990818 06/02/2020 1200 14      
99990818 07/02/2020 1200 0       
99990818 08/02/2020 1200 0.2     
99990818 09/02/2020 1200 0       
99990818 10/02/2020 1200 0.4     
99990818 11/02/2020 1200 0       
99990818 12/02/2020 1200 0       
99990818 13/02/2020 1200 0       
99990818 14/02/2020 1200 0       
99990818 15/02/2020 1200 0       
99990818 16/02/2020 1200 0       
99990818 17/02/2020 1200 0       
99990818 18/02/2020 1200 0       
99990818 19/02/2020 1200 0       
99990818 20/02/2020 1200 4.4     
99990818 21/02/2020 1200 0       
99990818 22/02/2020 1200 0       
99990818 23/02/2020 1200 0       
99990818 24/02/2020 1200 0       
99990818 25/02/2020 1200 0.6     
99990818 26/02/2020 1200 12.2    
99990818 27/02/2020 1200 16.4    
