00083652 13/12/2019 1200 0       
00083652 14/12/2019 1200 3       
00083652 15/12/2019 1200 1       
00083652 16/12/2019 1200 0       
00083652 17/12/2019 1200 0       
00083652 18/12/2019 1200 23      
00083652 19/12/2019 1200 3       
00083652 20/12/2019 1200 1       
00083652 21/12/2019 1200 0       
00083652 22/12/2019 1200 0       
00083652 23/12/2019 1200 1       
00083652 24/12/2019 1200 13      
00083652 25/12/2019 1200 0       
00083652 26/12/2019 1200 0       
00083652 27/12/2019 1200 0       
00083652 28/12/2019 1200 0       
00083652 29/12/2019 1200 2       
00083652 30/12/2019 1200 0       
00083652 31/12/2019 1200 0       
00083652 01/01/2020 1200 6       
00083652 02/01/2020 1200 6       
00083652 03/01/2020 1200 43      
00083652 04/01/2020 1200 29      
00083652 05/01/2020 1200 11      
00083652 06/01/2020 1200 14      
00083652 07/01/2020 1200 4       
00083652 08/01/2020 1200 8       
00083652 09/01/2020 1200 26      
00083652 10/01/2020 1200 23      
00083652 11/01/2020 1200 0       
00083652 12/01/2020 1200 0       
00083652 13/01/2020 1200 4       
00083652 14/01/2020 1200 0       
00083652 15/01/2020 1200 0       
00083652 16/01/2020 1200 0       
00083652 17/01/2020 1200 0       
00083652 18/01/2020 1200 0       
00083652 19/01/2020 1200 1       
00083652 20/01/2020 1200 29      
00083652 21/01/2020 1200 4       
00083652 22/01/2020 1200 17      
00083652 23/01/2020 1200 14      
00083652 24/01/2020 1200 71      
00083652 25/01/2020 1200 3       
00083652 26/01/2020 1200 0       
00083652 27/01/2020 1200 0       
