01947032 13/12/2019 1000 0       
01947032 14/12/2019 1000 14      
01947032 15/12/2019 1000 0       
01947032 16/12/2019 1000 0       
01947032 17/12/2019 1000 0       
01947032 18/12/2019 1000 0       
01947032 19/12/2019 1000 8       
01947032 20/12/2019 1000 0       
01947032 21/12/2019 1000 15      
01947032 22/12/2019 1000 2       
01947032 23/12/2019 1000 21      
01947032 24/12/2019 1000 2       
01947032 25/12/2019 1000 0       
01947032 26/12/2019 1000 0       
01947032 27/12/2019 1000 15      
01947032 28/12/2019 1000 0       
01947032 29/12/2019 1000 0       
01947032 30/12/2019 1000 0       
01947032 31/12/2019 1000 0       
01947032 01/01/2020 1000 0       
01947032 02/01/2020 1000 20      
01947032 03/01/2020 1000 15      
01947032 04/01/2020 1000 11      
01947032 05/01/2020 1000 0       
01947032 06/01/2020 1000 37      
01947032 07/01/2020 1000 1       
01947032 08/01/2020 1000 20      
01947032 09/01/2020 1000 17      
01947032 10/01/2020 1000 34      
01947032 11/01/2020 1000 30      
01947032 12/01/2020 1000 0       
01947032 13/01/2020 1000 0       
01947032 14/01/2020 1000 1       
01947032 15/01/2020 1000 0       
01947032 16/01/2020 1000 0       
01947032 17/01/2020 1000 79      
01947032 18/01/2020 1000 35      
01947032 19/01/2020 1000 15      
01947032 20/01/2020 1000 30      
01947032 21/01/2020 1000 10      
01947032 22/01/2020 1000 2       
01947032 23/01/2020 1000 31      
01947032 24/01/2020 1000 59      
01947032 25/01/2020 1000 50      
01947032 26/01/2020 1000 0       
01947032 27/01/2020 1000 0       
