02048103 13/12/2019 1000 0.2     
02048103 14/12/2019 1000 6.4     
02048103 15/12/2019 1000 0.2     
02048103 16/12/2019 1000 0       
02048103 17/12/2019 1000 0       
02048103 18/12/2019 1000 13.4    
02048103 19/12/2019 1000 0.2     
02048103 20/12/2019 1000 1.4     
02048103 21/12/2019 1000 5.6     
02048103 22/12/2019 1000 0.8     
02048103 23/12/2019 1000 14.6    
02048103 24/12/2019 1000 2.4     
02048103 25/12/2019 1000 0.4     
02048103 26/12/2019 1000 0       
02048103 27/12/2019 1000 1.6     
02048103 28/12/2019 1000 2       
02048103 29/12/2019 1000 12.8    
02048103 30/12/2019 1000 14      
02048103 31/12/2019 1000 0       
02048103 01/01/2020 1000 0       
02048103 02/01/2020 1000 0       
02048103 03/01/2020 1000 3       
02048103 04/01/2020 1000 10.8    
02048103 05/01/2020 1000 9.8     
02048103 06/01/2020 1000 38.8    
02048103 07/01/2020 1000 0.2     
02048103 08/01/2020 1000 26.8    
02048103 09/01/2020 1000 19.6    
02048103 10/01/2020 1000 27.4    
02048103 11/01/2020 1000 0.2     
02048103 12/01/2020 1000 0       
02048103 13/01/2020 1000 0       
02048103 14/01/2020 1000 0       
02048103 15/01/2020 1000 0       
02048103 16/01/2020 1000 0       
02048103 17/01/2020 1000 0       
02048103 18/01/2020 1000 3.8     
02048103 19/01/2020 1000 11.2    
02048103 20/01/2020 1000 8.8     
02048103 21/01/2020 1000 0       
02048103 22/01/2020 1000 4.8     
02048103 23/01/2020 1000 4       
02048103 24/01/2020 1000 41.6    
02048103 25/01/2020 1000 14.4    
02048103 26/01/2020 1000 0.2     
02048103 27/01/2020 1000 0       
