02046027 13/12/2019 1000 0.4     
02046027 14/12/2019 1000 38      
02046027 15/12/2019 1000 0       
02046027 16/12/2019 1000 0       
02046027 17/12/2019 1000 0       
02046027 18/12/2019 1000 0       
02046027 19/12/2019 1000 11      
02046027 20/12/2019 1000 6.4     
02046027 21/12/2019 1000 1.4     
02046027 22/12/2019 1000 0       
02046027 23/12/2019 1000 1       
02046027 24/12/2019 1000 5.4     
02046027 25/12/2019 1000 0       
02046027 26/12/2019 1000 0       
02046027 27/12/2019 1000 0       
02046027 28/12/2019 1000 0       
02046027 29/12/2019 1000 4       
02046027 30/12/2019 1000 0       
02046027 31/12/2019 1000 0       
02046027 01/01/2020 1000 0       
02046027 02/01/2020 1000 18.4    
02046027 03/01/2020 1000 54.8    
02046027 04/01/2020 1000 45      
02046027 05/01/2020 1000 6       
02046027 06/01/2020 1000 3.2     
02046027 07/01/2020 1000 20.8    
02046027 08/01/2020 1000 1.2     
02046027 09/01/2020 1000 0       
02046027 10/01/2020 1000 0.4     
02046027 11/01/2020 1000 2.6     
02046027 12/01/2020 1000 0       
02046027 13/01/2020 1000 27.2    
02046027 14/01/2020 1000 0       
02046027 15/01/2020 1000 0       
02046027 16/01/2020 1000 0       
02046027 17/01/2020 1000 6       
02046027 18/01/2020 1000 1       
02046027 19/01/2020 1000 35      
02046027 20/01/2020 1000 20      
02046027 21/01/2020 1000 26.4    
02046027 22/01/2020 1000 0.2     
02046027 23/01/2020 1000 7       
02046027 24/01/2020 1000 70.6    
02046027 25/01/2020 1000 77.2    
02046027 26/01/2020 1000 0       
02046027 27/01/2020 1000 0       
