02047034 13/12/2019 1200 1       
02047034 14/12/2019 1200 13      
02047034 15/12/2019 1200 0       
02047034 16/12/2019 1200 0       
02047034 17/12/2019 1200 0       
02047034 18/12/2019 1200 0       
02047034 19/12/2019 1200 0       
02047034 20/12/2019 1200 19      
02047034 21/12/2019 1200 5       
02047034 22/12/2019 1200 2       
02047034 23/12/2019 1200 18      
02047034 24/12/2019 1200 2       
02047034 25/12/2019 1200 3       
02047034 26/12/2019 1200 0.8     
02047034 27/12/2019 1200 0       
02047034 28/12/2019 1200 0       
02047034 29/12/2019 1200 0.3     
02047034 30/12/2019 1200 0       
02047034 31/12/2019 1200 0       
02047034 01/01/2020 1200 0       
02047034 02/01/2020 1200 12      
02047034 03/01/2020 1200 31      
02047034 04/01/2020 0000 -       
02047034 05/01/2020 1200 18      
02047034 06/01/2020 1200 6       
02047034 07/01/2020 1200 0       
02047034 08/01/2020 1200 9       
02047034 09/01/2020 1200 0.2     
02047034 10/01/2020 1200 27      
02047034 11/01/2020 1200 1       
02047034 12/01/2020 1200 0       
02047034 13/01/2020 1200 22      
02047034 14/01/2020 1200 9       
02047034 15/01/2020 1200 2       
02047034 16/01/2020 1200 0       
02047034 17/01/2020 1200 0       
02047034 18/01/2020 1200 1       
02047034 19/01/2020 1200 39      
02047034 20/01/2020 1200 22      
02047034 21/01/2020 1200 45      
02047034 22/01/2020 1200 22      
02047034 23/01/2020 1200 21      
02047034 24/01/2020 1200 20      
02047034 25/01/2020 1200 9       
02047034 26/01/2020 1200 0       
02047034 27/01/2020 1200 0       
