02047115 13/12/2019 1000 1.6     
02047115 14/12/2019 1000 0.4     
02047115 15/12/2019 1000 0       
02047115 16/12/2019 1000 0       
02047115 17/12/2019 1000 0       
02047115 18/12/2019 1000 0       
02047115 19/12/2019 1000 10.8    
02047115 20/12/2019 1000 1.2     
02047115 21/12/2019 1000 3.4     
02047115 22/12/2019 1000 15.4    
02047115 23/12/2019 1000 9.6     
02047115 24/12/2019 1000 0.6     
02047115 25/12/2019 1000 0.2     
02047115 26/12/2019 1000 22.6    
02047115 27/12/2019 1000 2.8     
02047115 28/12/2019 1000 0.2     
02047115 29/12/2019 1000 0       
02047115 30/12/2019 1000 0       
02047115 31/12/2019 1000 0       
02047115 01/01/2020 1000 0       
02047115 02/01/2020 1000 0.8     
02047115 03/01/2020 1000 9.6     
02047115 04/01/2020 1000 22.2    
02047115 05/01/2020 1000 4.6     
02047115 06/01/2020 1000 1.4     
02047115 07/01/2020 1000 0.2     
02047115 08/01/2020 1000 1       
02047115 09/01/2020 1000 16.2    
02047115 10/01/2020 1000 19.8    
02047115 11/01/2020 1000 0       
02047115 12/01/2020 1000 0       
02047115 13/01/2020 1000 0       
02047115 14/01/2020 1000 0       
02047115 15/01/2020 1000 0       
02047115 16/01/2020 1000 0       
02047115 17/01/2020 1000 2.4     
02047115 18/01/2020 1000 51.8    
02047115 19/01/2020 1000 58      
02047115 20/01/2020 1000 20.8    
02047115 21/01/2020 1000 1.2     
02047115 22/01/2020 1000 24.4    
02047115 23/01/2020 1000 4.6     
02047115 24/01/2020 1000 56.6    
02047115 25/01/2020 1000 29      
02047115 26/01/2020 1000 0.2     
02047115 27/01/2020 1000 0       
