02046041 13/12/2019 1000 0       
02046041 14/12/2019 1000 6       
02046041 15/12/2019 1000 0       
02046041 16/12/2019 1000 0       
02046041 17/12/2019 1000 0       
02046041 18/12/2019 1000 0       
02046041 19/12/2019 1000 10      
02046041 20/12/2019 1000 26      
02046041 21/12/2019 1000 2       
02046041 22/12/2019 1000 0       
02046041 23/12/2019 1000 6       
02046041 24/12/2019 1000 2       
02046041 25/12/2019 1000 0       
02046041 26/12/2019 1000 0       
02046041 27/12/2019 1000 0       
02046041 28/12/2019 1000 0       
02046041 29/12/2019 1000 0       
02046041 30/12/2019 1000 0       
02046041 31/12/2019 1000 0       
02046041 01/01/2020 1000 0       
02046041 02/01/2020 1000 23      
02046041 03/01/2020 1000 55      
02046041 04/01/2020 1000 11      
02046041 05/01/2020 1000 12      
02046041 06/01/2020 1000 19      
02046041 07/01/2020 1000 7       
02046041 08/01/2020 1000 6       
02046041 09/01/2020 1000 3       
02046041 10/01/2020 1000 2       
02046041 11/01/2020 1000 12      
02046041 12/01/2020 1000 0       
02046041 13/01/2020 1000 0       
02046041 14/01/2020 1000 0       
02046041 15/01/2020 1000 0       
02046041 16/01/2020 1000 2       
02046041 17/01/2020 1000 14      
02046041 18/01/2020 1000 0       
02046041 19/01/2020 1000 6       
02046041 20/01/2020 1000 0       
02046041 21/01/2020 1000 9       
02046041 22/01/2020 1000 2       
02046041 23/01/2020 1000 7       
02046041 24/01/2020 1000 69      
02046041 25/01/2020 1000 10      
02046041 26/01/2020 1000 0       
02046041 27/01/2020 1000 0       
