02049068 13/12/2019 1200 2       
02049068 14/12/2019 0000 -       
02049068 15/12/2019 1200 0       
02049068 16/12/2019 1200 10      
02049068 17/12/2019 1200 4       
02049068 18/12/2019 1200 8       
02049068 19/12/2019 1200 0       
02049068 20/12/2019 1200 0       
02049068 21/12/2019 1200 30      
02049068 22/12/2019 1200 0       
02049068 23/12/2019 1200 0       
02049068 24/12/2019 1200 15      
02049068 25/12/2019 1200 0       
02049068 26/12/2019 1200 0       
02049068 27/12/2019 1200 0       
02049068 28/12/2019 1200 0       
02049068 29/12/2019 1200 0       
02049068 30/12/2019 1200 0       
02049068 31/12/2019 1200 0       
02049068 01/01/2020 1200 0       
02049068 02/01/2020 1200 0.4     
02049068 03/01/2020 1200 36      
02049068 04/01/2020 1200 9       
02049068 05/01/2020 0000 -       
02049068 06/01/2020 1200 9       
02049068 07/01/2020 1200 0.6     
02049068 08/01/2020 1200 0       
02049068 09/01/2020 1200 3       
02049068 10/01/2020 1200 16      
02049068 11/01/2020 1200 0.4     
02049068 12/01/2020 0000 -       
02049068 13/01/2020 1200 4       
02049068 14/01/2020 1200 1       
02049068 15/01/2020 1200 0       
02049068 16/01/2020 1200 0       
02049068 17/01/2020 1200 0       
02049068 18/01/2020 0000 -       
02049068 19/01/2020 1200 0       
02049068 20/01/2020 1200 0       
02049068 21/01/2020 1200 0       
02049068 22/01/2020 1200 11      
02049068 23/01/2020 1200 35      
02049068 24/01/2020 1200 50      
02049068 25/01/2020 1200 0       
02049068 26/01/2020 0000 -       
02049068 27/01/2020 1200 0       
