02045004 13/12/2019 1000 0.2     
02045004 14/12/2019 1000 15      
02045004 15/12/2019 1000 0.6     
02045004 16/12/2019 1000 0.2     
02045004 17/12/2019 1000 0       
02045004 18/12/2019 1000 0       
02045004 19/12/2019 1000 0       
02045004 20/12/2019 1000 3       
02045004 21/12/2019 1000 19.6    
02045004 22/12/2019 1000 0       
02045004 23/12/2019 1000 3       
02045004 24/12/2019 1000 72      
02045004 25/12/2019 1000 0.2     
02045004 26/12/2019 1000 0       
02045004 27/12/2019 1000 0       
02045004 28/12/2019 1000 0.4     
02045004 29/12/2019 1000 0       
02045004 30/12/2019 1000 0       
02045004 31/12/2019 1000 0       
02045004 01/01/2020 1000 4.6     
02045004 02/01/2020 1000 3       
02045004 03/01/2020 1000 2.8     
02045004 04/01/2020 1000 10      
02045004 05/01/2020 1000 12.6    
02045004 06/01/2020 1000 17.2    
02045004 07/01/2020 1000 0       
02045004 08/01/2020 1000 13.6    
02045004 09/01/2020 1000 12.4    
02045004 10/01/2020 1000 0       
02045004 11/01/2020 1000 0       
02045004 12/01/2020 1000 3       
02045004 13/01/2020 1000 0       
02045004 14/01/2020 1000 11.6    
02045004 15/01/2020 1000 0.2     
02045004 16/01/2020 1000 0       
02045004 17/01/2020 1000 19.8    
02045004 18/01/2020 1000 4.4     
02045004 19/01/2020 1000 0       
02045004 20/01/2020 1000 0.2     
02045004 21/01/2020 1000 3.4     
02045004 22/01/2020 1000 0       
02045004 23/01/2020 1000 10      
02045004 24/01/2020 1000 28.6    
02045004 25/01/2020 1000 30.8    
02045004 26/01/2020 1000 0.2     
02045004 27/01/2020 1000 0       
