02144046 13/12/2019 1000 26      
02144046 14/12/2019 1000 4       
02144046 15/12/2019 1000 1       
02144046 16/12/2019 1000 0       
02144046 17/12/2019 1000 0       
02144046 18/12/2019 1000 0       
02144046 19/12/2019 1000 0       
02144046 20/12/2019 1000 22      
02144046 21/12/2019 1000 5       
02144046 22/12/2019 1000 1       
02144046 23/12/2019 1000 9       
02144046 24/12/2019 1000 24      
02144046 25/12/2019 1000 0       
02144046 26/12/2019 1000 3       
02144046 27/12/2019 1000 0       
02144046 28/12/2019 1000 0       
02144046 29/12/2019 1000 0       
02144046 30/12/2019 1000 0       
02144046 31/12/2019 1000 0       
02144046 01/01/2020 1000 12      
02144046 02/01/2020 1000 14      
02144046 03/01/2020 1000 6       
02144046 04/01/2020 1000 15      
02144046 05/01/2020 1000 5       
02144046 06/01/2020 1000 51      
02144046 07/01/2020 1000 7       
02144046 08/01/2020 1000 0       
02144046 09/01/2020 1000 5       
02144046 10/01/2020 1000 5       
02144046 11/01/2020 1000 6       
02144046 12/01/2020 1000 0       
02144046 13/01/2020 1000 20      
02144046 14/01/2020 1000 0       
02144046 15/01/2020 1000 1       
02144046 16/01/2020 1000 0       
02144046 17/01/2020 1000 5       
02144046 18/01/2020 1000 9       
02144046 19/01/2020 1000 0       
02144046 20/01/2020 1000 8       
02144046 21/01/2020 1000 2       
02144046 22/01/2020 1000 0       
02144046 23/01/2020 1000 1       
02144046 24/01/2020 1000 15      
02144046 25/01/2020 1000 4       
02144046 26/01/2020 1000 0       
02144046 27/01/2020 1000 0       
