02147052 13/12/2019 1200 0       
02147052 14/12/2019 1200 0       
02147052 15/12/2019 1200 0       
02147052 16/12/2019 1200 0       
02147052 17/12/2019 1200 0       
02147052 18/12/2019 1200 6       
02147052 19/12/2019 1200 0       
02147052 20/12/2019 1200 6       
02147052 21/12/2019 1200 2       
02147052 22/12/2019 1200 6       
02147052 23/12/2019 1200 0       
02147052 24/12/2019 1200 22      
02147052 25/12/2019 1200 0       
02147052 26/12/2019 1200 0       
02147052 27/12/2019 1200 0       
02147052 28/12/2019 1200 0       
02147052 29/12/2019 1200 0       
02147052 30/12/2019 1200 0       
02147052 31/12/2019 1200 0       
02147052 01/01/2020 1200 0       
02147052 02/01/2020 1200 0       
02147052 03/01/2020 1200 29      
02147052 04/01/2020 1200 0       
02147052 05/01/2020 1200 11      
02147052 06/01/2020 1200 0       
02147052 07/01/2020 1200 5       
02147052 08/01/2020 1200 15      
02147052 09/01/2020 1200 11      
02147052 10/01/2020 1200 1       
02147052 11/01/2020 1200 0       
02147052 12/01/2020 1200 2       
02147052 13/01/2020 1200 1       
02147052 14/01/2020 1200 0       
02147052 15/01/2020 1200 0       
02147052 16/01/2020 1200 0       
02147052 17/01/2020 1200 3       
02147052 18/01/2020 1200 0       
02147052 19/01/2020 1200 0       
02147052 20/01/2020 1200 0       
02147052 21/01/2020 1200 4       
02147052 22/01/2020 1200 0       
02147052 23/01/2020 1200 4       
02147052 24/01/2020 1200 23      
02147052 25/01/2020 1200 0       
02147052 26/01/2020 1200 0       
02147052 27/01/2020 1200 0       
