02144048 13/12/2019 1000 8       
02144048 14/12/2019 1000 8       
02144048 15/12/2019 1000 0       
02144048 16/12/2019 1000 0       
02144048 17/12/2019 1000 0       
02144048 18/12/2019 1000 0       
02144048 19/12/2019 1000 0       
02144048 20/12/2019 1000 1       
02144048 21/12/2019 1000 2       
02144048 22/12/2019 1000 0       
02144048 23/12/2019 1000 17      
02144048 24/12/2019 1000 32      
02144048 25/12/2019 1000 12      
02144048 26/12/2019 1000 0       
02144048 27/12/2019 1000 0       
02144048 28/12/2019 1000 0       
02144048 29/12/2019 1000 0       
02144048 30/12/2019 1000 0       
02144048 31/12/2019 1000 0       
02144048 01/01/2020 1000 0       
02144048 02/01/2020 1000 0       
02144048 03/01/2020 1000 9       
02144048 04/01/2020 1000 27      
02144048 05/01/2020 1000 42      
02144048 06/01/2020 1000 12      
02144048 07/01/2020 1000 0       
02144048 08/01/2020 1000 2       
02144048 09/01/2020 1000 10      
02144048 10/01/2020 1000 0       
02144048 11/01/2020 1000 0       
02144048 12/01/2020 1000 0       
02144048 13/01/2020 1000 7       
02144048 14/01/2020 1000 18      
02144048 15/01/2020 1000 0       
02144048 16/01/2020 1000 0       
02144048 17/01/2020 1000 0       
02144048 18/01/2020 1000 6       
02144048 19/01/2020 1000 0       
02144048 20/01/2020 1000 5       
02144048 21/01/2020 1000 10      
02144048 22/01/2020 1000 0       
02144048 23/01/2020 1000 2       
02144048 24/01/2020 1000 22      
02144048 25/01/2020 1000 20      
02144048 26/01/2020 1000 0       
02144048 27/01/2020 1000 0       
