02145023 13/12/2019 1000 25.4    
02145023 14/12/2019 1000 18.6    
02145023 15/12/2019 1000 0.4     
02145023 16/12/2019 1000 0       
02145023 17/12/2019 1000 0       
02145023 18/12/2019 1000 0       
02145023 19/12/2019 1000 1.8     
02145023 20/12/2019 1000 32      
02145023 21/12/2019 1000 6       
02145023 22/12/2019 1000 0.2     
02145023 23/12/2019 1000 6.6     
02145023 24/12/2019 1000 16.2    
02145023 25/12/2019 1000 0.2     
02145023 26/12/2019 1000 0       
02145023 27/12/2019 1000 0       
02145023 28/12/2019 1000 0       
02145023 29/12/2019 1000 0       
02145023 30/12/2019 1000 0       
02145023 31/12/2019 1000 0       
02145023 01/01/2020 1000 10.4    
02145023 02/01/2020 1000 0.2     
02145023 03/01/2020 1000 19      
02145023 04/01/2020 1000 1.6     
02145023 05/01/2020 1000 35.8    
02145023 06/01/2020 1000 1.4     
02145023 07/01/2020 1000 0.2     
02145023 08/01/2020 1000 2.4     
02145023 09/01/2020 1000 6.2     
02145023 10/01/2020 1000 0.2     
02145023 11/01/2020 1000 0.2     
02145023 12/01/2020 1000 1.6     
02145023 13/01/2020 1000 8.8     
02145023 14/01/2020 1000 47      
02145023 15/01/2020 1000 0       
02145023 16/01/2020 1000 0       
02145023 17/01/2020 1000 1.6     
02145023 18/01/2020 1000 0       
02145023 19/01/2020 1000 0.6     
02145023 20/01/2020 1000 0.4     
02145023 21/01/2020 1000 5.4     
02145023 22/01/2020 1000 0.2     
02145023 23/01/2020 1000 8       
02145023 24/01/2020 1000 14.4    
02145023 25/01/2020 1000 8.4     
02145023 26/01/2020 1000 0.2     
02145023 27/01/2020 1000 0.2     
