02144045 13/12/2019 1000 0       
02144045 14/12/2019 1000 30      
02144045 15/12/2019 1000 0.2     
02144045 16/12/2019 1000 0       
02144045 17/12/2019 1000 0       
02144045 18/12/2019 1000 0       
02144045 19/12/2019 1000 0       
02144045 20/12/2019 1000 0.6     
02144045 21/12/2019 1000 22.6    
02144045 22/12/2019 1000 0.4     
02144045 23/12/2019 1000 11      
02144045 24/12/2019 1000 18      
02144045 25/12/2019 1000 7       
02144045 26/12/2019 1000 0       
02144045 27/12/2019 1000 0       
02144045 28/12/2019 1000 0       
02144045 29/12/2019 1000 0       
02144045 30/12/2019 1000 0       
02144045 31/12/2019 1000 0       
02144045 01/01/2020 1000 0       
02144045 02/01/2020 1000 16.8    
02144045 03/01/2020 1000 2.2     
02144045 04/01/2020 1000 12.4    
02144045 05/01/2020 1000 23      
02144045 06/01/2020 1000 12      
02144045 07/01/2020 1000 13.4    
02144045 08/01/2020 1000 4.2     
02144045 09/01/2020 1000 3.6     
02144045 10/01/2020 1000 0.8     
02144045 11/01/2020 1000 0       
02144045 12/01/2020 1000 19.4    
02144045 13/01/2020 1000 0       
02144045 14/01/2020 1000 0.8     
02144045 15/01/2020 1000 0       
02144045 16/01/2020 1000 0       
02144045 17/01/2020 1000 5.2     
02144045 18/01/2020 1000 0       
02144045 19/01/2020 1000 0       
02144045 20/01/2020 1000 15.8    
02144045 21/01/2020 1000 11      
02144045 22/01/2020 1000 0       
02144045 23/01/2020 1000 0.6     
02144045 24/01/2020 1000 32      
02144045 25/01/2020 1000 28.8    
02144045 26/01/2020 1000 0       
02144045 27/01/2020 1000 0       
