02145051 13/12/2019 1000 14.2    
02145051 14/12/2019 1000 0       
02145051 15/12/2019 1000 0       
02145051 16/12/2019 1000 0       
02145051 17/12/2019 1000 0       
02145051 18/12/2019 1000 0       
02145051 19/12/2019 1000 0       
02145051 20/12/2019 1000 4.6     
02145051 21/12/2019 1000 7.2     
02145051 22/12/2019 1000 0       
02145051 23/12/2019 1000 11      
02145051 24/12/2019 1000 28.6    
02145051 25/12/2019 1000 0       
02145051 26/12/2019 1000 0       
02145051 27/12/2019 1000 0       
02145051 28/12/2019 1000 0       
02145051 29/12/2019 1000 0       
02145051 30/12/2019 1000 0.2     
02145051 31/12/2019 1000 0       
02145051 01/01/2020 1000 2.6     
02145051 02/01/2020 1000 0       
02145051 03/01/2020 1000 13.2    
02145051 04/01/2020 1000 18.6    
02145051 05/01/2020 1000 16.8    
02145051 06/01/2020 1000 48.8    
02145051 07/01/2020 1000 0       
02145051 08/01/2020 1000 6       
02145051 09/01/2020 1000 6       
02145051 10/01/2020 1000 2       
02145051 11/01/2020 1000 20.4    
02145051 12/01/2020 1000 7.4     
02145051 13/01/2020 1000 0       
02145051 14/01/2020 1000 0       
02145051 15/01/2020 1000 0       
02145051 16/01/2020 1000 0       
02145051 17/01/2020 1000 6.6     
02145051 18/01/2020 1000 0       
02145051 19/01/2020 1000 0       
02145051 20/01/2020 1000 0.4     
02145051 21/01/2020 1000 17.8    
02145051 22/01/2020 1000 0       
02145051 23/01/2020 1000 0.8     
02145051 24/01/2020 1000 18.8    
02145051 25/01/2020 1000 12      
02145051 26/01/2020 1000 0       
02145051 27/01/2020 1000 0       
