02147049 13/12/2019 1200 0       
02147049 14/12/2019 1200 0.6     
02147049 15/12/2019 1200 0.1     
02147049 16/12/2019 1200 0       
02147049 17/12/2019 1200 0       
02147049 18/12/2019 1200 36      
02147049 19/12/2019 1200 0.1     
02147049 20/12/2019 1200 0       
02147049 21/12/2019 1200 3       
02147049 22/12/2019 1200 0       
02147049 23/12/2019 1200 4       
02147049 24/12/2019 1200 4       
02147049 25/12/2019 1200 0       
02147049 26/12/2019 1200 0       
02147049 27/12/2019 1200 15      
02147049 28/12/2019 1200 0       
02147049 29/12/2019 1200 0       
02147049 30/12/2019 1200 0       
02147049 31/12/2019 1200 3       
02147049 01/01/2020 1200 47.6    
02147049 02/01/2020 1200 0       
02147049 03/01/2020 1200 79      
02147049 04/01/2020 1200 9       
02147049 05/01/2020 1200 1       
02147049 06/01/2020 1200 2       
02147049 07/01/2020 1200 0       
02147049 08/01/2020 1200 2       
02147049 09/01/2020 1200 49      
02147049 10/01/2020 1200 40      
02147049 11/01/2020 1200 0       
02147049 12/01/2020 1200 0.2     
02147049 13/01/2020 1200 6       
02147049 14/01/2020 1200 0       
02147049 15/01/2020 1200 0       
02147049 16/01/2020 1200 0       
02147049 17/01/2020 1200 0.2     
02147049 18/01/2020 1200 66.6    
02147049 19/01/2020 1200 0       
02147049 20/01/2020 1200 0       
02147049 21/01/2020 1200 0       
02147049 22/01/2020 1200 0       
02147049 23/01/2020 1200 8.1     
02147049 24/01/2020 1200 37      
02147049 25/01/2020 1200 0       
02147049 26/01/2020 1200 0       
02147049 27/01/2020 1200 0       
