02146075 13/12/2019 1000 11.8    
02146075 14/12/2019 1000 12.8    
02146075 15/12/2019 1000 1.4     
02146075 16/12/2019 1000 0       
02146075 17/12/2019 1000 0       
02146075 18/12/2019 1000 0.8     
02146075 19/12/2019 1000 8.2     
02146075 20/12/2019 1000 5       
02146075 21/12/2019 1000 3.2     
02146075 22/12/2019 1000 0       
02146075 23/12/2019 1000 13.4    
02146075 24/12/2019 1000 6.8     
02146075 25/12/2019 1000 0       
02146075 26/12/2019 1000 0.4     
02146075 27/12/2019 1000 0       
02146075 28/12/2019 1000 0       
02146075 29/12/2019 1000 0       
02146075 30/12/2019 1000 2.2     
02146075 31/12/2019 1000 0       
02146075 01/01/2020 1000 0       
02146075 02/01/2020 1000 0.6     
02146075 03/01/2020 1000 87.4    
02146075 04/01/2020 1000 2.2     
02146075 05/01/2020 1000 10.2    
02146075 06/01/2020 1000 2.4     
02146075 07/01/2020 1000 0.2     
02146075 08/01/2020 1000 32      
02146075 09/01/2020 1000 26.2    
02146075 10/01/2020 1000 25.2    
02146075 11/01/2020 1000 6       
02146075 12/01/2020 1000 0       
02146075 13/01/2020 1000 2.2     
02146075 14/01/2020 1000 18.4    
02146075 15/01/2020 1000 0.6     
02146075 16/01/2020 1000 0       
02146075 17/01/2020 1000 0       
02146075 18/01/2020 1000 5.8     
02146075 19/01/2020 1000 0       
02146075 20/01/2020 1000 0.8     
02146075 21/01/2020 1000 12.2    
02146075 22/01/2020 1000 0       
02146075 23/01/2020 1000 25.4    
02146075 24/01/2020 1000 16      
02146075 25/01/2020 1000 1       
02146075 26/01/2020 1000 0       
02146075 27/01/2020 1000 0       
