02148054 13/12/2019 1200 16      
02148054 14/12/2019 1200 0       
02148054 15/12/2019 1200 0       
02148054 16/12/2019 1200 0       
02148054 17/12/2019 1200 23      
02148054 18/12/2019 1200 12      
02148054 19/12/2019 1200 2       
02148054 20/12/2019 1200 0       
02148054 21/12/2019 1200 4       
02148054 22/12/2019 1200 0       
02148054 23/12/2019 1200 0       
02148054 24/12/2019 1200 22      
02148054 25/12/2019 1200 0       
02148054 26/12/2019 1200 4       
02148054 27/12/2019 1200 0       
02148054 28/12/2019 1200 0       
02148054 29/12/2019 1200 0       
02148054 30/12/2019 1200 0       
02148054 31/12/2019 1200 0       
02148054 01/01/2020 1200 48      
02148054 02/01/2020 1200 9       
02148054 03/01/2020 1200 18      
02148054 04/01/2020 1200 8       
02148054 05/01/2020 0000 -       
02148054 06/01/2020 1200 0       
02148054 07/01/2020 1200 3       
02148054 08/01/2020 1200 5       
02148054 09/01/2020 1200 24      
02148054 10/01/2020 1200 40      
02148054 11/01/2020 1200 0       
02148054 12/01/2020 0000 -       
02148054 13/01/2020 1200 0       
02148054 14/01/2020 1200 0       
02148054 15/01/2020 1200 0       
02148054 16/01/2020 1200 0       
02148054 17/01/2020 1200 0       
02148054 18/01/2020 1200 0       
02148054 19/01/2020 0000 -       
02148054 20/01/2020 1200 0       
02148054 21/01/2020 1200 0       
02148054 22/01/2020 1200 0       
02148054 23/01/2020 1200 56      
02148054 24/01/2020 1200 41      
02148054 25/01/2020 1200 0       
02148054 26/01/2020 0000 -       
02148054 27/01/2020 1200 0       
