02144031 13/12/2019 1000 2       
02144031 14/12/2019 1000 1       
02144031 15/12/2019 1000 0       
02144031 16/12/2019 1000 0       
02144031 17/12/2019 1000 0       
02144031 18/12/2019 1000 0       
02144031 19/12/2019 1000 0       
02144031 20/12/2019 1000 25      
02144031 21/12/2019 1000 2       
02144031 22/12/2019 1000 0       
02144031 23/12/2019 1000 10      
02144031 24/12/2019 1000 38      
02144031 25/12/2019 1000 0       
02144031 26/12/2019 1000 0       
02144031 27/12/2019 1000 0       
02144031 28/12/2019 1000 0       
02144031 29/12/2019 1000 0       
02144031 30/12/2019 1000 0       
02144031 31/12/2019 1000 0       
02144031 01/01/2020 1000 1       
02144031 02/01/2020 1000 0       
02144031 03/01/2020 1000 14      
02144031 04/01/2020 1000 7       
02144031 05/01/2020 1000 19      
02144031 06/01/2020 1000 8       
02144031 07/01/2020 1000 45      
02144031 08/01/2020 1000 0       
02144031 09/01/2020 1000 4       
02144031 10/01/2020 1000 1       
02144031 11/01/2020 1000 5       
02144031 12/01/2020 1000 10      
02144031 13/01/2020 1000 7       
02144031 14/01/2020 1000 3       
02144031 15/01/2020 1000 0       
02144031 16/01/2020 1000 0       
02144031 17/01/2020 1000 4       
02144031 18/01/2020 1000 0       
02144031 19/01/2020 1000 0       
02144031 20/01/2020 1000 23      
02144031 21/01/2020 1000 11      
02144031 22/01/2020 1000 0       
02144031 23/01/2020 1000 0       
02144031 24/01/2020 1000 19      
02144031 25/01/2020 1000 16      
02144031 26/01/2020 1000 0       
02144031 27/01/2020 1000 0       
