02146074 13/12/2019 1000 16      
02146074 14/12/2019 1000 0.6     
02146074 15/12/2019 1000 0.6     
02146074 16/12/2019 1000 0       
02146074 17/12/2019 1000 0       
02146074 18/12/2019 1000 0       
02146074 19/12/2019 1000 1.2     
02146074 20/12/2019 1000 0.8     
02146074 21/12/2019 1000 20      
02146074 22/12/2019 1000 0       
02146074 23/12/2019 1000 12.2    
02146074 24/12/2019 1000 2.8     
02146074 25/12/2019 1000 6.8     
02146074 26/12/2019 1000 0       
02146074 27/12/2019 1000 0       
02146074 28/12/2019 1000 2       
02146074 29/12/2019 1000 8.6     
02146074 30/12/2019 1000 0.2     
02146074 31/12/2019 1000 0       
02146074 01/01/2020 1000 1.8     
02146074 02/01/2020 1000 1.4     
02146074 03/01/2020 1000 47.4    
02146074 04/01/2020 1000 2.8     
02146074 05/01/2020 1000 7.2     
02146074 06/01/2020 1000 0.2     
02146074 07/01/2020 1000 0       
02146074 08/01/2020 1000 1.8     
02146074 09/01/2020 1000 13.4    
02146074 10/01/2020 1000 57.8    
02146074 11/01/2020 1000 0       
02146074 12/01/2020 1000 0       
02146074 13/01/2020 1000 0.4     
02146074 14/01/2020 1000 9.6     
02146074 15/01/2020 1000 0.4     
02146074 16/01/2020 1000 0       
02146074 17/01/2020 1000 0       
02146074 18/01/2020 1000 3.2     
02146074 19/01/2020 1000 0       
02146074 20/01/2020 1000 0.6     
02146074 21/01/2020 1000 2.4     
02146074 22/01/2020 1000 0       
02146074 23/01/2020 1000 53.4    
02146074 24/01/2020 1000 27      
02146074 25/01/2020 1000 3.4     
02146074 26/01/2020 1000 0       
02146074 27/01/2020 1000 0       
