02245107 13/12/2019 1200 37      
02245107 14/12/2019 1200 40      
02245107 15/12/2019 1200 2       
02245107 16/12/2019 1200 0       
02245107 17/12/2019 1200 0       
02245107 18/12/2019 1200 0       
02245107 19/12/2019 1200 2       
02245107 20/12/2019 1200 71      
02245107 21/12/2019 1200 1       
02245107 22/12/2019 1200 0       
02245107 23/12/2019 1200 11      
02245107 24/12/2019 1200 40      
02245107 25/12/2019 1200 4       
02245107 26/12/2019 1200 0       
02245107 27/12/2019 1200 0       
02245107 28/12/2019 1200 0       
02245107 29/12/2019 1200 3       
02245107 30/12/2019 1200 0       
02245107 31/12/2019 1200 0       
02245107 01/01/2020 1200 10      
02245107 02/01/2020 1200 0       
02245107 03/01/2020 1200 13      
02245107 04/01/2020 1200 4       
02245107 05/01/2020 1200 0       
02245107 06/01/2020 1200 34      
02245107 07/01/2020 1200 0       
02245107 08/01/2020 1200 0       
02245107 09/01/2020 1200 38      
02245107 10/01/2020 1200 6       
02245107 11/01/2020 1200 19      
02245107 12/01/2020 1200 26      
02245107 13/01/2020 1200 0.2     
02245107 14/01/2020 1200 4       
02245107 15/01/2020 1200 10      
02245107 16/01/2020 1200 0       
02245107 17/01/2020 1200 1       
02245107 18/01/2020 1200 22      
02245107 19/01/2020 1200 0       
02245107 20/01/2020 1200 2       
02245107 21/01/2020 1200 14      
02245107 22/01/2020 1200 0       
02245107 23/01/2020 1200 3       
02245107 24/01/2020 1200 58      
02245107 25/01/2020 1200 3       
02245107 26/01/2020 1200 0       
02245107 27/01/2020 1200 0       
