02245196 13/12/2019 1000 30      
02245196 14/12/2019 1000 35      
02245196 15/12/2019 1000 2       
02245196 16/12/2019 1000 0       
02245196 17/12/2019 1000 0       
02245196 18/12/2019 1000 0       
02245196 19/12/2019 1000 2       
02245196 20/12/2019 1000 40      
02245196 21/12/2019 1000 5       
02245196 22/12/2019 1000 0       
02245196 23/12/2019 1000 10      
02245196 24/12/2019 1000 10      
02245196 25/12/2019 1000 0       
02245196 26/12/2019 1000 0       
02245196 27/12/2019 1000 0       
02245196 28/12/2019 1000 0       
02245196 29/12/2019 1000 0       
02245196 30/12/2019 1000 0       
02245196 31/12/2019 1000 0       
02245196 01/01/2020 1000 10      
02245196 02/01/2020 1000 0       
02245196 03/01/2020 1000 15      
02245196 04/01/2020 1000 5       
02245196 05/01/2020 1000 0       
02245196 06/01/2020 1000 30      
02245196 07/01/2020 1000 5       
02245196 08/01/2020 1000 2       
02245196 09/01/2020 1000 20      
02245196 10/01/2020 1000 5       
02245196 11/01/2020 1000 20      
02245196 12/01/2020 1000 20      
02245196 13/01/2020 1000 0       
02245196 14/01/2020 1000 5       
02245196 15/01/2020 1000 10      
02245196 16/01/2020 1000 0       
02245196 17/01/2020 1000 0       
02245196 18/01/2020 1000 20      
02245196 19/01/2020 1000 0       
02245196 20/01/2020 1000 2       
02245196 21/01/2020 1000 15      
02245196 22/01/2020 1000 0       
02245196 23/01/2020 1000 3       
02245196 24/01/2020 1000 30      
02245196 25/01/2020 1000 5       
02245196 26/01/2020 1000 0       
02245196 27/01/2020 0000 -       
