ONS-Operador Nacional Do Sistema Eletrico
Modelo Computacional SMAP
Versao: 3.0.0 Data: 23/09/2019

Iniciando execucao: 08-03-2020 13:28:22

Parametros
   Amplitude inicial: 0.5
   dm alvo: 0 (nao e necessario multiplicar por 100)
   Limite de iteracoes: 10000
   Particulas: 24
   Pulso inicial: 0.1
   Uso de pesos: on
   Gerar graficos: off
   Semente: 9952

Sub bacia: FOA
cef: 0.83879285
*dm: 0.20639513
ebin: 19.785175
mape: 0.12888446
somacoef: 1.7099084
supin: 45.379208
Iteracoes: 10000
Iteracao otima: 9999
Tempo: 8.447 s

Qcal
[32](0,65.164383,56.915175,51.151574,50.385323,60.632419,58.943429,51.559256,45.487461,40.482966,36.346939,32.91758,30.063264,27.689539,25.71593,24.06909,22.689197,21.527455,20.544061,19.779491,31.659644,97.240203,165.66317,138.13277,115.63869,97.248343,82.202622,69.886273,59.795442,51.518715,44.722818,39.240014)
Rsolo
[32](81.92871,80.081579,79.077415,79.866968,83.945206,84.783175,81.677814,78.667718,75.806379,73.088052,70.509031,68.065886,65.771032,63.701572,61.632099,59.484228,57.419426,55.419302,54.159423,59.025389,73.466322,87.332528,84.123457,80.992748,78.024647,75.541883,73.297606,71.206427,69.387622,67.266938,66.009942,63.960157)
Rsub
[32](24.319078,24.192959,24.04104,23.876543,23.725282,23.637263,23.563573,23.442658,23.279493,23.079425,22.847255,22.587314,22.318984,22.053841,21.791849,21.532968,21.277163,21.024397,20.774634,20.527838,20.283974,20.089669,20.099915,20.057771,19.968307,19.837459,19.674823,19.485672,19.273711,19.044746,18.8185,18.594942)
Rsup
[32](3.5928562,2.9478566,2.5013145,2.4512431,3.2722906,3.144236,2.5643476,2.0914075,1.7056913,1.3911123,1.1345508,0.92530674,0.75465333,0.61547336,0.50196221,0.40938581,0.33388319,0.27230544,0.22785941,1.1843563,6.3923437,11.822184,9.6418299,7.8635967,6.4133213,5.2305187,4.2658593,3.4791111,2.837462,2.3141517,1.8946291,1.5452045)
Peso chuva 
[32](1.7005737,2,2,2,2,2,2,2,2,2,2,1.961313,0.5,0.5,0.5,2,2,0.72511559,0.51424086,0.5,0.57103976,0.96897834,0.5,0.5,0.5,0.5,0.5,0.5,2,1.9994902,2,1)
Previsao ETA40_LIMITES
[13] (6.66,0.29333333,0,0,0.15,8.6366667,6.2666667,2.22,5.82,9.7666667,3.9813333,3.9813333,3.9813333)
Previsao PMEDIA_ORIG
[13] (2.2,0.1,0.1,0.1,0.1,1.1,0.4,0.4,1.5,2.5,1.7,2.7,1.075)
Previsao PRECMEDIA_ETA40.GEFS
[13] (3.7,0.15,0.08,0.06,0.38,1.98,1.27,0.81,2.37,3.4,1.42,1.42,1.42)
Previsao PRECZERADA_
[13] (0,0,0,0,0,0,0,0,0,0,0,0,0)


Sub bacia: JordSeg
cef: 0.92199477
*dm: 0.098541244
ebin: 27.01247
mape: 0.060212632
somacoef: 1.8617821
supin: 22.281502
Iteracoes: 10000
Iteracao otima: 9803
Tempo: 8.299 s

Qcal
[34](0,0,0,49.293971,40.442253,35.536105,32.467798,30.022965,28.443653,27.344845,26.506719,25.803782,25.163955,24.554451,23.953718,24.071243,25.028722,23.656668,22.577628,21.745869,21.063737,20.473828,103.86126,147.26524,116.61996,94.115371,73.453357,58.313405,44.313135,37.042153,32.122208,29.291169,27.633114,26.68)
Rsolo
[34](0,0,63.481992,62.002805,60.803647,59.610432,57.705101,55.806604,54.002868,52.299207,50.653657,49.28218,47.988672,46.603393,46.083901,45.889106,45.020808,43.896645,42.744595,41.558674,40.577488,55.146208,67.652848,71.807229,74.628074,75.343823,74.933419,72.168403,70.676588,68.238355,65.811739,63.565155,62.032069,59.984268)
Rsub
[34](0,0,20.481786,20.510055,20.480983,20.408192,20.294306,20.117652,19.883453,19.599381,19.272582,18.908422,18.517257,18.103408,17.689925,17.285887,16.891077,16.505284,16.128303,15.759932,15.399975,15.048239,14.909235,15.236245,15.743593,16.37656,17.03113,17.650011,18.11936,18.508062,18.778316,18.939157,19.005911,19.012294)
Rsup
[34](0,0,0.93370796,0.5612137,0.35722797,0.23267324,0.13651642,0.080098312,0.046996101,0.027574033,0.016178519,0.009492426,0.0055694933,0.0032677901,0.031044436,0.093497536,0.057821353,0.033925536,0.019905138,0.011678946,0.0068523906,3.5206479,5.3471772,4.044912,3.073816,2.1729908,1.5023741,0.88148832,0.550858,0.32320504,0.18963417,0.1112641,0.0676345,0.039683206)
Peso chuva 
[34](1.9466253,2,1.9733459,0.5,0.5,0.5,0.5,0.5,0.5,0.5,0.5,0.5,0.5,0.5,0.5,0.5,0.5,0.5,0.5,0.5,0.5,0.5,0.5,1.7136616,1.6529967,2,1.6893077,0.5,1.8145328,0.5,0.5,1.6114167,0.5,1)
Previsao ETA40_LIMITES
[13] (4.22,0.92333333,0.05,0,0.05,8.0066667,5.19,0.15,6.4033333,6.45,3.1443333,3.1443333,3.1443333)
Previsao PMEDIA_ORIG
[13] (1.7,0.1,0,0,0.3,2.3,0.5,0.5,1.8,3.7,2.4,3.7,1.4166667)
Previsao PRECMEDIA_ETA40.GEFS
[13] (3.25,0.27,0.02,0,0.56,2.16,1.29,0.84,2.52,3.78,1.469,1.469,1.469)
Previsao PRECZERADA_
[13] (0,0,0,0,0,0,0,0,0,0,0,0,0)


Sub bacia: SCaxias
cef: 0.98046926
*dm: 0.04127824
ebin: 65.480335
mape: 0.036365412
somacoef: 1.9441038
supin: 125.00424
Iteracoes: 10000
Iteracao otima: 9993
Tempo: 8.236 s

Qcal
[32](0,190.48458,160.16191,140.90402,130.82452,122.82888,115.50717,102.4714,91.977349,83.665395,76.976065,71.502002,66.965778,63.236128,67.057636,73.534648,68.296317,63.142293,58.976277,55.56497,85.950951,228.52792,312.55965,308.61673,244.98594,196.4386,159.40134,131.08314,109.35567,92.616947,79.635855,69.510181)
Rsolo
[32](99.969408,97.618502,96.409653,95.855709,95.299604,94.638552,92.554531,89.794435,86.969783,84.312728,82.210989,79.783538,77.834501,77.545275,77.759614,76.459655,74.236208,72.044148,69.88971,73.474132,84.672544,93.740957,98.274766,95.928314,92.973948,90.475739,88.141411,86.093948,83.978908,81.83442,79.887577,77.81906)
Rsub
[32](13.800273,13.739061,13.640238,13.524234,13.402112,13.274067,13.138706,12.974975,12.77524,12.541665,12.279399,11.998937,11.724881,11.457084,11.195404,10.939701,10.689837,10.445681,10.207101,9.973971,9.7461652,9.5522368,9.4881784,9.4971753,9.4681757,9.3945108,9.2861604,9.1479263,8.9857589,8.8005781,8.5995726,8.4031581)
Rsup
[32](2.4850128,1.8879893,1.5144749,1.3250423,1.1776128,1.0441392,0.79776363,0.60459178,0.45819489,0.34724679,0.26316386,0.19944091,0.15114794,0.25237728,0.40581957,0.32580378,0.24691309,0.18712513,0.14181433,0.76786029,3.6236966,5.3124915,5.2401509,3.9743586,3.0120006,2.2826696,1.72994,1.3110494,0.99358964,0.75300014,0.57066739,0.43248501)
Peso chuva 
[32](0.5,0.96893412,1.7872426,1.8291608,1.6895175,1.8067512,1.9584995,1.8621115,0.59589162,1.9235545,2,0.5,0.75909087,0.56761953,1.1469818,1.3906313,0.58530976,1.6394689,0.5,2,0.5538827,1.0436283,2,2,0.5,0.5,0.5,0.5,0.5,0.5,0.60255325,1)
Previsao ETA40_LIMITES
[13] (0.70222222,0.086666667,0,0,1.0022222,5.2377778,3.9055556,0.23111111,7.47,6.2266667,2.4862222,2.4862222,2.4862222)
Previsao PMEDIA_ORIG
[13] (0.9,0,0,0,0.6,2.2,0.5,0.4,1.9,4.4,3.6,4.3,1.5666667)
Previsao PRECMEDIA_ETA40.GEFS
[13] (1.48,0.05,0,0.02,0.96,1.9,1.07,0.64,2.53,4.4,1.305,1.305,1.305)
Previsao PRECZERADA_
[13] (0,0,0,0,0,0,0,0,0,0,0,0,0)


Sub bacia: StaClara
cef: 0.99895992
*dm: 0.012000737
ebin: 25.862129
mape: 0.011955582
somacoef: 1.9870043
supin: 22.683238
Iteracoes: 10000
Iteracao otima: 9728
Tempo: 8.949 s

Qcal
[34](0,0,0,48.545367,44.717243,40.726998,37.470388,35.385412,33.180107,31.263387,29.640657,28.245351,27.02641,25.943381,24.965192,24.067682,23.232306,22.467887,21.769159,21.124671,20.525287,19.963708,19.434405,19.732325,19.191457,18.581328,18.020082,17.499887,17.01398,16.556957,16.124487,15.713099,15.32,15.213905)
Rsolo
[34](0,0,115.44234,114.75427,112.75421,110.69321,109.84187,108.25758,105.72827,103.24758,100.86995,98.561795,96.346295,94.217977,92.18256,90.370026,88.516339,86.641655,84.806675,83.010557,81.2451,79.986152,80.02042,79.218763,77.998537,76.718752,75.459965,74.118695,72.957841,71.677569,70.32964,69.021611,68.762809,67.452226)
Rsub
[34](0,0,25.008202,24.918014,24.813191,24.663177,24.46902,24.260082,24.020834,23.732862,23.400499,23.028898,22.622217,22.184763,21.720433,21.232935,20.747974,20.27409,19.811029,19.358545,18.916395,18.484344,18.062161,17.64962,17.246503,16.852592,16.467678,16.091556,15.724024,15.364887,15.013953,14.671033,14.335947,14.008513)
Rsup
[34](0,0,2.428409,2.0285649,1.6129847,1.280949,1.0792325,0.86627043,0.68755929,0.54571617,0.43313521,0.34377965,0.27285809,0.21656761,0.17188982,0.13642904,0.1082838,0.085944912,0.068214522,0.054141902,0.042972456,0.034140291,0.11277596,0.10054562,0.079857176,0.063382682,0.050306868,0.039928588,0.031691341,0.025153434,0.019964294,0.015845671,0.041585894,0.033006746)
Peso chuva 
[34](0.5,2,0.5,1.3471507,2,2,1.6007244,2,1.4621755,0.5,0.5,1.2886093,0.5,0.6755634,0.5,2,2,2,2,2,0.5,0.5,0.5,0.5,1.5356646,2,2,2,2,2,2,2,2,1)
Previsao ETA40_LIMITES
[13] (2.965,0.48,0,0.8,0.96,10.09,7.21,2.805,0.48,11.37,3.716,3.716,3.716)
Previsao PMEDIA_ORIG
[13] (1,0.2,0,0.2,0.4,2,0.4,0.6,0.7,3.8,2.3,2.8,1.2)
Previsao PRECMEDIA_ETA40.GEFS
[13] (2.12,0.19,0.04,0.29,0.66,2.27,1.49,0.69,1.93,3.28,1.296,1.296,1.296)
Previsao PRECZERADA_
[13] (0,0,0,0,0,0,0,0,0,0,0,0,0)


Sub bacia: UVitoria
cef: 0.89830721
*dm: 0.13669968
ebin: 70.176
mape: 0.091353043
somacoef: 1.8069542
supin: 74.589534
Iteracoes: 10000
Iteracao otima: 9641
Tempo: 8.847 s

Qcal
[34](0,0,0,144.76553,136.88874,129.57891,129.15784,175.01018,184.23592,181.89782,174.62588,167.15742,156.45639,146.8269,138.15162,130.32652,123.25958,124.53237,118.00006,115.66062,109.99916,104.84819,105.77505,214.53253,319.72044,378.13376,369.40644,350.64493,320.33483,293.27345,269.09763,247.48616,228.15668,210.85835)
Rsolo
[34](0,0,54.495832,53.344389,52.109652,52.41505,58.17262,60.496911,61.166839,60.806995,60.307364,57.922665,55.637246,53.454649,51.386162,49.786787,50.478175,48.968957,48.718926,47.4218,45.990115,46.319721,56.457205,65.512873,71.628343,73.252596,73.59162,71.265074,68.917509,66.583657,64.334212,62.174939,60.105515,57.939023)
Rsub
[34](0,0,21.44286,21.370893,21.287266,21.191629,21.100281,21.074755,21.078337,21.090467,21.097825,21.098731,21.070216,21.015365,20.93707,20.838116,20.72447,20.618912,20.500003,20.380129,20.24973,20.108247,19.971266,19.938648,20.022907,20.198041,20.397314,20.599819,20.762461,20.886927,20.975427,21.031095,21.056942,21.055773)
Rsup
[34](0,0,2.4398717,2.189921,1.9597641,1.9562288,3.4658674,3.7703801,3.6935156,3.4543472,3.2092616,2.859127,2.5471926,2.2692906,2.0217081,1.8011372,1.8549371,1.6525611,1.588766,1.4164089,1.2618769,1.3073411,4.8795322,8.3237886,10.225506,9.9212809,9.2862475,8.273106,7.3704995,6.5663686,5.8499694,5.2117302,4.6431238,4.136553)
Peso chuva 
[34](2,0.52521631,2,0.5,0.5,1.5297101,1.9475121,2,2,2,2,0.5,0.5,0.5,0.5,0.5,1.6730171,0.5,1.1682864,0.5,0.5,1.4100781,0.89467463,1.3778124,1.1634152,0.59180508,0.5,0.5,0.5,0.5,0.5,0.5,0.58931062,1)
Previsao ETA40_LIMITES
[13] (0.84642857,0,0,0.45714286,0.45857143,2.1514286,5.3371429,5.68,3.1585714,18.965,3.7054286,3.7054286,3.7054286)
Previsao PMEDIA_ORIG
[13] (0.6,0,0.1,0.2,0.2,0.2,0.2,1.3,2,3.4,3,2.8,1.1666667)
Previsao PRECMEDIA_ETA40.GEFS
[13] (0.82,0.14,0.16,0.36,0.28,0.56,0.92,0.92,3.13,5.21,1.25,1.25,1.25)
Previsao PRECZERADA_
[13] (0,0,0,0,0,0,0,0,0,0,0,0,0)


Tempo de execucao em: 43 s

Finalizando execucao: 08-03-2020 13:29:05

