ONS-Operador Nacional Do Sistema Eletrico
Modelo Computacional SMAP
Versao: 3.0.0 Data: 23/09/2019

Iniciando execucao: 11-02-2020 13:36:32

Parametros
   Amplitude inicial: 0.5
   dm alvo: 0 (nao e necessario multiplicar por 100)
   Limite de iteracoes: 10000
   Particulas: 24
   Pulso inicial: 0.1
   Uso de pesos: on
   Gerar graficos: off
   Semente: 9952

Sub bacia: BG
cef: 0.99088917
*dm: 0.037566119
ebin: 50.028
mape: 0.03644456
somacoef: 1.9544446
supin: 105.23062
Iteracoes: 10000
Iteracao otima: 9814
Tempo: 8.886 s

Qcal
[34](0,0,0,155.25862,272.4989,219.28952,178.29904,147.36293,122.61384,160.89445,141.25644,117.0784,98.049293,83.135928,71.579919,70.467443,62.823265,56.176045,50.540738,45.714299,41.820629,44.45835,52.875065,53.113589,50.480851,56.696736,51.975565,62.021457,77.103027,66.445859,56.14922,56.295243,54.300752,62.580017)
Rsolo
[34](0,0,33.6632,46.660637,45.906169,45.101123,44.399149,43.506943,50.067166,50.421498,49.162436,47.742636,46.003555,44.474265,44.617803,43.726066,42.690635,41.550436,40.127414,38.853088,38.762158,40.136414,40.086051,39.747295,41.494543,41.158819,43.65781,47.146948,46.53412,45.1491,45.772838,45.849071,47.986274,46.096307)
Rsub
[34](0,0,10.549746,10.190383,9.9386794,9.6880352,9.4381273,9.1901118,8.9423753,8.7695555,8.6066356,8.435202,8.2544052,8.0620925,7.8616501,7.6693791,7.4754253,7.2788635,7.0792779,6.8749896,6.667953,6.4672977,6.2839262,6.1064065,5.9323036,5.7781219,5.6264223,5.5014402,5.4144067,5.3241164,5.2233182,5.131989,5.0445177,4.9817795)
Rsup
[34](0,0,3.1217121,6.6502497,5.1071793,3.9264387,3.0438618,2.3445591,3.5150209,2.9567624,2.2624294,1.7220394,1.3050618,0.98930167,0.98449715,0.78477731,0.61486942,0.47534722,0.36024583,0.27347701,0.38085134,0.65876436,0.69163636,0.63850792,0.84739704,0.7290312,1.0483875,1.5133709,1.209465,0.91671243,0.93522422,0.88890465,1.1468178,0.86912539)
Peso chuva 
[34](0.83389078,1.7427411,2,0.93878652,0.65158174,1.6456974,1.4229059,1.998606,1.0376101,1.2392619,1.9957818,2,2,2,2,2,2,2,2,2,1.4309337,1.6297438,0.70479496,2,2,2,2,0.98371539,1.3061445,0.75102545,1.1190012,2,1.0825666,1)
Previsao ETA40_LIMITES
[13] (0.5125,1.9725,0,0,0,0.01875,0.60375,31,23.25625,23.6575,8.102125,8.102125,8.102125)
Previsao PMEDIA_ORIG
[13] (0.9,2.8,0.7,0.5,5.2,5.1,3.2,5.7,2.1,1.7,2.8,3.5,2.85)
Previsao PRECMEDIA_ETA40.GEFS
[13] (0.97,2.37,0.39,0.42,2.96,3.68,3.11,6.94,3.07,2.51,2.642,2.642,2.642)
Previsao PRECZERADA_ETA40
[13] (0,0,0,0,0,0,0,0,0,0,0,0,0)


Sub bacia: CN
cef: 0.99722246
*dm: 0.0089659193
ebin: 54.957527
mape: 0.0085248464
somacoef: 1.9886976
supin: 34.440735
Iteracoes: 10000
Iteracao otima: 9653
Tempo: 8.935 s

Qcal
[34](0,0,0,89.398263,166.84288,224.40541,196.79077,174.38684,155.3839,144.67497,132.68201,119.28927,107.59309,97.555226,88.926406,81.455051,76.073731,75.133066,85.96699,79.151337,72.562978,67.254295,73.776584,82.89822,96.901292,92.054195,83.731205,78.614808,77.626444,76.706681,72.453268,67.731574,64.499527,63.539661)
Rsolo
[34](0,0,99.3328,110.38714,119.68236,117.3822,115.9576,114.56778,114.83411,114.31878,112.53675,110.45038,108.38546,106.40898,104.42818,103.43708,103.62027,106.77235,105.50036,103.01391,101.64934,103.80709,106.69101,110.54041,110.931,109.82142,109.51196,110.34251,111.12322,110.75146,110.03422,109.62205,109.8035,107.28289)
Rsub
[34](0,0,15.739661,15.412505,15.169143,15.060246,14.919813,14.76195,14.58795,14.421254,14.250901,14.059912,13.845479,13.609319,13.353886,13.080396,12.808515,12.542284,12.313412,12.074088,11.823124,11.577375,11.336735,11.131936,10.979526,10.83535,10.679865,10.523671,10.38135,10.252113,10.120723,9.9828149,9.8425091,9.7074323)
Rsup
[34](0,0,1.2886028,4.2289392,6.4144386,5.3954611,4.5755624,3.8851895,3.5072455,3.0803051,2.6014698,2.188807,1.8412534,1.5492576,1.3030861,1.1374726,1.1377963,1.5779289,1.3528209,1.1375822,0.97174363,1.2478803,1.6206045,2.1712855,2.009842,1.717272,1.5461542,1.5295798,1.5137598,1.3715016,1.2120039,1.109093,1.0915092,0.91784614)
Peso chuva 
[34](1.8630309,0.5,0.56833142,1.1965956,1.8014783,0.80354867,2,2,0.96737063,0.5,0.5,2,1.4954357,1.0298632,0.5,0.59635347,0.74787185,2,2,0.5448579,2,2,0.85284297,1.229373,2,2,1.9315688,1.6048877,1.5400199,1.3171088,0.63146622,0.85046801,1.1492508,1)
Previsao ETA40_LIMITES
[13] (0.24625,1.78625,0.49625,0.41875,0.1075,0.09125,3.46375,29.79625,28.10125,24.99625,8.950375,8.950375,8.950375)
Previsao PMEDIA_ORIG
[13] (0.1,1.5,0.3,0.3,1.8,1.3,3.4,7.9,1.8,1.6,2.2,4,2.1833333)
Previsao PRECMEDIA_ETA40.GEFS
[13] (0.74,2.06,0.46,0.45,2.51,3.43,3.61,6.6,3.04,2.44,2.534,2.534,2.534)
Previsao PRECZERADA_ETA40
[13] (0,0,0,0,0,0,0,0,0,0,0,0,0)


Sub bacia: FozChapeco
cef: 0.92045748
*dm: 0.082360181
ebin: 52.61063
mape: 0.021358522
somacoef: 1.899099
supin: 0
Iteracoes: 10000
Iteracao otima: 7852
Tempo: 9.057 s

Qcal
[34](0,0,0,52.61063,54.846679,53.990184,53.213754,52.504634,51.98371,52.798217,52.549534,51.696606,50.926361,50.225161,49.59176,49.425667,49.076759,48.446193,47.8632,47.320118,46.815954,55.162253,67.676125,86.004683,79.384013,73.429773,72.230663,70.64581,65.763171,61.590172,58.075286,55.111038,54.098897,54.760001)
Rsolo
[34](0,0,43.7004,43.630403,42.170697,40.689699,39.328181,38.292923,37.933031,37.244095,35.982629,34.731741,33.484036,32.424168,31.773079,31.052649,29.863612,28.717225,27.631353,26.741929,31.774383,39.562331,50.107408,49.251212,48.377807,50.266526,51.637197,50.411365,48.77537,47.128164,45.83012,45.614788,46.60086,45.000184)
Rsub
[34](0,0,113.66145,112.77968,111.90474,111.03659,110.17518,109.32045,108.47235,107.63083,106.79584,105.96732,105.14524,104.32953,103.52015,102.71705,101.92018,101.12949,100.34493,99.566466,98.794037,98.027601,97.26711,96.51252,95.763783,95.020855,94.283691,93.552246,92.826475,92.106334,91.391781,90.68277,89.97926,89.281208)
Rsup
[34](0,0,0,0.25941805,0.21512088,0.17837053,0.14791808,0.13562571,0.25404919,0.26786602,0.22210491,0.18416144,0.15270007,0.12760071,0.14806084,0.15030014,0.1246235,0.10333334,0.085680307,0.071569091,0.92548824,2.1880093,4.0207298,3.4054536,2.8552939,2.7713887,2.6493771,2.2035653,1.8271175,1.5149804,1.2566117,1.1895094,1.2863168,1.0665678)
Peso chuva 
[34](1.9659465,0.5,0.5,0.5,0.92567519,2,0.82905354,0.5,0.5,0.5,2,2,2,2,2,2,2,2,2,2,2,0.75100955,0.5,2,2,2,1.0441754,2,0.70021225,0.50171187,2,2,1.1907173,1)
Previsao ETA40_LIMITES
[13] (2.4833333,1.1133333,0,0,0,0.30333333,3.1433333,36,25.95,12.773333,8.1766667,8.1766667,8.1766667)
Previsao PMEDIA_ORIG
[13] (0.8,1,0,0.3,0.8,0.9,2.3,6.1,1.1,1.5,1.4,3.4,1.6333333)
Previsao PRECMEDIA_ETA40.GEFS
[13] (1.6,1.62,0.03,0.5,2.43,2.8,3.59,8.78,2.68,2.48,2.651,2.651,2.651)
Previsao PRECZERADA_ETA40
[13] (0,0,0,0,0,0,0,0,0,0,0,0,0)


Sub bacia: Ita
cef: 0.99031255
*dm: 0.015181438
ebin: 54.552
mape: 0.011688854
somacoef: 1.9786237
supin: 5.9764094
Iteracoes: 10000
Iteracao otima: 9916
Tempo: 9.093 s

Qcal
[34](0,0,0,60.528409,75.737807,82.86744,75.632768,69.656133,78.145164,84.756416,90.560521,88.249649,79.326622,71.46497,65.305075,67.344079,61.697512,57.59963,53.617072,50.274301,47.444387,48.912883,70.559814,80.514988,75.235937,66.636402,60.613961,56.363665,55.295524,50.699677,47.472985,47.605891,44.881205,46.010002)
Rsolo
[34](0,0,101.3058,105.23129,107.99231,106.75637,105.50099,108.3951,111.18347,114.00334,115.02804,113.72345,111.89843,110.29104,111.25465,109.52577,108.22264,106.37218,104.21413,101.82174,101.76334,106.87366,110.45472,110.40131,108.71524,107.77455,107.09599,107.29257,105.80524,104.7752,104.8368,103.84437,104.21962,102.01282)
Rsub
[34](0,0,8.565651,8.3261386,8.1231056,7.9481837,7.7725905,7.5963727,7.4480621,7.3264351,7.2312765,7.1482276,7.0590002,6.9601881,6.8541143,6.7598291,6.6573091,6.5501937,6.4350975,6.3106682,6.1762752,6.0475777,5.9586199,5.8989577,5.8416037,5.7747922,5.7043956,5.6324687,5.5651495,5.4906754,5.4126291,5.3385193,5.2611651,5.189785)
Rsup
[34](0,0,0.19324493,0.73435763,1.006702,0.80879323,0.65170078,0.96247878,1.2067926,1.4195127,1.3643875,1.092967,0.85713798,0.67830838,0.76608251,0.60291901,0.49152739,0.3848111,0.30042556,0.23454499,0.3097037,1.0361516,1.3763674,1.2179574,0.95170559,0.77073072,0.64779571,0.62806965,0.49332767,0.4043302,0.42469968,0.35185939,0.40428809,0.31563142)
Peso chuva 
[34](2,2,1.8782093,0.76807286,1.5297467,2,2,2,0.70775997,0.80975063,1.5642926,2,2,1.5656526,1.9614754,0.66956552,2,2,2,1.3708374,2,0.96252466,0.74552273,0.90062693,0.78152343,0.5,0.5917207,1.91238,2,2,2,0.90392414,1.0625926,1)
Previsao ETA40_LIMITES
[13] (1.185,0.955,0.115,0.0325,0.23,1.0375,3.0925,31.99875,20.13375,14.75,7.353,7.353,7.353)
Previsao PMEDIA_ORIG
[13] (0.5,1.7,0.1,0.3,1.1,0.8,2.5,8.7,1.2,2,2,3,1.9916667)
Previsao PRECMEDIA_ETA40.GEFS
[13] (1.11,2.14,0.1,0.54,2.02,2.74,4.45,8.09,2.7,2.81,2.67,2.67,2.67)
Previsao PRECZERADA_ETA40
[13] (0,0,0,0,0,0,0,0,0,0,0,0,0)


Sub bacia: Machadinho
cef: 0.99238265
*dm: 0.022178833
ebin: 56.231135
mape: 0.020829706
somacoef: 1.9715529
supin: 40.138099
Iteracoes: 10000
Iteracao otima: 9745
Tempo: 8.571 s

Qcal
[34](0,0,0,96.369234,134.63126,165.9438,119.4512,91.343563,75.020644,96.95484,125.62201,141.71944,103.44946,80.441175,66.825508,76.20192,79.773174,66.709846,58.28024,53.109521,49.795112,47.680944,46.436638,54.839632,57.876524,51.419391,47.421612,49.411401,55.34503,60.271026,51.69825,46.43839,43.083962,40.816218)
Rsolo
[34](0,0,161.379,171.79198,182.40321,180.61223,178.62467,177.01801,183.17646,190.99019,198.07453,195.40724,192.3159,189.39034,192.12713,194.32519,191.80004,188.20816,184.40649,180.55077,177.88365,175.63807,177.14166,178.06435,175.76734,173.61542,173.88274,175.89844,178.27867,175.53813,172.46963,169.34439,166.25106,163.1105)
Rsub
[34](0,0,13.116744,12.639381,12.284211,12.052791,11.819429,11.582609,11.346428,11.18541,11.114401,11.123773,11.10362,11.051965,10.973313,10.928401,10.909755,10.865667,10.787359,10.675961,10.534206,10.376411,10.208082,10.065114,9.940446,9.8025171,9.6539246,9.5177369,9.4093387,9.3306219,9.2313956,9.1105893,8.9698226,8.8114105)
Rsup
[34](0,0,1.5171665,3.0407727,4.2818975,2.5620389,1.5374223,0.95881249,1.8261669,2.9358392,3.555807,2.1077342,1.2413175,0.73503372,1.1021945,1.2444608,0.75370593,0.44222206,0.25946505,0.15223599,0.095293502,0.073829829,0.41872812,0.55668535,0.33281575,0.2040553,0.30334487,0.54969624,0.75345736,0.44217329,0.25943643,0.1522192,0.089311605,0.052401819)
Peso chuva 
[34](0.5,2,1.938949,0.56187679,1.7449631,2,2,2,0.78295968,0.63486949,1.5878715,2,2,2,1.9001401,2,2,2,2,2,2,2,0.731641,1.1191816,2,2,1.2024201,0.87235737,2,2,2,2,0.77220092,1)
Previsao ETA40_LIMITES
[13] (0.1,0.35,0,0,0.025,0.475,2.025,30.225,17.05,13.975,6.4225,6.4225,6.4225)
Previsao PMEDIA_ORIG
[13] (0.1,2.8,0,0.6,2.7,0.5,2.8,16,1.1,2,2,2.7,2.775)
Previsao PRECMEDIA_ETA40.GEFS
[13] (0.59,1.87,0.03,0.54,2.51,2.75,3.94,6.81,2.19,2.1,2.333,2.333,2.333)
Previsao PRECZERADA_ETA40
[13] (0,0,0,0,0,0,0,0,0,0,0,0,0)


Sub bacia: Monjolinho
cef: 0.99499234
*dm: 0.019256546
ebin: 14.653872
mape: 0.018594028
somacoef: 1.9763983
supin: 46.791787
Iteracoes: 10000
Iteracao otima: 9992
Tempo: 9.264 s

Qcal
[34](0,0,0,61.44566,63.412621,52.760763,44.673573,43.721719,52.136257,68.146526,65.741576,53.8392,45.064695,36.164245,37.530376,33.914452,27.726046,23.087625,19.597267,16.957595,15.87171,18.818032,26.119144,30.776805,26.054514,21.46386,24.354971,28.231081,24.504576,20.080668,16.763253,14.780888,14.878429,15.090627)
Rsolo
[34](0,0,130.092,136.07417,136.07262,136.00421,138.97152,145.06377,153.11193,157.00962,156.50651,156.0666,153.09608,155.51603,155.66074,152.34553,148.9693,146.06443,143.06869,141.97226,143.3339,146.97725,150.17032,149.08063,146.99358,149.5316,152.71814,152.30968,149.35786,146.51381,145.3028,145.32557,145.49802,142.44649)
Rsub
[34](0,0,14.579994,14.246986,13.921584,13.603615,13.292908,12.989298,12.692622,12.402722,12.119443,11.842635,11.572149,11.30784,11.049569,10.797196,10.550588,10.309612,10.07414,9.8440468,9.6192084,9.3995054,9.1848204,8.9750388,8.7700486,8.5697405,8.3740073,8.1827447,7.9958506,7.8132251,7.6347708,7.4603924,7.2899968,7.123493)
Rsup
[34](0,0,4.0866994,4.2877213,3.3859737,2.7075665,2.6517075,3.4132672,4.8376139,4.653018,3.6383551,2.896306,2.1427023,2.2852185,1.9920823,1.4737529,1.0902901,0.80660229,0.59672859,0.52208733,0.7991495,1.4560994,1.8817352,1.4877147,1.1047704,1.3748574,1.7305704,1.4218942,1.0519248,0.77821943,0.62074855,0.64457461,0.67806494,0.50163599)
Peso chuva 
[34](1.8821457,2,0.5,1.8722678,2,2,1.3527243,0.51886921,0.81138682,2,2,2,0.5,1.8538551,1.7426733,0.53142033,0.63294779,1.9702817,0.5,0.68779893,0.86795056,0.54605138,1.6140806,2,0.67453517,1.1817979,1.1066958,2,0.5,0.5,2,2,1.2966961,1)
Previsao ETA40_LIMITES
[13] (0.1,0.5,0,0,0,0.1,2.4,32,18.5,12.3,6.59,6.59,6.59)
Previsao PMEDIA_ORIG
[13] (0.1,1.6,0.1,0.8,2.5,0.8,3.5,10.9,1.3,1.7,2,2.9,2.35)
Previsao PRECMEDIA_ETA40.GEFS
[13] (0.66,2.02,0.1,1.04,3.05,2.27,5.06,7.69,2.46,2.8,2.715,2.715,2.715)
Previsao PRECZERADA_ETA40
[13] (0,0,0,0,0,0,0,0,0,0,0,0,0)


Sub bacia: QQueixo
cef: 0.99687013
*dm: 0.011745207
ebin: 18.404549
mape: 0.011320502
somacoef: 1.9855496
supin: 16.022385
Iteracoes: 10000
Iteracao otima: 9801
Tempo: 9.112 s

Qcal
[34](0,0,0,34.426934,31.794644,29.494264,27.476513,25.737512,28.213146,30.352769,33.499534,30.861798,28.983119,27.278494,25.439414,23.821409,22.390203,21.116161,19.975706,18.946951,18.017893,18.020214,58.055145,89.672511,79.042882,70.511434,62.863687,59.147276,52.640511,47.081062,42.322897,38.243778,34.838168,32.970002)
Rsolo
[34](0,0,165.1203,162.04793,159.20921,156.51065,154.64072,160.28867,165.64135,171.9927,169.60221,168.71633,167.67879,164.41525,161.26349,158.14422,155.22657,152.26197,149.42334,147.37794,148.08546,173.13028,193.58601,192.09691,191.94837,191.01804,194.16612,190.73229,187.26594,183.92263,180.52463,178.60391,179.30362,175.82355)
Rsub
[34](0,0,26.391704,26.037588,25.65019,25.234654,24.794552,24.341533,23.969811,23.678165,23.483609,23.258762,23.026394,22.784655,22.503308,22.186293,21.836303,21.457992,21.052707,20.623796,20.181722,19.757617,19.669431,19.918405,20.13521,20.34444,20.532533,20.772199,20.945523,21.05521,21.106511,21.101538,21.066284,21.042845)
Rsup
[34](0,0,3.524865,3.0000985,2.5534569,2.1733094,1.8582546,2.4723855,3.000123,3.7371431,3.1866993,2.807892,2.4685301,2.1010262,1.7882346,1.52201,1.2954198,1.1025634,0.93841854,0.7998316,0.86816354,9.7407642,16.709996,14.333321,12.423172,10.708597,9.8621438,8.3939109,7.1442621,6.0806556,5.1753941,4.4269357,4.0213545,3.4226728)
Peso chuva 
[34](2,0.54027436,1.9247754,0.68797115,2,2,2,1.8018327,0.67934847,0.84383632,2,2,1.3962585,0.62112546,0.5,0.5,1.9990714,1.6056824,1.7644416,1.1250473,0.5,0.8430395,0.58848552,0.5,1.9915124,0.5,0.80455343,2,2,2,2,2,1.6943534,1)
Previsao ETA40_LIMITES
[13] (5.93,0.435,0.48,0,0.34,1.205,1.155,12.105,9.695,7.14,3.8485,3.8485,3.8485)
Previsao PMEDIA_ORIG
[13] (3.7,1.3,0,0.3,1.1,1.1,1.9,4,1.8,1.9,1.8,3.1,1.8333333)
Previsao PRECMEDIA_ETA40.GEFS
[13] (3.19,1.99,0.23,0.37,2.03,3.15,3.44,5.75,2.67,2.89,2.571,2.571,2.571)
Previsao PRECZERADA_ETA40
[13] (0,0,0,0,0,0,0,0,0,0,0,0,0)


Sub bacia: SJoao
cef: 0.98452956
*dm: 0.035647965
ebin: 42.784
mape: 0.032116085
somacoef: 1.9524135
supin: 55.643478
Iteracoes: 10000
Iteracao otima: 9675
Tempo: 8.781 s

Qcal
[33](0,0,98.427478,93.858861,90.405606,128.61036,148.63501,137.20583,178.42502,179.42058,202.54015,165.94733,137.24329,116.09301,100.90217,93.641372,88.37328,80.558656,74.612766,70.111455,66.64722,72.611371,72.144059,80.563047,78.827363,73.149959,68.78484,65.360381,62.61105,60.343818,58.418539,56.73388,55.218558)
Rsolo
[33](0,36.8256,39.534593,42.194534,50.968015,57.997481,60.700289,68.820915,73.111247,78.874312,76.695318,73.054276,70.002026,67.885934,66.956046,66.070806,64.058752,61.422223,58.977643,56.744234,57.880509,57.384781,59.370326,58.815345,56.548528,54.348162,52.288735,50.362368,48.55654,46.860266,45.292308,43.944455,42.512856)
Rsub
[33](0,19.050747,18.687451,18.331083,18.005108,17.918736,18.077763,18.340919,18.965937,19.800074,20.944821,21.940293,22.714651,23.315236,23.79972,24.230426,24.611338,24.89346,25.056528,25.117438,25.09203,25.109793,25.108433,25.183851,25.235973,25.201085,25.088393,24.908887,24.672222,24.386721,24.059588,23.697792,23.309745)
Rsup
[33](0,1.8159129,1.6934434,1.6068657,2.8775605,3.5373912,3.1527471,4.4786395,4.4653212,5.1586888,3.8805905,2.8708811,2.1238928,1.5841257,1.3116628,1.1081729,0.82522695,0.6105072,0.45165642,0.33413778,0.53063872,0.51408619,0.78893774,0.72676659,0.53766572,0.39776791,0.29427078,0.21770306,0.16105786,0.11915145,0.088148862,0.065212988,0.048244909)
Peso chuva 
[33](0.5,1.9176827,0.5,0.5,0.98140814,1.9630269,0.5,0.63281089,0.53509507,0.69101634,0.5,0.5,0.5,0.5,0.85398035,0.87530256,0.5,0.5,0.5,0.5,1.7506888,0.8253577,1.3322255,0.9170601,0.5,0.5,1.2521688,0.71837545,1.0258301,0.5,0.5,2,1)
Previsao ETA40_LIMITES
[13] (0,2.24875,0.105,0,0,0,10.0225,32,23.3625,19.34625,8.7085,8.7085,8.7085)
Previsao PMEDIA_ORIG
[13] (0.2,1.1,0.2,2.1,4.2,1.6,6,8.6,2.1,3.9,3.2,5.4,3.2166667)
Previsao PRECMEDIA_ETA40.GEFS
[13] (0.33,1.82,0.2,3.33,4.65,3.31,8.97,9.26,3.05,3.8,3.872,3.872,3.872)
Previsao PRECZERADA_ETA40
[13] (0,0,0,0,0,0,0,0,0,0,0,0,0)


Tempo de execucao em: 56 s

Finalizando execucao: 11-02-2020 13:37:46

