ONS-Operador Nacional Do Sistema Eletrico
Modelo Computacional SMAP
Versao: 3.0.0 Data: 23/09/2019

Iniciando execucao: 27-02-2020 14:49:13

Parametros
   Amplitude inicial: 0.5
   somacoef alvo: 2 (nao e necessario multiplicar por 100)
   Limite de iteracoes: 10000
   Particulas: 24
   Pulso inicial: 0.1
   Uso de pesos: on
   Gerar graficos: off
   Semente: 9952

Sub bacia: AVERMELHA
cef: 0.89665184
dm: 0.10406673
ebin: 258.38449
mape: 0.012208289
*somacoef: 1.8844436
supin: 255.73996
Iteracoes: 10000
Iteracao otima: 9849
Tempo: 8.642 s

Qcal
[33](0,0,514.12445,485.01945,458.86822,435.45796,416.59788,401.40811,390.17925,378.07867,367.58738,427.5852,453.37405,496.8894,556.46017,531.98617,505.93632,481.26373,490.59127,498.66554,554.17816,525.96648,497.11858,471.3875,448.67874,429.45289,417.16618,430.79649,446.58373,432.90938,445.53363,456.78894,448.72001)
Rsolo
[33](0,77.1858,70.721465,65.003372,60.901741,58.292803,56.351347,54.809523,53.145223,51.723449,59.693996,63.685939,68.659922,73.921854,70.018474,66.223987,62.78908,64.935105,66.589136,72.033824,67.736041,62.567421,58.365935,55.275007,53.022634,51.901102,55.470831,58.916427,57.065978,59.836966,62.095112,61.074444,56.828755)
Rsub
[33](0,220.66817,224.0739,226.35443,227.75506,228.59034,229.0944,229.36673,229.46429,229.3827,229.15591,229.83023,231.02875,232.95029,235.72004,237.83178,239.35356,240.38307,241.70613,243.26296,245.66493,247.37432,248.33505,248.75251,248.80789,248.61996,248.31798,248.39737,248.88187,249.14152,249.73721,250.62314,251.37027)
Rsup
[33](0,8.1584748,7.1027654,6.1833164,5.3841762,4.7513115,4.247907,3.8795174,3.4898471,3.1582077,5.0806966,5.8782091,7.2216424,9.050259,8.1660417,7.256132,6.4121959,6.6713015,6.8794612,8.5922402,7.6025236,6.6183812,5.7616355,5.0215994,4.4061981,4.0212544,4.4673609,4.9680315,4.5137017,4.9067349,5.2435439,4.9530403,4.311872)
Peso chuva 
[33](0.77581944,0.5,0.97590535,1.9810478,2,0.5,0.5,0.5,0.5,1.2025162,1.913736,1.1032068,0.89181277,1.0585514,0.5,0.5,0.5,1.2760668,1.0913851,2,2,2,2,2,2,2,2,1.8633399,0.69188797,1.3897551,1.6601206,0.84097684,1)
Previsao ETA40_LIMITES
[13] (5.3836364,3.5763636,2.7081818,0.88181818,0.79,0.94636364,0.31636364,1.5754545,0.73363636,0.18818182,1.71,1.71,1.71)
Previsao PMEDIA_ORIG
[13] (5.2,8.5,4.3,7.8,3.2,1.6,1.1,0.5,0.5,1.7,1.3,0.8,3.0416667)
Previsao PRECMEDIA_ETA40.GEFS
[13] (5.2,5.89,4.55,5.47,2.51,1.31,0.99,0.59,0.47,1.51,2.849,2.849,2.849)
Previsao PRECZERADA_ETA40
[13] (0,0,0,0,0,0,0,0,0,0,0,0,0)


Sub bacia: Camargos
cef: 0.97687083
dm: 0.045515483
ebin: 59.344
mape: 0.039200772
*somacoef: 1.9376701
supin: 44.68755
Iteracoes: 10000
Iteracao otima: 9477
Tempo: 8.347 s

Qcal
[33](0,0,104.03155,98.466558,93.529376,89.97573,85.982097,82.430638,79.44913,82.2759,126.1898,190.34957,194.25111,219.86192,279.22078,275.7428,253.11436,243.01964,256.73133,349.39209,423.8694,390.45587,354.83414,345.79112,334.51055,320.96563,294.68312,270.83988,251.18893,231.4313,213.7745,198.46419,187.31425)
Rsolo
[33](0,41.96,39.818676,38.203233,37.900111,36.265858,34.610957,33.821856,36.662744,49.308819,59.039921,53.485926,56.410957,60.497631,54.04885,45.223159,48.187983,54.142481,62.948121,62.235007,50.038994,43.294741,50.42954,52.130427,51.670524,45.677013,43.376053,43.195936,41.415353,39.214541,38.430664,39.227472,37.09389)
Rsub
[33](0,177.12054,176.30395,175.49114,174.68207,173.87673,173.0751,172.27717,171.48291,170.69232,173.50927,182.76969,188.07042,195.33271,205.62279,211.18707,211.67105,213.67704,219.26616,231.44172,242.96796,245.87043,245.29744,248.41752,252.55327,256.38573,256.88326,256.29582,255.63081,254.45227,253.27917,252.11147,250.94915)
Rsup
[33](0,5.1930921,4.5781846,4.0360875,3.6546238,3.2218844,2.8403851,2.5249753,2.884396,8.018365,15.364623,15.457457,18.227274,24.842542,24.037718,21.191442,19.999502,21.514819,32.065209,40.246074,35.914342,31.66177,30.6332,29.200815,27.465746,24.262265,21.472096,19.211352,16.941232,14.935242,13.201722,11.951465,10.536307)
Peso chuva 
[33](2,1.7620003,0.5,0.5,2,0.5,0.5,0.5,0.85065794,0.80301914,1.230301,0.5,0.5,1.2963124,1.828215,0.5,0.5,0.58601606,1.237727,2,2,0.5,1.2791298,0.65174951,1.6132878,0.5,0.5,0.5,0.5,0.5,0.5,0.5,1)
Previsao ETA40_LIMITES
[13] (15.744,10.946,22.698,23.358,11.156,5.392,0.804,0.24,0.16,0.498,9.0996,9.0996,9.0996)
Previsao PMEDIA_ORIG
[13] (12.2,7.5,17.8,13.2,5.5,4.1,2.8,1.2,1.1,1.4,1.7,0.9,5.7833333)
Previsao PRECMEDIA_ETA40.GEFS
[13] (12.1,7.78,14.21,16.17,7.17,4.45,2.55,1.28,1.26,1.23,6.82,6.82,6.82)
Previsao PRECZERADA_ETA40
[13] (0,0,0,0,0,0,0,0,0,0,0,0,0)


Sub bacia: CAPESCURO
cef: 0.97928849
dm: 0.02506642
ebin: 111.91865
mape: 0.014119449
*somacoef: 1.965169
supin: 37.515214
Iteracoes: 10000
Iteracao otima: 9986
Tempo: 8.803 s

Qcal
[33](0,0,149.43386,146.35872,142.66395,142.95792,150.51966,148.22701,144.08916,139.52457,136.65305,142.44247,188.06463,215.81793,216.78426,209.02537,199.45791,190.29868,183.24946,176.70244,170.08502,163.62694,157.87113,153.75031,149.93939,156.5745,154.72524,181.33476,201.02251,212.6648,207.47773,199.63062,191.49936)
Rsolo
[33](0,119.736,112.56855,112.07764,116.14958,122.01491,114.10153,110.66067,108.3321,109.3009,117.39937,133.94283,134.96004,126.02075,115.92245,111.15592,110.47864,112.01123,111.68778,110.43751,108.75022,107.40882,107.95123,108.31233,117.18057,115.12592,128.56435,131.07657,129.38134,117.74931,112.83055,110.59866,108.0497)
Rsub
[33](0,189.7874,192.80785,192.16164,191.28732,192.41964,196.66462,196.72781,195.15084,193.46729,191.79827,193.56748,205.03673,217.07883,223.40836,224.14843,222.56483,220.68099,219.52917,218.2346,216.36917,214.50257,212.65208,210.81755,208.99884,210.50646,210.95742,218.86787,228.27228,236.53563,238.10079,237.18938,235.23471)
Rsup
[33](0,4.2396261,3.6908089,3.316325,3.4078149,4.1869122,3.6449187,3.1730861,2.7623319,2.5500157,3.3155122,8.3534047,10.725483,10.032166,8.7335077,7.60296,6.6734038,6.0023106,5.3391871,4.677621,4.0721056,3.5460327,3.2036582,2.8952411,3.7662848,3.4568259,6.4339369,8.1316892,8.8206553,7.683766,6.6926497,5.8344682,5.0791995)
Peso chuva 
[33](0.73608211,0.59124912,2,0.5,2,1.9028847,0.5,0.5,0.501303,2,2,1.6526581,1.2891387,1.1087827,0.5,0.5,0.5,0.5,0.5,0.5,0.5,2,0.5,0.5,2,2,0.97590167,1.1305987,0.94474155,0.5,0.50060768,0.50936142,1)
Previsao ETA40_LIMITES
[13] (12.725,6.26,6.0775,0.525,2.2375,0.4925,0,0.9825,4.185,1.2025,3.46875,3.46875,3.46875)
Previsao PMEDIA_ORIG
[13] (11.1,8.4,9.1,14.8,4.9,5,1.9,0.8,1.9,1.3,2.5,1.1,5.2333333)
Previsao PRECMEDIA_ETA40.GEFS
[13] (9.39,7.15,9.2,10.45,3.78,3.69,2.01,0.84,1.42,1.28,4.921,4.921,4.921)
Previsao PRECZERADA_ETA40
[13] (0,0,0,0,0,0,0,0,0,0,0,0,0)


Sub bacia: EDACUNHA
cef: 0.96026703
dm: 0.065599347
ebin: 76.767023
mape: 0.052197372
*somacoef: 1.9080697
supin: 23.332124
Iteracoes: 10000
Iteracao otima: 9867
Tempo: 8.606 s

Qcal
[33](0,0,100.09915,93.570486,88.703304,88.665625,109.62986,102.44015,105.84679,97.747065,91.567187,143.15716,227.54805,278.15774,230.60183,189.96304,163.48023,369.45856,513.39454,445.20484,346.92148,275.73927,224.78746,199.37386,185.27043,162.71559,165.72948,184.06502,192.02565,169.34218,152.17954,139.94033,160.25668)
Rsolo
[33](0,40.94,37.119672,35.558591,36.370073,43.147794,39.800859,41.560315,37.788876,35.63548,47.373611,57.025447,58.397351,47.337998,41.137325,39.266911,61.453339,65.356203,55.612489,43.789602,38.627855,36.25315,39.540588,42.494929,39.278977,43.848075,48.870791,49.94479,42.753557,39.237595,37.347144,44.644137,38.980218)
Rsub
[33](0,196.84051,197.62298,196.95238,195.76867,194.85816,196.60783,196.93404,197.97471,197.53656,196.3729,200.16953,209.80359,220.32911,223.9233,224.57963,224.48431,237.16529,252.88179,261.15139,262.68511,262.05629,260.59846,260.33224,261.28925,260.91692,262.47946,266.57276,271.23531,272.2228,271.75075,270.59049,272.45256)
Rsup
[33](0,1.5670988,1.1081062,0.79876818,0.82724359,2.2591536,1.7304268,1.9506884,1.3794122,0.9758185,4.4713324,10.039986,13.186823,9.7170315,6.8933866,5.0974808,18.934483,28.269756,23.278126,16.460325,11.639207,8.2335072,6.5647933,5.6245115,4.084551,4.2967313,5.4873061,5.9147607,4.2690974,3.0905048,2.2808253,3.6757617,2.599156)
Peso chuva 
[33](0.85058822,0.97416465,0.7454533,0.5,1.3318453,1.2288154,0.5,1.5555637,0.76623186,0.57182069,0.99890288,1.1408278,1.1477758,0.62084218,0.5,0.78042298,1.0675027,0.94243717,0.74895301,0.57582317,2,1.1675517,1.0515254,1.102788,0.5,1.1004409,0.98935854,0.97358091,0.5,1.8209134,2,2,1)
Previsao ETA40_LIMITES
[13] (5.13,0.48,1.16,0.74,3.81,0.42,0,1.96,1.06,1.22,1.598,1.598,1.598)
Previsao PMEDIA_ORIG
[13] (6,2.3,6.6,8.4,6.2,10.2,2.8,1.8,0.9,1.2,1.1,0.6,4.0083333)
Previsao PRECMEDIA_ETA40.GEFS
[13] (5.36,1.5,5.36,7.01,5.17,6.8,2.79,1.75,0.88,1.14,3.776,3.776,3.776)
Previsao PRECZERADA_ETA40
[13] (0,0,0,0,0,0,0,0,0,0,0,0,0)


Sub bacia: FUNIL MG
cef: 0.98383027
dm: 0.03001113
ebin: 56.264
mape: 0.025282556
*somacoef: 1.9585477
supin: 291.10048
Iteracoes: 10000
Iteracao otima: 9929
Tempo: 8.398 s

Qcal
[33](0,0,347.36448,305.59335,287.6964,269.84176,238.81121,210.88766,188.12055,220.67117,272.33104,413.35475,558.2007,509.56352,451.70043,394.37608,344.7328,304.785,342.56969,699.76471,1052.0637,995.94949,856.80006,775.55442,677.64569,588.5751,511.86971,454.05467,514.57505,488.96027,431.99599,382.13259,343.11073)
Rsolo
[33](0,75.025,61.3396,63.857198,64.144558,59.716926,56.79915,55.975605,64.965711,71.114207,77.871457,79.112828,68.507762,63.472608,59.192534,56.656441,56.145532,67.138378,84.47084,83.969472,74.333145,61.289627,66.294515,62.496121,59.095918,56.454701,57.504238,71.535434,68.932355,59.70009,57.304208,57.177595,54.484622)
Rsub
[33](0,100.01269,110.01901,111.33973,114.01715,116.84294,117.30366,116.70291,116.10525,119.39076,126.52464,138.56751,151.53669,156.79357,159.02336,159.01044,158.19611,157.38594,161.75677,179.15437,196.01789,205.02411,205.83225,209.44235,210.86765,210.54224,209.464,208.39322,215.35823,220.5598,220.48102,219.35188,218.22852)
Rsup
[33](0,16.274437,13.624444,12.582348,11.499948,9.6762602,8.1006592,6.8467216,8.6853136,11.470107,19.129894,26.848974,23.721937,20.321673,17.046734,14.271753,12.064019,14.201913,34.034003,53.182666,49.515129,41.452501,36.884917,31.297631,26.27317,21.995067,18.796737,22.213903,20.562809,17.214534,14.429319,12.283253,10.283151)
Peso chuva 
[33](0.5,2,0.5,1.241168,0.82321976,0.74001393,1.4550188,2,1.4846678,0.83222816,1.3681189,1.8424368,0.51134842,0.5,0.5,0.5,0.5,1.1692641,1.3295508,1.2142765,1.6040706,0.5068315,2,0.5,0.5,0.60809653,0.5,1.4804522,2,0.5,0.5,0.55023392,1)
Previsao ETA40_LIMITES
[13] (16.23,12.95,21.384,25.352,9.448,4.538,1.956,1.582,0.024,0.53,9.3994,9.3994,9.3994)
Previsao PMEDIA_ORIG
[13] (21.3,16,24.3,23.5,9.1,3.7,3.5,1.1,1.5,1.5,1.9,1,9.0333333)
Previsao PRECMEDIA_ETA40.GEFS
[13] (16.94,14.43,15.07,21.03,7.81,3.65,3.47,1.08,1.48,1.15,8.611,8.611,8.611)
Previsao PRECZERADA_ETA40
[13] (0,0,0,0,0,0,0,0,0,0,0,0,0)


Sub bacia: FURNAS
cef: 0.98580228
dm: 0.030309838
ebin: 130.4
mape: 0.026778928
*somacoef: 1.9590234
supin: 423.52931
Iteracoes: 10000
Iteracao otima: 9785
Tempo: 8.468 s

Qcal
[33](0,0,553.92931,519.82716,481.85774,446.5564,414.75939,386.74506,387.30915,435.30465,505.98458,614.65512,688.07968,843.73762,993.87579,924.17225,850.92017,791.63716,1004.4762,1533.822,1919.3424,1892.8315,1731.5512,1587.9093,1510.2002,1396.8359,1280.9124,1174.3084,1087.5748,1041.6945,962.04797,897.42772,831.77572)
Rsolo
[33](0,50.796,39.639943,36.671047,34.772234,33.178784,32.30868,35.750758,42.981439,47.742164,50.387211,49.654642,52.397996,52.558906,42.211686,37.630285,37.92565,52.239203,58.228318,55.759425,50.343852,39.878223,38.825734,44.106533,41.483096,38.292394,36.488252,37.087403,41.761212,38.523665,38.546325,37.323471,34.844227)
Rsub
[33](0,111.27396,118.72984,119.18806,118.59941,118.01367,117.43083,116.85086,116.27375,118.52183,123.74538,130.83292,137.34559,145.91273,154.56545,156.19161,155.52215,154.9886,163.343,176.80449,187.97494,194.71296,194.91398,194.60257,197.12149,198.14064,197.56409,196.58835,195.61744,196.79402,196.33136,195.88156,194.91414)
Rsup
[33](0,17.646576,15.861642,14.257253,12.815145,11.518906,10.380132,10.431954,12.459891,15.295041,19.567806,22.281016,28.448593,34.285871,30.959148,27.827661,25.39029,34.284396,55.931952,71.337581,69.687568,62.638738,56.644007,53.421422,48.575047,43.695268,39.281706,35.715548,33.851327,30.475361,27.805515,25.092051,22.554015)
Peso chuva 
[33](0.5,0.5,0.5,0.5,0.5,0.5,1.9969777,1.0429928,2,1.1761516,2,0.88020363,1.1529416,1.6402626,0.5,0.5,0.50026368,0.80224529,1.2201241,1.4358169,2,0.5,0.5,0.95169843,0.5200689,0.5,0.5,0.5,1.2766269,0.5,0.5,0.5,1)
Previsao ETA40_LIMITES
[13] (18.919167,13.8925,24.518333,14.068333,5.5766667,3.115,0.0375,0.66,0.62833333,0.54083333,8.1956667,8.1956667,8.1956667)
Previsao PMEDIA_ORIG
[13] (15.4,9.7,15.8,13.9,5.3,7.2,3,1.1,1.2,1.1,1.6,0.7,6.3333333)
Previsao PRECMEDIA_ETA40.GEFS
[13] (15.62,12.06,17.34,15.9,5.58,6.37,3.03,1.27,1.38,1.23,7.978,7.978,7.978)
Previsao PRECZERADA_ETA40
[13] (0,0,0,0,0,0,0,0,0,0,0,0,0)


Sub bacia: MARIMBONDO
cef: 0.87102672
dm: 0.13245037
ebin: 256.19344
mape: 0.03014953
*somacoef: 1.8408772
supin: 45.965486
Iteracoes: 10000
Iteracao otima: 9730
Tempo: 8.663 s

Qcal
[33](0,0,302.15892,298.30531,293.17638,288.30609,285.04805,280.83433,277.53294,273.6861,270.67013,275.11978,294.48778,342.46969,398.3936,410.98763,411.27486,416.17585,473.58487,495.48373,470.9504,443.8421,420.56978,414.6635,426.6351,407.65351,390.09449,377.81664,380.2103,396.04595,402.95452,408.02746,405.77135)
Rsolo
[33](0,92.1312,84.405341,80.338391,78.061829,77.001529,75.918549,75.297018,74.404776,73.692946,75.442804,81.279393,89.840859,96.338164,94.981337,92.39696,91.939751,98.532262,98.632027,90.308692,84.334218,80.899968,83.103784,87.687055,82.79728,79.392645,78.103024,81.443102,86.23585,87.669662,88.201661,86.843821,81.294149)
Rsub
[33](0,287.3009,292.24049,294.06657,294.44696,294.07788,293.37587,292.34427,291.22067,290.10139,288.98641,287.87572,288.60111,292.56892,299.37254,305.52695,310.51137,315.27934,323.03413,330.80724,334.80694,336.44313,336.85149,338.03141,340.93808,341.99246,341.87291,341.33472,341.91125,344.23679,347.11273,350.18929,352.7182)
Rsup
[33](0,1.1026946,0.90457937,0.74247459,0.61750078,0.54723711,0.46116906,0.40403793,0.33578997,0.28738195,0.41797898,0.90637029,2.0419205,3.2986337,3.4552157,3.3304504,3.3413958,4.6166191,4.976073,4.2212441,3.4853643,2.8920684,2.7416432,3.0035964,2.4860554,2.0422657,1.750282,1.819218,2.1867761,2.3027617,2.3629372,2.2429997,1.840012)
Peso chuva 
[33](2,0.52719195,0.5,0.5,0.5,0.5,0.5,0.5,0.5,0.5,0.5,0.62199285,0.85135574,1.5081875,1.6752375,1.8566529,1.3226279,1.8642477,2,2,2,2,2,2,0.5,0.5,0.5,0.78221704,0.91288247,1.4821702,1.468768,1.3702099,1)
Previsao ETA40_LIMITES
[13] (7.589,4.103,2.523,1.191,1.285,0.106,0,1.615,3.065,2.057,2.3534,2.3534,2.3534)
Previsao PMEDIA_ORIG
[13] (7.2,5.7,6,11.1,5.6,3.8,1.2,0.6,1.2,1.5,1.5,0.8,3.85)
Previsao PRECMEDIA_ETA40.GEFS
[13] (6.07,6.07,5.55,7.78,3.83,2.29,1.25,0.76,0.84,1.64,3.608,3.608,3.608)
Previsao PRECZERADA_ETA40
[13] (0,0,0,0,0,0,0,0,0,0,0,0,0)


Sub bacia: PARAGUACU
cef: 0.96707923
dm: 0.061427171
ebin: 60.688
mape: 0.051860582
*somacoef: 1.9152186
supin: 68.088739
Iteracoes: 10000
Iteracao otima: 7804
Tempo: 8.412 s

Qcal
[33](0,0,128.77674,121.55221,114.1407,109.11347,107.5399,103.9391,119.8059,130.00658,193.46183,194.99764,221.93494,307.95718,363.32859,366.92917,336.94844,324.00005,437.06896,518.73044,546.82151,515.35367,469.42398,430.98058,461.98692,457.9503,431.91655,420,390.18606,365.49894,340.82359,315.0322,291.56294)
Rsolo
[33](0,61.4215,56.879617,55.453281,55.430475,57.123687,57.560277,63.573382,64.652331,71.717411,65.949931,69.032407,74.612969,73.448612,69.355165,59.855097,63.467716,76.055157,75.640723,73.096025,66.96721,58.701515,59.428203,70.289708,69.189329,65.244738,66.630232,62.035472,61.644188,60.308031,56.931534,55.732504,53.372742)
Rsub
[33](0,111.74407,113.28666,112.72716,112.17042,111.61643,111.06518,110.54682,113.35829,116.81943,125.10888,129.33684,135.62076,146.05399,155.51878,161.90041,162.32659,164.81843,176.27586,187.33725,196.32513,200.8685,200.48976,200.49601,207.32305,213.33196,216.6723,220.89219,222.24785,223.37165,223.74104,222.63602,221.53647)
Rsup
[33](0,5.2292082,4.6100243,4.0641571,3.7012879,3.6035447,3.3499966,4.5901857,5.2563314,9.9853238,9.7575219,11.649956,17.994354,21.811703,21.693453,19.124759,18.112548,26.692294,32.485999,34.182021,31.390411,27.673512,24.736861,27.117883,26.523116,24.273096,23.218581,20.752862,18.800349,16.858412,14.862228,13.105881,11.55403)
Peso chuva 
[33](2,2,0.7414646,1.9524561,2,2,2,2,0.9662385,2,2,2,1.674278,1.1160697,1.2769131,0.5,1.2353388,1.1162266,0.61712216,0.74157741,2,0.91859491,2,1.4998108,0.61336697,0.5,1.8200081,0.5,0.5,0.5,0.5,0.5,1)
Previsao ETA40_LIMITES
[13] (5.53,1.084,4.438,3.718,4.698,2.614,0.082,0.67,0.156,0.212,2.3202,2.3202,2.3202)
Previsao PMEDIA_ORIG
[13] (4.8,1.3,6.4,7.4,4.4,11.1,4.9,2.1,0.8,1.3,1.3,0.7,3.875)
Previsao PRECMEDIA_ETA40.GEFS
[13] (5.82,1.79,7.11,7.47,5.18,9.23,4.21,2.17,1.04,1.14,4.516,4.516,4.516)
Previsao PRECZERADA_ETA40
[13] (0,0,0,0,0,0,0,0,0,0,0,0,0)


Sub bacia: PASSAGEM
cef: 0.98127282
dm: 0.025930431
ebin: 68.272
mape: 0.017935439
*somacoef: 1.9633374
supin: 135.663
Iteracoes: 10000
Iteracao otima: 9089
Tempo: 8.469 s

Qcal
[33](0,0,203.935,183.581,166.32885,151.68818,143.41005,145.99381,152.39504,148.12018,172.05769,189.77114,197.10153,226.70721,301.28988,342.30725,347.96922,314.3412,341.72264,371.35117,430.89808,473.70134,430.62162,393.62278,361.82103,334.48025,310.95559,290.60609,280.10763,286.00073,295.80634,294.94647,287.00004)
Rsolo
[33](0,99.765,95.489405,91.66923,88.393304,87.527839,88.908489,90.665403,90.423183,94.142463,97.051405,98.683206,102.24487,108.11787,111.6007,112.61828,109.50528,111.99607,118.70562,127.43357,121.01355,114.00743,107.93559,103.48989,99.562488,96.137142,93.046197,92.390132,94.356887,96.669128,97.551152,97.22593,93.135575)
Rsub
[33](0,71.733062,73.025906,73.969592,74.622973,75.043676,75.404073,75.856054,76.428289,76.980566,77.801785,78.844283,80.012976,81.474905,83.459605,85.770522,88.171255,90.2548,92.571324,95.572867,99.555382,102.77587,105.23304,107.08326,108.52001,109.61438,110.42773,111.00176,111.52466,112.1915,113.0339,113.94224,114.82012)
Rsup
[33](0,4.4246708,3.7206898,3.1287148,2.630925,2.3478734,2.4209558,2.6157028,2.4585146,3.2220968,3.7743319,3.9810528,4.9103692,7.2975144,8.5736944,8.686626,7.5153206,8.3436942,13.216024,22.332634,8.5564048,7.1950501,6.0502919,5.088656,4.2803251,3.6022507,3.0318054,2.7856056,3.0712985,3.4759861,3.5233794,3.333759,2.803346)
Peso chuva 
[33](0.5,0.5,1.8740964,0.56892563,0.66511028,2,1.6808609,2,0.72031402,1.6998182,1.3010382,1.7097056,1.1726967,1.2798974,1.3141394,1.9284877,0.5,0.5,0.86533516,2,2,0.5,0.70241557,0.5,0.5,0.5,0.5,0.5,0.56893303,0.71801053,1.3727079,1.071837,1)
Previsao ETA40_LIMITES
[13] (2.1811111,0.55222222,0.61555556,1.2877778,2.8444444,0.42777778,0.32444444,1.2877778,1.1266667,1.9455556,1.2593333,1.2593333,1.2593333)
Previsao PMEDIA_ORIG
[13] (1.9,1.1,3.4,5.4,3.6,3.5,1.1,0.6,0.5,0.7,1.1,0.6,1.9583333)
Previsao PRECMEDIA_ETA40.GEFS
[13] (2.33,1.57,3.94,5.46,3.98,2.55,1.26,0.81,0.59,1.07,2.356,2.356,2.356)
Previsao PRECZERADA_ETA40
[13] (0,0,0,0,0,0,0,0,0,0,0,0,0)


Sub bacia: PBUENOS
cef: 0.95200368
dm: 0.080311127
ebin: 46.576
mape: 0.064391233
*somacoef: 1.8876125
supin: 42.661295
Iteracoes: 10000
Iteracao otima: 9923
Tempo: 8.91 s

Qcal
[33](0,0,89.237295,82.833717,76.909577,82.842642,94.439793,92.165584,87.099693,82.872077,100.97813,118.00753,164.96899,205.94003,226.61785,219.67082,195.82099,197.23091,310.15545,375.66085,423.7841,456.31359,402.21143,354.34951,318.88542,291.98568,265.4975,281.77314,278.9772,264.91985,241.3093,217.21029,196.42338)
Rsolo
[33](0,50.072,46.180859,44.736154,48.952642,53.342704,51.147427,48.497565,47.32388,53.735078,56.494431,61.629716,62.637235,61.245696,57.304265,49.774645,54.62817,67.10686,66.352207,65.902378,65.338951,53.964317,50.365817,51.181628,52.426188,51.55283,58.885498,58.524203,56.179298,51.738567,48.052746,46.266269,43.972527)
Rsub
[33](0,137.11284,138.24324,137.6059,136.97149,137.565,140.39452,142.04769,142.40578,142.23275,145.2579,149.87529,157.82913,166.46133,174.07102,179.05324,179.84526,183.20171,195.11158,206.3679,217.22042,227.58732,230.34712,231.19256,232.44458,234.34034,235.76863,241.47249,246.91618,250.87445,252.32291,251.96898,250.83519)
Rsup
[33](0,3.6391602,3.0601568,2.5732749,3.0977695,4.0698498,3.7938611,3.3138188,2.9428121,4.4923361,5.8573458,9.729528,12.994026,14.507784,13.694672,11.515828,11.613149,21.148755,26.391487,30.1704,32.630809,27.715302,23.55254,20.502828,18.171906,15.857436,17.204418,16.800635,15.443752,13.31499,11.217288,9.454346,7.9501257)
Peso chuva 
[33](2,0.68218596,0.5,0.5,2,2,2,0.54786306,0.5,1.0454486,2,1.3530643,0.92647005,0.79250665,0.94846447,0.5,0.98624969,1.2234626,0.68965857,0.8722693,1.67201,2,0.72184034,0.5,0.5,0.5,1.1689902,0.55286044,0.5,0.5,0.5,0.5,1)
Previsao ETA40_LIMITES
[13] (13.2425,3.9325,15.9,10.98,5.19,4.215,0.3175,0.745,0.4425,0.9725,5.59375,5.59375,5.59375)
Previsao PMEDIA_ORIG
[13] (10.4,3.5,11.7,8.5,3.4,2.7,0.6,0.4,0.7,0.9,1.3,0.5,3.7166667)
Previsao PRECMEDIA_ETA40.GEFS
[13] (9.46,3.35,10.08,8.74,3.55,2.81,0.58,0.5,0.57,0.75,4.039,4.039,4.039)
Previsao PRECZERADA_ETA40
[13] (0,0,0,0,0,0,0,0,0,0,0,0,0)


Sub bacia: PCOLOMBIA
cef: 0.94484418
dm: 0.062253359
ebin: 169.50371
mape: 0.028867214
*somacoef: 1.915977
supin: 847.82751
Iteracoes: 10000
Iteracao otima: 9188
Tempo: 8.822 s

Qcal
[33](0,0,1017.3312,957.35374,894.84464,834.77028,779.31253,728.23453,682.14386,639.04469,610.26534,693.99798,787.21469,975.38215,931.53638,875.44905,820.11271,771.85476,769.14559,757.82893,717.68088,676.52102,637.2749,625.29353,625.02981,643.87969,628.99012,758.31305,832.11175,926.54837,893.98956,863.54368,948.06465)
Rsolo
[33](0,62.1115,51.29724,48.940048,46.966342,45.50914,43.888636,42.803873,41.325305,42.997075,57.01061,65.055338,70.220814,55.252081,49.669842,47.2985,46.830211,53.912897,56.133199,50.694973,47.932522,46.428018,50.654981,54.912485,58.506274,54.813358,65.913854,65.178511,66.484235,55.903335,54.573805,64.357778,51.665541)
Rsub
[33](0,109.38324,116.08727,116.62235,116.08916,115.28728,114.49093,113.70008,112.9147,112.13474,111.36017,114.90918,123.59392,136.12539,138.52525,138.16004,137.2057,136.25795,137.94811,140.81874,140.9018,139.92852,138.96196,139.0394,141.23644,145.45329,147.55309,156.62949,165.1138,174.48601,176.97685,178.73165,186.48352)
Rsup
[33](0,45.534788,41.755584,38.353837,35.171762,32.259998,29.582998,27.173398,24.92401,23.443253,28.004798,32.715871,42.099091,38.701283,35.489233,32.547647,30.035254,29.96863,29.220172,26.825002,24.607492,22.58068,22.017632,21.997024,22.826552,21.675913,28.446779,31.654929,36.02077,33.492093,31.649613,36.042986,33.051563)
Peso chuva 
[33](0.5,0.62152179,0.5,0.5,0.96440804,0.5,1.3119152,0.5,0.80297136,0.8450433,1.6928771,1.2066463,1.1624608,0.5,0.61137554,1.2197769,0.5,0.93030578,0.75528143,0.5,0.77086916,1.318682,1.4456358,1.2723098,1.575536,2,1.4468868,2,1.7356203,2,2,2,1)
Previsao ETA40_LIMITES
[13] (20.073,15.06,17.455,1.837,3.252,1.966,0.032,0.183,1.082,0.024,6.0964,6.0964,6.0964)
Previsao PMEDIA_ORIG
[13] (16.1,19.8,12.5,19.3,4.8,4.4,2.1,0.5,1.4,1.3,2.4,1.5,7.175)
Previsao PRECMEDIA_ETA40.GEFS
[13] (14.34,18.56,11.69,14.05,4.34,3.82,2.37,0.58,1.58,1.22,7.255,7.255,7.255)
Previsao PRECZERADA_ETA40
[13] (0,0,0,0,0,0,0,0,0,0,0,0,0)


Tempo de execucao em: 96 s

Finalizando execucao: 27-02-2020 14:50:49

