00083011 13/12/2019 1200 0       
00083011 14/12/2019 1200 0       
00083011 15/12/2019 1200 0       
00083011 16/12/2019 1200 1       
00083011 17/12/2019 1200 4       
00083011 18/12/2019 1200 3       
00083011 19/12/2019 1200 0       
00083011 20/12/2019 1200 0       
00083011 21/12/2019 1200 0       
00083011 22/12/2019 1200 4       
00083011 23/12/2019 1200 0       
00083011 24/12/2019 1200 0       
00083011 25/12/2019 1200 0       
00083011 26/12/2019 1200 0       
00083011 27/12/2019 1200 0       
00083011 28/12/2019 1200 0       
00083011 29/12/2019 1200 0       
00083011 30/12/2019 1200 0       
00083011 31/12/2019 1200 0       
00083011 01/01/2020 1200 0       
00083011 02/01/2020 1200 1       
00083011 03/01/2020 1200 7       
00083011 04/01/2020 1200 0       
00083011 05/01/2020 1200 2       
00083011 06/01/2020 1200 0       
00083011 07/01/2020 1200 0       
00083011 08/01/2020 1200 8       
00083011 09/01/2020 1200 0       
00083011 10/01/2020 1200 73      
00083011 11/01/2020 1200 27      
00083011 12/01/2020 1200 0       
00083011 13/01/2020 1200 0       
00083011 14/01/2020 1200 0       
00083011 15/01/2020 1200 0       
00083011 16/01/2020 1200 0       
00083011 17/01/2020 1200 25      
00083011 18/01/2020 1200 0       
00083011 19/01/2020 1200 0       
00083011 20/01/2020 1200 0       
00083011 21/01/2020 1200 0       
00083011 22/01/2020 1200 0       
00083011 23/01/2020 1200 0       
00083011 24/01/2020 1200 0       
00083011 25/01/2020 1200 0       
00083011 26/01/2020 1200 0       
00083011 27/01/2020 1200 0       
