00083842 13/12/2019 1200 0       
00083842 14/12/2019 1200 0       
00083842 15/12/2019 1200 0       
00083842 16/12/2019 1200 7       
00083842 17/12/2019 1200 6       
00083842 18/12/2019 1200 1       
00083842 19/12/2019 1200 0.5     
00083842 20/12/2019 1200 0       
00083842 21/12/2019 1200 0       
00083842 22/12/2019 0000 -       
00083842 23/12/2019 1200 0       
00083842 24/12/2019 1200 0       
00083842 25/12/2019 1200 0       
00083842 26/12/2019 1200 0       
00083842 27/12/2019 1200 0       
00083842 28/12/2019 1200 0       
00083842 29/12/2019 1200 0       
00083842 30/12/2019 1200 0       
00083842 31/12/2019 1200 0       
00083842 01/01/2020 1200 0       
00083842 02/01/2020 1200 2       
00083842 03/01/2020 1200 10      
00083842 04/01/2020 1200 0       
00083842 05/01/2020 0000 -       
00083842 06/01/2020 1200 0       
00083842 07/01/2020 1200 0       
00083842 08/01/2020 0000 -       
00083842 09/01/2020 1200 0       
00083842 10/01/2020 0000 -       
00083842 11/01/2020 0000 -       
00083842 12/01/2020 0000 -       
00083842 13/01/2020 1200 0       
00083842 14/01/2020 1200 0       
00083842 15/01/2020 1200 0       
00083842 16/01/2020 0000 -       
00083842 17/01/2020 0000 -       
00083842 18/01/2020 1200 0       
00083842 19/01/2020 1200 0       
00083842 20/01/2020 1200 0       
00083842 21/01/2020 1200 0       
00083842 22/01/2020 1200 0       
00083842 23/01/2020 1200 0.2     
00083842 24/01/2020 1200 2       
00083842 25/01/2020 1200 0       
00083842 26/01/2020 1200 0       
00083842 27/01/2020 1200 0       
