00083840 13/12/2019 1200 0       
00083840 14/12/2019 1200 0       
00083840 15/12/2019 1200 0       
00083840 16/12/2019 1200 6       
00083840 17/12/2019 1200 5       
00083840 18/12/2019 1200 3       
00083840 19/12/2019 1200 0       
00083840 20/12/2019 1200 0       
00083840 21/12/2019 1200 0       
00083840 22/12/2019 1200 2       
00083840 23/12/2019 1200 0       
00083840 24/12/2019 1200 0       
00083840 25/12/2019 1200 8       
00083840 26/12/2019 1200 0       
00083840 27/12/2019 1200 0       
00083840 28/12/2019 1200 0       
00083840 29/12/2019 1200 0       
00083840 30/12/2019 1200 0       
00083840 31/12/2019 1200 0       
00083840 01/01/2020 1200 0       
00083840 02/01/2020 1200 24      
00083840 03/01/2020 1200 0       
00083840 04/01/2020 1200 2       
00083840 05/01/2020 1200 1       
00083840 06/01/2020 1200 0       
00083840 07/01/2020 1200 0       
00083840 08/01/2020 1200 4       
00083840 09/01/2020 1200 0       
00083840 10/01/2020 1200 7       
00083840 11/01/2020 1200 20      
00083840 12/01/2020 1200 7       
00083840 13/01/2020 1200 0       
00083840 14/01/2020 1200 0       
00083840 15/01/2020 1200 0       
00083840 16/01/2020 1200 9       
00083840 17/01/2020 1200 5       
00083840 18/01/2020 1200 0       
00083840 19/01/2020 1200 0       
00083840 20/01/2020 1200 0       
00083840 21/01/2020 1200 0       
00083840 22/01/2020 1200 0       
00083840 23/01/2020 1200 0       
00083840 24/01/2020 1200 1       
00083840 25/01/2020 1200 0       
00083840 26/01/2020 1200 0       
00083840 27/01/2020 1200 0       
