02549105 13/12/2019 1000 0       
02549105 14/12/2019 1000 0       
02549105 15/12/2019 1000 0       
02549105 16/12/2019 1000 11.4    
02549105 17/12/2019 1000 5.8     
02549105 18/12/2019 1000 20.6    
02549105 19/12/2019 1000 0.4     
02549105 20/12/2019 1000 0       
02549105 21/12/2019 1000 3       
02549105 22/12/2019 1000 0.8     
02549105 23/12/2019 1000 0       
02549105 24/12/2019 1000 0       
02549105 25/12/2019 1000 0       
02549105 26/12/2019 1000 0       
02549105 27/12/2019 1000 0       
02549105 28/12/2019 1000 0       
02549105 29/12/2019 1000 0       
02549105 30/12/2019 1000 0       
02549105 31/12/2019 1000 0       
02549105 01/01/2020 1000 0       
02549105 02/01/2020 1000 1.2     
02549105 03/01/2020 1000 5       
02549105 04/01/2020 1000 0       
02549105 05/01/2020 1000 10.4    
02549105 06/01/2020 1000 0       
02549105 07/01/2020 1000 0       
02549105 08/01/2020 1000 28.6    
02549105 09/01/2020 1000 0       
02549105 10/01/2020 1000 0       
02549105 11/01/2020 1000 0.4     
02549105 12/01/2020 1000 12.6    
02549105 13/01/2020 1000 0       
02549105 14/01/2020 1000 0       
02549105 15/01/2020 1000 0       
02549105 16/01/2020 1000 2.8     
02549105 17/01/2020 1000 20.8    
02549105 18/01/2020 1000 0       
02549105 19/01/2020 1000 0       
02549105 20/01/2020 1000 0       
02549105 21/01/2020 1000 0       
02549105 22/01/2020 1000 0       
02549105 23/01/2020 1000 0.2     
02549105 24/01/2020 1000 0       
02549105 25/01/2020 1000 0       
02549105 26/01/2020 1000 0       
02549105 27/01/2020 1000 0       
