02552073 13/12/2019 1000 0       
02552073 14/12/2019 1000 0       
02552073 15/12/2019 1000 0       
02552073 16/12/2019 1000 52      
02552073 17/12/2019 1000 17.2    
02552073 18/12/2019 1000 18.4    
02552073 19/12/2019 1000 0       
02552073 20/12/2019 1000 2.6     
02552073 21/12/2019 1000 10      
02552073 22/12/2019 1000 8.8     
02552073 23/12/2019 1000 0       
02552073 24/12/2019 1000 0       
02552073 25/12/2019 1000 0       
02552073 26/12/2019 1000 0       
02552073 27/12/2019 1000 0       
02552073 28/12/2019 1000 0       
02552073 29/12/2019 1000 0       
02552073 30/12/2019 1000 0       
02552073 31/12/2019 1000 0       
02552073 01/01/2020 1000 0       
02552073 02/01/2020 1000 19      
02552073 03/01/2020 1000 0       
02552073 04/01/2020 1000 0       
02552073 05/01/2020 1000 28.8    
02552073 06/01/2020 1000 0       
02552073 07/01/2020 1000 5.6     
02552073 08/01/2020 1000 0       
02552073 09/01/2020 1000 0       
02552073 10/01/2020 1000 2.2     
02552073 11/01/2020 1000 28.4    
02552073 12/01/2020 1000 2.4     
02552073 13/01/2020 0000 -       
02552073 14/01/2020 1000 7       
02552073 15/01/2020 1000 0.4     
02552073 16/01/2020 1000 0       
02552073 17/01/2020 1000 14.8    
02552073 18/01/2020 1000 0       
02552073 19/01/2020 1000 0       
02552073 20/01/2020 1000 0       
02552073 21/01/2020 1000 0       
02552073 22/01/2020 1000 0       
02552073 23/01/2020 1000 1.8     
02552073 24/01/2020 1000 0.2     
02552073 25/01/2020 1000 0       
02552073 26/01/2020 1000 0       
02552073 27/01/2020 1000 0       
