02551015 13/12/2019 1000 0       
02551015 14/12/2019 1000 0       
02551015 15/12/2019 1000 4.4     
02551015 16/12/2019 1000 18.8    
02551015 17/12/2019 1000 7       
02551015 18/12/2019 1000 10.4    
02551015 19/12/2019 1000 0       
02551015 20/12/2019 1000 0       
02551015 21/12/2019 1000 27.8    
02551015 22/12/2019 1000 0.2     
02551015 23/12/2019 1000 0       
02551015 24/12/2019 1000 0       
02551015 25/12/2019 1000 0       
02551015 26/12/2019 1000 0       
02551015 27/12/2019 1000 0       
02551015 28/12/2019 1000 0       
02551015 29/12/2019 1000 0       
02551015 30/12/2019 1000 0       
02551015 31/12/2019 1000 12.4    
02551015 01/01/2020 1000 0       
02551015 02/01/2020 1000 3.4     
02551015 03/01/2020 1000 24.8    
02551015 04/01/2020 1000 0       
02551015 05/01/2020 1000 1.8     
02551015 06/01/2020 1000 3.8     
02551015 07/01/2020 1000 2.6     
02551015 08/01/2020 1000 1       
02551015 09/01/2020 1000 0.2     
02551015 10/01/2020 1000 1.6     
02551015 11/01/2020 1000 23.8    
02551015 12/01/2020 1000 5       
02551015 13/01/2020 1000 6       
02551015 14/01/2020 1000 0       
02551015 15/01/2020 1000 0       
02551015 16/01/2020 1000 0       
02551015 17/01/2020 1000 8.8     
02551015 18/01/2020 1000 0       
02551015 19/01/2020 1000 0       
02551015 20/01/2020 1000 0       
02551015 21/01/2020 1000 0       
02551015 22/01/2020 1000 0       
02551015 23/01/2020 1000 1.2     
02551015 24/01/2020 1000 0       
02551015 25/01/2020 1000 0       
02551015 26/01/2020 1000 0       
02551015 27/01/2020 1000 0       
