02552062 13/12/2019 1000 0       
02552062 14/12/2019 1000 0       
02552062 15/12/2019 1000 0.4     
02552062 16/12/2019 1000 20      
02552062 17/12/2019 1000 4.4     
02552062 18/12/2019 1000 12      
02552062 19/12/2019 1000 0       
02552062 20/12/2019 1000 0       
02552062 21/12/2019 1000 1.4     
02552062 22/12/2019 1000 1.6     
02552062 23/12/2019 1000 0       
02552062 24/12/2019 1000 0       
02552062 25/12/2019 1000 0       
02552062 26/12/2019 1000 0       
02552062 27/12/2019 1000 0       
02552062 28/12/2019 1000 0       
02552062 29/12/2019 1000 0       
02552062 30/12/2019 1000 0       
02552062 31/12/2019 1000 0       
02552062 01/01/2020 1000 0       
02552062 02/01/2020 1000 25.4    
02552062 03/01/2020 1000 0.6     
02552062 04/01/2020 1000 0       
02552062 05/01/2020 1000 0       
02552062 06/01/2020 1000 0.8     
02552062 07/01/2020 1000 4.2     
02552062 08/01/2020 1000 0       
02552062 09/01/2020 1000 0       
02552062 10/01/2020 1000 1       
02552062 11/01/2020 1000 15.8    
02552062 12/01/2020 1000 6.4     
02552062 13/01/2020 1000 0       
02552062 14/01/2020 1000 0       
02552062 15/01/2020 1000 0.2     
02552062 16/01/2020 1000 0       
02552062 17/01/2020 1000 35.8    
02552062 18/01/2020 1000 0       
02552062 19/01/2020 1000 0       
02552062 20/01/2020 1000 0       
02552062 21/01/2020 1000 0       
02552062 22/01/2020 1000 0       
02552062 23/01/2020 1000 0.4     
02552062 24/01/2020 1000 0       
02552062 25/01/2020 1000 0       
02552062 26/01/2020 1000 0       
02552062 27/01/2020 1000 0       
