02552030 13/12/2019 1000 0       
02552030 14/12/2019 1000 0       
02552030 15/12/2019 1000 7       
02552030 16/12/2019 1000 49      
02552030 17/12/2019 1000 7       
02552030 18/12/2019 1000 17      
02552030 19/12/2019 1000 0       
02552030 20/12/2019 1000 2       
02552030 21/12/2019 1000 15      
02552030 22/12/2019 1000 0       
02552030 23/12/2019 1000 0       
02552030 24/12/2019 1000 0       
02552030 25/12/2019 1000 0       
02552030 26/12/2019 1000 0       
02552030 27/12/2019 1000 0       
02552030 28/12/2019 1000 0       
02552030 29/12/2019 1000 0       
02552030 30/12/2019 1000 0       
02552030 31/12/2019 1000 0       
02552030 01/01/2020 1000 0       
02552030 02/01/2020 1000 0       
02552030 03/01/2020 1000 0       
02552030 04/01/2020 1000 0       
02552030 05/01/2020 1000 0       
02552030 06/01/2020 1000 6       
02552030 07/01/2020 1000 4       
02552030 08/01/2020 1000 0       
02552030 09/01/2020 1000 0       
02552030 10/01/2020 1000 1       
02552030 11/01/2020 1000 58      
02552030 12/01/2020 1000 1       
02552030 13/01/2020 1000 0       
02552030 14/01/2020 1000 0       
02552030 15/01/2020 1000 0       
02552030 16/01/2020 1000 21      
02552030 17/01/2020 1000 14      
02552030 18/01/2020 1000 0       
02552030 19/01/2020 1000 0       
02552030 20/01/2020 1000 0       
02552030 21/01/2020 1000 0       
02552030 22/01/2020 1000 0       
02552030 23/01/2020 1000 1       
02552030 24/01/2020 1000 3       
02552030 25/01/2020 1000 0       
02552030 26/01/2020 1000 0       
02552030 27/01/2020 1000 0       
