02551073 13/12/2019 1000 0.2     
02551073 14/12/2019 1000 0       
02551073 15/12/2019 1000 0.2     
02551073 16/12/2019 1000 23      
02551073 17/12/2019 1000 8       
02551073 18/12/2019 1000 27.2    
02551073 19/12/2019 1000 0       
02551073 20/12/2019 1000 0       
02551073 21/12/2019 1000 38.8    
02551073 22/12/2019 1000 0.4     
02551073 23/12/2019 1000 0       
02551073 24/12/2019 1000 0       
02551073 25/12/2019 1000 0       
02551073 26/12/2019 1000 0       
02551073 27/12/2019 1000 0       
02551073 28/12/2019 1000 0       
02551073 29/12/2019 1000 0       
02551073 30/12/2019 1000 0       
02551073 31/12/2019 1000 0       
02551073 01/01/2020 1000 0.6     
02551073 02/01/2020 1000 6.2     
02551073 03/01/2020 1000 0       
02551073 04/01/2020 1000 0       
02551073 05/01/2020 1000 0       
02551073 06/01/2020 1000 7       
02551073 07/01/2020 1000 20.8    
02551073 08/01/2020 1000 0.2     
02551073 09/01/2020 1000 0       
02551073 10/01/2020 1000 1.8     
02551073 11/01/2020 1000 27.4    
02551073 12/01/2020 1000 0.8     
02551073 13/01/2020 1000 23.8    
02551073 14/01/2020 1000 0       
02551073 15/01/2020 1000 0.6     
02551073 16/01/2020 1000 0       
02551073 17/01/2020 1000 8       
02551073 18/01/2020 1000 0       
02551073 19/01/2020 1000 0       
02551073 20/01/2020 1000 0       
02551073 21/01/2020 1000 0       
02551073 22/01/2020 1000 0       
02551073 23/01/2020 1000 1       
02551073 24/01/2020 1000 0       
02551073 25/01/2020 1000 0       
02551073 26/01/2020 1000 0       
02551073 27/01/2020 1000 0       
