02550069 13/12/2019 1000 0.2     
02550069 14/12/2019 1000 0       
02550069 15/12/2019 1000 0       
02550069 16/12/2019 1000 24.8    
02550069 17/12/2019 1000 3.6     
02550069 18/12/2019 1000 8.2     
02550069 19/12/2019 1000 0       
02550069 20/12/2019 1000 0       
02550069 21/12/2019 1000 3.8     
02550069 22/12/2019 1000 3.4     
02550069 23/12/2019 1000 0       
02550069 24/12/2019 1000 0       
02550069 25/12/2019 1000 0       
02550069 26/12/2019 1000 0       
02550069 27/12/2019 1000 0       
02550069 28/12/2019 1000 0       
02550069 29/12/2019 1000 0       
02550069 30/12/2019 1000 0       
02550069 31/12/2019 1000 0       
02550069 01/01/2020 1000 0       
02550069 02/01/2020 1000 15      
02550069 03/01/2020 1000 17.2    
02550069 04/01/2020 1000 0       
02550069 05/01/2020 1000 29.2    
02550069 06/01/2020 1000 0       
02550069 07/01/2020 1000 0       
02550069 08/01/2020 1000 8.6     
02550069 09/01/2020 1000 0.2     
02550069 10/01/2020 1000 4.8     
02550069 11/01/2020 1000 4.2     
02550069 12/01/2020 1000 1.2     
02550069 13/01/2020 1000 0       
02550069 14/01/2020 1000 0       
02550069 15/01/2020 1000 0       
02550069 16/01/2020 1000 3.8     
02550069 17/01/2020 1000 26.4    
02550069 18/01/2020 1000 0       
02550069 19/01/2020 1000 0       
02550069 20/01/2020 1000 0       
02550069 21/01/2020 1000 0       
02550069 22/01/2020 1000 0       
02550069 23/01/2020 1000 0.2     
02550069 24/01/2020 1000 0.4     
02550069 25/01/2020 1000 0       
02550069 26/01/2020 1000 0       
02550069 27/01/2020 1000 0       
