02551054 13/12/2019 1000 0       
02551054 14/12/2019 1000 0       
02551054 15/12/2019 1000 0.6     
02551054 16/12/2019 1000 33.2    
02551054 17/12/2019 1000 2.2     
02551054 18/12/2019 1000 25      
02551054 19/12/2019 1000 0       
02551054 20/12/2019 1000 0.2     
02551054 21/12/2019 1000 27.2    
02551054 22/12/2019 1000 0.4     
02551054 23/12/2019 1000 0       
02551054 24/12/2019 1000 0       
02551054 25/12/2019 1000 0       
02551054 26/12/2019 1000 0       
02551054 27/12/2019 1000 0       
02551054 28/12/2019 1000 0       
02551054 29/12/2019 1000 0       
02551054 30/12/2019 1000 0       
02551054 31/12/2019 1000 0       
02551054 01/01/2020 1000 0.8     
02551054 02/01/2020 1000 2       
02551054 03/01/2020 1000 6.8     
02551054 04/01/2020 1000 0       
02551054 05/01/2020 1000 2.6     
02551054 06/01/2020 1000 3.6     
02551054 07/01/2020 1000 0       
02551054 08/01/2020 1000 0       
02551054 09/01/2020 1000 0       
02551054 10/01/2020 1000 0.2     
02551054 11/01/2020 1000 41.2    
02551054 12/01/2020 1000 0.2     
02551054 13/01/2020 1000 31.8    
02551054 14/01/2020 1000 0       
02551054 15/01/2020 1000 0       
02551054 16/01/2020 1000 0       
02551054 17/01/2020 1000 15.4    
02551054 18/01/2020 1000 0       
02551054 19/01/2020 1000 0       
02551054 20/01/2020 1000 0       
02551054 21/01/2020 1000 0       
02551054 22/01/2020 1000 0       
02551054 23/01/2020 1000 1.2     
02551054 24/01/2020 1000 4.4     
02551054 25/01/2020 1000 0       
02551054 26/01/2020 1000 0       
02551054 27/01/2020 1000 0       
