02552009 13/12/2019 1000 0       
02552009 14/12/2019 1000 0       
02552009 15/12/2019 1000 0       
02552009 16/12/2019 1000 95      
02552009 17/12/2019 1000 12      
02552009 18/12/2019 1000 31      
02552009 19/12/2019 1000 0       
02552009 20/12/2019 1000 5       
02552009 21/12/2019 1000 3       
02552009 22/12/2019 1000 10      
02552009 23/12/2019 1000 0       
02552009 24/12/2019 1000 0       
02552009 25/12/2019 1000 0       
02552009 26/12/2019 1000 0       
02552009 27/12/2019 1000 0       
02552009 28/12/2019 1000 0       
02552009 29/12/2019 1000 0       
02552009 30/12/2019 1000 0       
02552009 31/12/2019 1000 22      
02552009 01/01/2020 1000 23      
02552009 02/01/2020 1000 20      
02552009 03/01/2020 1000 1       
02552009 04/01/2020 1000 0       
02552009 05/01/2020 1000 1       
02552009 06/01/2020 1000 8       
02552009 07/01/2020 1000 6       
02552009 08/01/2020 1000 0       
02552009 09/01/2020 1000 0       
02552009 10/01/2020 1000 1       
02552009 11/01/2020 1000 40      
02552009 12/01/2020 1000 9       
02552009 13/01/2020 1000 0       
02552009 14/01/2020 1000 5       
02552009 15/01/2020 1000 1       
02552009 16/01/2020 1000 0       
02552009 17/01/2020 1000 3       
02552009 18/01/2020 1000 8       
02552009 19/01/2020 1000 0       
02552009 20/01/2020 1000 0       
02552009 21/01/2020 1000 0       
02552009 22/01/2020 1000 0       
02552009 23/01/2020 1000 1       
02552009 24/01/2020 1000 1       
02552009 25/01/2020 1000 0       
02552009 26/01/2020 1000 0       
02552009 27/01/2020 1000 0       
