02552055 13/12/2019 1000 9       
02552055 14/12/2019 1000 3       
02552055 15/12/2019 1000 3       
02552055 16/12/2019 1000 57      
02552055 17/12/2019 1000 38      
02552055 18/12/2019 1000 56      
02552055 19/12/2019 1000 0       
02552055 20/12/2019 1000 3       
02552055 21/12/2019 1000 44      
02552055 22/12/2019 1000 18      
02552055 23/12/2019 1000 1       
02552055 24/12/2019 1000 1       
02552055 25/12/2019 1000 1       
02552055 26/12/2019 1000 0       
02552055 27/12/2019 1000 0       
02552055 28/12/2019 1000 0       
02552055 29/12/2019 1000 0       
02552055 30/12/2019 1000 0       
02552055 31/12/2019 1000 0       
02552055 01/01/2020 1000 1       
02552055 02/01/2020 1000 2       
02552055 03/01/2020 1000 5       
02552055 04/01/2020 1000 1       
02552055 05/01/2020 1000 0       
02552055 06/01/2020 1000 14      
02552055 07/01/2020 1000 0       
02552055 08/01/2020 0000 -       
02552055 09/01/2020 0000 -       
02552055 10/01/2020 0000 -       
02552055 11/01/2020 0000 -       
02552055 12/01/2020 0000 -       
02552055 13/01/2020 0000 -       
02552055 14/01/2020 0000 -       
02552055 15/01/2020 1000 16      
02552055 16/01/2020 1000 22      
02552055 17/01/2020 1000 28      
02552055 18/01/2020 1000 1       
02552055 19/01/2020 1000 0       
02552055 20/01/2020 1000 0       
02552055 21/01/2020 1000 0       
02552055 22/01/2020 1000 0       
02552055 23/01/2020 1000 7       
02552055 24/01/2020 1000 6       
02552055 25/01/2020 1000 1       
02552055 26/01/2020 1000 8       
02552055 27/01/2020 1000 3       
