02553062 13/12/2019 1000 2.6     
02553062 14/12/2019 1000 0       
02553062 15/12/2019 1000 0       
02553062 16/12/2019 1000 89.6    
02553062 17/12/2019 1000 34.8    
02553062 18/12/2019 1000 16.2    
02553062 19/12/2019 1000 0       
02553062 20/12/2019 1000 0       
02553062 21/12/2019 1000 5.6     
02553062 22/12/2019 1000 2       
02553062 23/12/2019 1000 0       
02553062 24/12/2019 1000 0       
02553062 25/12/2019 1000 0       
02553062 26/12/2019 1000 0       
02553062 27/12/2019 1000 0       
02553062 28/12/2019 1000 0       
02553062 29/12/2019 1000 0       
02553062 30/12/2019 1000 0       
02553062 31/12/2019 1000 0       
02553062 01/01/2020 1000 0       
02553062 02/01/2020 1000 50.2    
02553062 03/01/2020 1000 1       
02553062 04/01/2020 1000 0.6     
02553062 05/01/2020 1000 0       
02553062 06/01/2020 1000 0.8     
02553062 07/01/2020 1000 0       
02553062 08/01/2020 1000 0       
02553062 09/01/2020 1000 0       
02553062 10/01/2020 1000 14.2    
02553062 11/01/2020 1000 74      
02553062 12/01/2020 1000 8.2     
02553062 13/01/2020 1000 0       
02553062 14/01/2020 1000 1.6     
02553062 15/01/2020 1000 0.2     
02553062 16/01/2020 1000 0       
02553062 17/01/2020 1000 32.6    
02553062 18/01/2020 1000 0       
02553062 19/01/2020 1000 0       
02553062 20/01/2020 1000 0       
02553062 21/01/2020 1000 0       
02553062 22/01/2020 1000 0       
02553062 23/01/2020 1000 4       
02553062 24/01/2020 1000 2       
02553062 25/01/2020 1000 0       
02553062 26/01/2020 1000 0       
02553062 27/01/2020 1000 0       
