02649074 13/12/2019 1000 0       
02649074 14/12/2019 1000 0       
02649074 15/12/2019 1000 0       
02649074 16/12/2019 1000 32.4    
02649074 17/12/2019 1000 4.2     
02649074 18/12/2019 1000 20.4    
02649074 19/12/2019 1000 0.2     
02649074 20/12/2019 1000 0       
02649074 21/12/2019 1000 3       
02649074 22/12/2019 1000 7.8     
02649074 23/12/2019 1000 0.2     
02649074 24/12/2019 1000 0       
02649074 25/12/2019 1000 0       
02649074 26/12/2019 1000 0       
02649074 27/12/2019 1000 0       
02649074 28/12/2019 1000 0       
02649074 29/12/2019 1000 0       
02649074 30/12/2019 1000 0       
02649074 31/12/2019 1000 0       
02649074 01/01/2020 1000 0       
02649074 02/01/2020 1000 13.8    
02649074 03/01/2020 1000 1.8     
02649074 04/01/2020 1000 0.6     
02649074 05/01/2020 1000 0.2     
02649074 06/01/2020 1000 70.6    
02649074 07/01/2020 1000 0.2     
02649074 08/01/2020 1000 2.2     
02649074 09/01/2020 1000 0.2     
02649074 10/01/2020 1000 0.2     
02649074 11/01/2020 1000 0.4     
02649074 12/01/2020 1000 0.4     
02649074 13/01/2020 1000 0       
02649074 14/01/2020 1000 0       
02649074 15/01/2020 1000 0       
02649074 16/01/2020 1000 1.4     
02649074 17/01/2020 1000 2.4     
02649074 18/01/2020 1000 0       
02649074 19/01/2020 1000 0       
02649074 20/01/2020 1000 0       
02649074 21/01/2020 1000 0       
02649074 22/01/2020 1000 0       
02649074 23/01/2020 1000 0.4     
02649074 24/01/2020 1000 0.4     
02649074 25/01/2020 1000 1.8     
02649074 26/01/2020 1000 0       
02649074 27/01/2020 1000 0       
