02652048 13/12/2019 1000 0       
02652048 14/12/2019 1000 0       
02652048 15/12/2019 1000 11.8    
02652048 16/12/2019 1000 48      
02652048 17/12/2019 1000 7.4     
02652048 18/12/2019 1000 19.4    
02652048 19/12/2019 1000 0       
02652048 20/12/2019 1000 1.4     
02652048 21/12/2019 1000 3.6     
02652048 22/12/2019 1000 1       
02652048 23/12/2019 1000 0       
02652048 24/12/2019 1000 0       
02652048 25/12/2019 1000 0       
02652048 26/12/2019 1000 0       
02652048 27/12/2019 1000 0       
02652048 28/12/2019 1000 0       
02652048 29/12/2019 1000 0       
02652048 30/12/2019 1000 0       
02652048 31/12/2019 1000 0       
02652048 01/01/2020 1000 0       
02652048 02/01/2020 1000 0       
02652048 03/01/2020 1000 0       
02652048 04/01/2020 1000 0       
02652048 05/01/2020 1000 0       
02652048 06/01/2020 1000 0       
02652048 07/01/2020 1000 1.6     
02652048 08/01/2020 1000 0       
02652048 09/01/2020 1000 0       
02652048 10/01/2020 1000 5.4     
02652048 11/01/2020 1000 14.6    
02652048 12/01/2020 1000 2       
02652048 13/01/2020 1000 0.2     
02652048 14/01/2020 1000 0       
02652048 15/01/2020 1000 0       
02652048 16/01/2020 1000 0.4     
02652048 17/01/2020 1000 10.8    
02652048 18/01/2020 1000 0       
02652048 19/01/2020 1000 0       
02652048 20/01/2020 1000 0       
02652048 21/01/2020 1000 0       
02652048 22/01/2020 1000 0       
02652048 23/01/2020 1000 3       
02652048 24/01/2020 1000 1.4     
02652048 25/01/2020 1000 0       
02652048 26/01/2020 1000 0       
02652048 27/01/2020 1000 0       
