02651043 13/12/2019 1200 0       
02651043 14/12/2019 1200 0       
02651043 15/12/2019 1200 0       
02651043 16/12/2019 1200 54.8    
02651043 17/12/2019 1200 10.4    
02651043 18/12/2019 1200 3.2     
02651043 19/12/2019 1200 0       
02651043 20/12/2019 1200 0.2     
02651043 21/12/2019 1200 3.2     
02651043 22/12/2019 1200 0.4     
02651043 23/12/2019 1200 0       
02651043 24/12/2019 1200 0       
02651043 25/12/2019 1200 0       
02651043 26/12/2019 1200 0       
02651043 27/12/2019 1200 0       
02651043 28/12/2019 1200 0       
02651043 29/12/2019 1200 0       
02651043 30/12/2019 1200 0.2     
02651043 31/12/2019 1200 20      
02651043 01/01/2020 1200 0       
02651043 02/01/2020 1200 14.4    
02651043 03/01/2020 1200 0       
02651043 04/01/2020 1200 0       
02651043 05/01/2020 1200 0       
02651043 06/01/2020 1200 0       
02651043 07/01/2020 1200 0       
02651043 08/01/2020 1200 0.6     
02651043 09/01/2020 1200 0       
02651043 10/01/2020 1200 2       
02651043 11/01/2020 1200 43      
02651043 12/01/2020 1200 0       
02651043 13/01/2020 1200 0       
02651043 14/01/2020 1200 0       
02651043 15/01/2020 1200 0       
02651043 16/01/2020 1200 3.4     
02651043 17/01/2020 1200 18.8    
02651043 18/01/2020 1200 0       
02651043 19/01/2020 1200 0       
02651043 20/01/2020 1200 0       
02651043 21/01/2020 1200 0       
02651043 22/01/2020 1200 1.2     
02651043 23/01/2020 1200 0.8     
02651043 24/01/2020 1200 0       
02651043 25/01/2020 1200 0       
02651043 26/01/2020 1200 0       
02651043 27/01/2020 1200 0       
