02650029 13/12/2019 1000 0       
02650029 14/12/2019 1000 0       
02650029 15/12/2019 1000 0       
02650029 16/12/2019 1000 24.2    
02650029 17/12/2019 1000 2.2     
02650029 18/12/2019 1000 52.2    
02650029 19/12/2019 1000 0.2     
02650029 20/12/2019 1000 0       
02650029 21/12/2019 1000 0.2     
02650029 22/12/2019 1000 0       
02650029 23/12/2019 1000 0       
02650029 24/12/2019 1000 0       
02650029 25/12/2019 1000 0       
02650029 26/12/2019 1000 0       
02650029 27/12/2019 1000 0       
02650029 28/12/2019 1000 0       
02650029 29/12/2019 1000 0       
02650029 30/12/2019 1000 0       
02650029 31/12/2019 1000 0       
02650029 01/01/2020 1000 2.8     
02650029 02/01/2020 1000 21.8    
02650029 03/01/2020 1000 6.6     
02650029 04/01/2020 1000 0       
02650029 05/01/2020 1000 14.6    
02650029 06/01/2020 1000 0       
02650029 07/01/2020 1000 0       
02650029 08/01/2020 1000 1       
02650029 09/01/2020 1000 0       
02650029 10/01/2020 1000 15.4    
02650029 11/01/2020 1000 13.6    
02650029 12/01/2020 1000 0.4     
02650029 13/01/2020 1000 1.8     
02650029 14/01/2020 1000 0       
02650029 15/01/2020 1000 0       
02650029 16/01/2020 1000 4.4     
02650029 17/01/2020 1000 7.4     
02650029 18/01/2020 1000 0       
02650029 19/01/2020 1000 0       
02650029 20/01/2020 1000 0       
02650029 21/01/2020 1000 0       
02650029 22/01/2020 1000 0       
02650029 23/01/2020 1000 0.6     
02650029 24/01/2020 1000 0.4     
02650029 25/01/2020 1000 4.2     
02650029 26/01/2020 1000 0       
02650029 27/01/2020 1000 0       
