02651056 13/12/2019 1000 0       
02651056 14/12/2019 1000 0       
02651056 15/12/2019 1000 0       
02651056 16/12/2019 1000 15      
02651056 17/12/2019 1000 2       
02651056 18/12/2019 1000 1.2     
02651056 19/12/2019 1000 0       
02651056 20/12/2019 1000 0       
02651056 21/12/2019 1000 14.6    
02651056 22/12/2019 1000 0       
02651056 23/12/2019 1000 0       
02651056 24/12/2019 1000 0       
02651056 25/12/2019 1000 0       
02651056 26/12/2019 1000 0       
02651056 27/12/2019 1000 0       
02651056 28/12/2019 1000 0       
02651056 29/12/2019 1000 0       
02651056 30/12/2019 1000 0       
02651056 31/12/2019 1000 0       
02651056 01/01/2020 1000 5.2     
02651056 02/01/2020 1000 0       
02651056 03/01/2020 1000 18      
02651056 04/01/2020 1000 0       
02651056 05/01/2020 1000 0       
02651056 06/01/2020 1000 0       
02651056 07/01/2020 1000 0       
02651056 08/01/2020 1000 0       
02651056 09/01/2020 1000 0       
02651056 10/01/2020 1000 0       
02651056 11/01/2020 1000 4.8     
02651056 12/01/2020 1000 0       
02651056 13/01/2020 1000 0       
02651056 14/01/2020 1000 0       
02651056 15/01/2020 1000 0       
02651056 16/01/2020 1000 1       
02651056 17/01/2020 1000 1.8     
02651056 18/01/2020 1000 0       
02651056 19/01/2020 1000 0       
02651056 20/01/2020 1000 0       
02651056 21/01/2020 1000 0       
02651056 22/01/2020 1000 0       
02651056 23/01/2020 1000 0       
02651056 24/01/2020 1000 0       
02651056 25/01/2020 1000 0       
02651056 26/01/2020 1000 0       
02651056 27/01/2020 1000 0       
