02651059 13/12/2019 1000 0       
02651059 14/12/2019 1000 0       
02651059 15/12/2019 1000 0       
02651059 16/12/2019 1000 27.6    
02651059 17/12/2019 1000 2.6     
02651059 18/12/2019 1000 13.8    
02651059 19/12/2019 1000 0       
02651059 20/12/2019 1000 4       
02651059 21/12/2019 1000 4.8     
02651059 22/12/2019 1000 0.4     
02651059 23/12/2019 1000 0       
02651059 24/12/2019 1000 0       
02651059 25/12/2019 1000 0       
02651059 26/12/2019 1000 0       
02651059 27/12/2019 1000 0       
02651059 28/12/2019 1000 0       
02651059 29/12/2019 1000 0       
02651059 30/12/2019 1000 0       
02651059 31/12/2019 1000 0       
02651059 01/01/2020 1000 27.6    
02651059 02/01/2020 1000 0       
02651059 03/01/2020 1000 5.2     
02651059 04/01/2020 1000 0       
02651059 05/01/2020 1000 0       
02651059 06/01/2020 1000 0       
02651059 07/01/2020 1000 0.8     
02651059 08/01/2020 1000 0.2     
02651059 09/01/2020 1000 0       
02651059 10/01/2020 1000 36.2    
02651059 11/01/2020 1000 23.6    
02651059 12/01/2020 1000 0.4     
02651059 13/01/2020 1000 0       
02651059 14/01/2020 1000 0       
02651059 15/01/2020 1000 0       
02651059 16/01/2020 1000 2.6     
02651059 17/01/2020 1000 10.4    
02651059 18/01/2020 1000 0       
02651059 19/01/2020 1000 0.2     
02651059 20/01/2020 1000 0       
02651059 21/01/2020 1000 0       
02651059 22/01/2020 1000 0       
02651059 23/01/2020 1000 1.4     
02651059 24/01/2020 1000 0.2     
02651059 25/01/2020 1000 0       
02651059 26/01/2020 1000 0       
02651059 27/01/2020 1000 0       
