02652035 13/12/2019 1200 0       
02652035 14/12/2019 1200 0       
02652035 15/12/2019 1200 20.2    
02652035 16/12/2019 1200 25.8    
02652035 17/12/2019 1200 16      
02652035 18/12/2019 1200 7.8     
02652035 19/12/2019 1200 0       
02652035 20/12/2019 1200 4.8     
02652035 21/12/2019 1200 5.4     
02652035 22/12/2019 1200 1       
02652035 23/12/2019 1200 0       
02652035 24/12/2019 1200 0       
02652035 25/12/2019 1200 0       
02652035 26/12/2019 1200 0       
02652035 27/12/2019 1200 0       
02652035 28/12/2019 1200 0       
02652035 29/12/2019 1200 0       
02652035 30/12/2019 1200 0       
02652035 31/12/2019 1200 0       
02652035 01/01/2020 1200 1.6     
02652035 02/01/2020 1200 1.6     
02652035 03/01/2020 1200 0       
02652035 04/01/2020 1200 0       
02652035 05/01/2020 1200 0       
02652035 06/01/2020 1200 0       
02652035 07/01/2020 1200 6       
02652035 08/01/2020 1200 0       
02652035 09/01/2020 1200 0       
02652035 10/01/2020 1200 22.4    
02652035 11/01/2020 1200 30.8    
02652035 12/01/2020 1200 7.2     
02652035 13/01/2020 1200 5.6     
02652035 14/01/2020 1200 0       
02652035 15/01/2020 1200 0       
02652035 16/01/2020 1200 7       
02652035 17/01/2020 1200 22.6    
02652035 18/01/2020 1200 0       
02652035 19/01/2020 1200 0       
02652035 20/01/2020 1200 0       
02652035 21/01/2020 1200 0       
02652035 22/01/2020 1200 0.6     
02652035 23/01/2020 1200 2.2     
02652035 24/01/2020 1200 0       
02652035 25/01/2020 1200 0       
02652035 26/01/2020 1200 0       
02652035 27/01/2020 1200 0       
