02651054 13/12/2019 1000 0       
02651054 14/12/2019 1000 0       
02651054 15/12/2019 1000 7.8     
02651054 16/12/2019 1000 48.2    
02651054 17/12/2019 1000 4       
02651054 18/12/2019 1000 17.6    
02651054 19/12/2019 1000 0       
02651054 20/12/2019 1000 6.4     
02651054 21/12/2019 1000 0.2     
02651054 22/12/2019 1000 0.4     
02651054 23/12/2019 1000 0       
02651054 24/12/2019 1000 0       
02651054 25/12/2019 1000 0       
02651054 26/12/2019 1000 0       
02651054 27/12/2019 1000 0       
02651054 28/12/2019 1000 0       
02651054 29/12/2019 1000 0       
02651054 30/12/2019 1000 0.8     
02651054 31/12/2019 1000 28.2    
02651054 01/01/2020 1000 0       
02651054 02/01/2020 1000 0       
02651054 03/01/2020 1000 0       
02651054 04/01/2020 1000 0       
02651054 05/01/2020 1000 0       
02651054 06/01/2020 1000 1.4     
02651054 07/01/2020 1000 0       
02651054 08/01/2020 1000 0       
02651054 09/01/2020 1000 0       
02651054 10/01/2020 1000 0.6     
02651054 11/01/2020 1000 50.6    
02651054 12/01/2020 1000 6.4     
02651054 13/01/2020 1000 0       
02651054 14/01/2020 1000 0       
02651054 15/01/2020 1000 0       
02651054 16/01/2020 1000 0.2     
02651054 17/01/2020 1000 4.8     
02651054 18/01/2020 1000 0       
02651054 19/01/2020 1000 0       
02651054 20/01/2020 1000 0       
02651054 21/01/2020 1000 0       
02651054 22/01/2020 1000 0       
02651054 23/01/2020 1000 0.8     
02651054 24/01/2020 1000 0       
02651054 25/01/2020 1000 0       
02651054 26/01/2020 1000 0       
02651054 27/01/2020 1000 0       
