02650026 13/12/2019 1000 0       
02650026 14/12/2019 1000 0       
02650026 15/12/2019 1000 0       
02650026 16/12/2019 1000 27.4    
02650026 17/12/2019 1000 1.4     
02650026 18/12/2019 1000 19.8    
02650026 19/12/2019 1000 0.2     
02650026 20/12/2019 1000 0       
02650026 21/12/2019 1000 1.4     
02650026 22/12/2019 1000 2.4     
02650026 23/12/2019 1000 0       
02650026 24/12/2019 1000 0       
02650026 25/12/2019 1000 0       
02650026 26/12/2019 1000 0       
02650026 27/12/2019 1000 0       
02650026 28/12/2019 1000 0       
02650026 29/12/2019 1000 0       
02650026 30/12/2019 1000 0       
02650026 31/12/2019 1000 0       
02650026 01/01/2020 1000 0.2     
02650026 02/01/2020 1000 7.2     
02650026 03/01/2020 1000 26.8    
02650026 04/01/2020 1000 0       
02650026 05/01/2020 1000 28.2    
02650026 06/01/2020 1000 4.6     
02650026 07/01/2020 1000 0       
02650026 08/01/2020 1000 2.6     
02650026 09/01/2020 1000 0       
02650026 10/01/2020 1000 0       
02650026 11/01/2020 1000 16.6    
02650026 12/01/2020 1000 0.4     
02650026 13/01/2020 1000 0       
02650026 14/01/2020 1000 0       
02650026 15/01/2020 1000 0       
02650026 16/01/2020 1000 2       
02650026 17/01/2020 1000 10.2    
02650026 18/01/2020 1000 0       
02650026 19/01/2020 1000 0       
02650026 20/01/2020 1000 0       
02650026 21/01/2020 1000 0       
02650026 22/01/2020 1000 0       
02650026 23/01/2020 1000 0.6     
02650026 24/01/2020 1000 0       
02650026 25/01/2020 1000 0       
02650026 26/01/2020 1000 0       
02650026 27/01/2020 1000 0       
