02651057 13/12/2019 1000 0       
02651057 14/12/2019 1000 0       
02651057 15/12/2019 1000 0       
02651057 16/12/2019 1000 18.4    
02651057 17/12/2019 1000 3.2     
02651057 18/12/2019 1000 22      
02651057 19/12/2019 1000 0       
02651057 20/12/2019 1000 0       
02651057 21/12/2019 1000 0.4     
02651057 22/12/2019 1000 1       
02651057 23/12/2019 1000 0.2     
02651057 24/12/2019 1000 0       
02651057 25/12/2019 1000 0       
02651057 26/12/2019 1000 0       
02651057 27/12/2019 1000 0       
02651057 28/12/2019 1000 0       
02651057 29/12/2019 1000 0       
02651057 30/12/2019 1000 0       
02651057 31/12/2019 1000 0       
02651057 01/01/2020 1000 20.6    
02651057 02/01/2020 1000 0.2     
02651057 03/01/2020 1000 0       
02651057 04/01/2020 1000 0       
02651057 05/01/2020 1000 2.8     
02651057 06/01/2020 1000 10.8    
02651057 07/01/2020 1000 0       
02651057 08/01/2020 1000 0       
02651057 09/01/2020 1000 0       
02651057 10/01/2020 1000 21.8    
02651057 11/01/2020 1000 13      
02651057 12/01/2020 1000 0.2     
02651057 13/01/2020 1000 0       
02651057 14/01/2020 1000 0       
02651057 15/01/2020 1000 0       
02651057 16/01/2020 1000 0.2     
02651057 17/01/2020 1000 3.4     
02651057 18/01/2020 1000 0       
02651057 19/01/2020 1000 0       
02651057 20/01/2020 1000 0       
02651057 21/01/2020 1000 0       
02651057 22/01/2020 1000 0       
02651057 23/01/2020 1000 0.4     
02651057 24/01/2020 1000 1       
02651057 25/01/2020 1000 0.6     
02651057 26/01/2020 1000 0       
02651057 27/01/2020 1000 0       
