99999804 13/12/2019 1200 0       
99999804 14/12/2019 1200 0       
99999804 15/12/2019 1200 0.2     
99999804 16/12/2019 1200 80      
99999804 17/12/2019 1200 33      
99999804 18/12/2019 1200 5.8     
99999804 19/12/2019 1200 0       
99999804 20/12/2019 1200 0.6     
99999804 21/12/2019 1200 13.4    
99999804 22/12/2019 1200 0       
99999804 23/12/2019 1200 0       
99999804 24/12/2019 1200 0       
99999804 25/12/2019 1200 0       
99999804 26/12/2019 1200 0       
99999804 27/12/2019 1200 0       
99999804 28/12/2019 1200 0       
99999804 29/12/2019 1200 0       
99999804 30/12/2019 1200 0       
99999804 31/12/2019 1200 0       
99999804 01/01/2020 1200 0.2     
99999804 02/01/2020 1200 29      
99999804 03/01/2020 1200 10.4    
99999804 04/01/2020 1200 0.2     
99999804 05/01/2020 1200 0.6     
99999804 06/01/2020 1200 0       
99999804 07/01/2020 1200 7.6     
99999804 08/01/2020 1200 0.2     
99999804 09/01/2020 1200 0       
99999804 10/01/2020 1200 1.2     
99999804 11/01/2020 1200 47.4    
99999804 12/01/2020 1200 7.2     
99999804 13/01/2020 1200 0.4     
99999804 14/01/2020 1200 3.4     
99999804 15/01/2020 1200 0.6     
99999804 16/01/2020 1200 0       
99999804 17/01/2020 1200 3.8     
99999804 18/01/2020 1200 12.2    
99999804 19/01/2020 1200 0       
99999804 20/01/2020 1200 0       
99999804 21/01/2020 1200 0       
99999804 22/01/2020 1200 0       
99999804 23/01/2020 1200 2.4     
99999804 24/01/2020 1200 0.6     
99999804 25/01/2020 1200 0       
99999804 26/01/2020 1200 0       
99999804 27/01/2020 1200 0       
