99990876 13/12/2019 1200 4       
99990876 14/12/2019 1200 0       
99990876 15/12/2019 1200 1.2     
99990876 16/12/2019 1200 38.6    
99990876 17/12/2019 1200 12.6    
99990876 18/12/2019 1200 3.6     
99990876 19/12/2019 1200 0       
99990876 20/12/2019 1200 0       
99990876 21/12/2019 1200 11.2    
99990876 22/12/2019 1200 1.8     
99990876 23/12/2019 1200 0       
99990876 24/12/2019 1200 0       
99990876 25/12/2019 1200 0       
99990876 26/12/2019 1200 0       
99990876 27/12/2019 1200 0       
99990876 28/12/2019 1200 0       
99990876 29/12/2019 1200 0       
99990876 30/12/2019 1200 0       
99990876 31/12/2019 1200 36.6    
99990876 01/01/2020 1200 6.4     
99990876 02/01/2020 1200 55.2    
99990876 03/01/2020 1200 0       
99990876 04/01/2020 1200 0       
99990876 05/01/2020 1200 0       
99990876 06/01/2020 1200 1.8     
99990876 07/01/2020 1200 12.8    
99990876 08/01/2020 1200 0.2     
99990876 09/01/2020 1200 0       
99990876 10/01/2020 1200 7.4     
99990876 11/01/2020 1200 45      
99990876 12/01/2020 1200 0.6     
99990876 13/01/2020 1200 0       
99990876 14/01/2020 1200 0       
99990876 15/01/2020 1200 0       
99990876 16/01/2020 1200 8.8     
99990876 17/01/2020 1200 21.4    
99990876 18/01/2020 1200 0       
99990876 19/01/2020 1200 0       
99990876 20/01/2020 1200 0       
99990876 21/01/2020 1200 0       
99990876 22/01/2020 1200 1       
99990876 23/01/2020 1200 3       
99990876 24/01/2020 1200 0       
99990876 25/01/2020 1200 0       
99990876 26/01/2020 1200 0       
99990876 27/01/2020 1200 0       
