99990807 13/12/2019 1200 0       
99990807 14/12/2019 1200 0       
99990807 15/12/2019 1200 0       
99990807 16/12/2019 1200 6.6     
99990807 17/12/2019 1200 5.6     
99990807 18/12/2019 1200 1.8     
99990807 19/12/2019 1200 0.8     
99990807 20/12/2019 1200 0       
99990807 21/12/2019 1200 0       
99990807 22/12/2019 1200 4.8     
99990807 23/12/2019 1200 0       
99990807 24/12/2019 1200 0       
99990807 25/12/2019 1200 0       
99990807 26/12/2019 1200 0       
99990807 27/12/2019 1200 0       
99990807 28/12/2019 1200 0       
99990807 29/12/2019 1200 0       
99990807 30/12/2019 1200 0       
99990807 31/12/2019 1200 0       
99990807 01/01/2020 1200 0       
99990807 02/01/2020 1200 5.2     
99990807 03/01/2020 1200 13.2    
99990807 04/01/2020 1200 0.4     
99990807 05/01/2020 1200 11.2    
99990807 06/01/2020 1200 0.2     
99990807 07/01/2020 1200 0       
99990807 08/01/2020 1200 4.8     
99990807 09/01/2020 1200 0       
99990807 10/01/2020 1200 59      
99990807 11/01/2020 1200 27.8    
99990807 12/01/2020 1200 1.8     
99990807 13/01/2020 1200 0       
99990807 14/01/2020 1200 0       
99990807 15/01/2020 1200 0       
99990807 16/01/2020 1200 0       
99990807 17/01/2020 1200 36.6    
99990807 18/01/2020 1200 0       
99990807 19/01/2020 1200 0       
99990807 20/01/2020 1200 0       
99990807 21/01/2020 1200 0       
99990807 22/01/2020 1200 0       
99990807 23/01/2020 1200 0.2     
99990807 24/01/2020 1200 2       
99990807 25/01/2020 1200 0       
99990807 26/01/2020 1200 0       
99990807 27/01/2020 1200 0       
