99999806 13/12/2019 1200 0       
99999806 14/12/2019 1200 0       
99999806 15/12/2019 1200 0       
99999806 16/12/2019 1200 5.2     
99999806 17/12/2019 1200 7.2     
99999806 18/12/2019 1200 2.4     
99999806 19/12/2019 1200 1.2     
99999806 20/12/2019 1200 0       
99999806 21/12/2019 1200 0       
99999806 22/12/2019 1200 0.4     
99999806 23/12/2019 1200 0.2     
99999806 24/12/2019 1200 2.6     
99999806 25/12/2019 1200 0       
99999806 26/12/2019 1200 0       
99999806 27/12/2019 1200 0       
99999806 28/12/2019 1200 0       
99999806 29/12/2019 1200 0       
99999806 30/12/2019 1200 0       
99999806 31/12/2019 1200 0       
99999806 01/01/2020 1200 0       
99999806 02/01/2020 1200 9.8     
99999806 03/01/2020 1200 35.2    
99999806 04/01/2020 1200 1.4     
99999806 05/01/2020 1200 9       
99999806 06/01/2020 1200 0       
99999806 07/01/2020 1200 0       
99999806 08/01/2020 1200 6.8     
99999806 09/01/2020 1200 0.4     
99999806 10/01/2020 1200 61.2    
99999806 11/01/2020 1200 6       
99999806 12/01/2020 1200 12.6    
99999806 13/01/2020 1200 0.2     
99999806 14/01/2020 1200 0       
99999806 15/01/2020 1200 0       
99999806 16/01/2020 1200 0       
99999806 17/01/2020 1200 14.8    
99999806 18/01/2020 1200 0       
99999806 19/01/2020 1200 0       
99999806 20/01/2020 1200 0.2     
99999806 21/01/2020 1200 0       
99999806 22/01/2020 1200 0       
99999806 23/01/2020 1200 0       
99999806 24/01/2020 1200 0.6     
99999806 25/01/2020 1200 0.6     
99999806 26/01/2020 1200 0       
99999806 27/01/2020 1200 0       
