01949010 23/01/2020 1000 50.4    
01949010 24/01/2020 1000 25.8    
01949010 25/01/2020 1000 18.6    
01949010 26/01/2020 1000 0.2     
01949010 27/01/2020 1000 0       
01949010 28/01/2020 1000 0       
01949010 29/01/2020 1000 1.2     
01949010 30/01/2020 1000 11      
01949010 31/01/2020 1000 5.2     
01949010 01/02/2020 1000 0       
01949010 02/02/2020 1000 4.8     
01949010 03/02/2020 1000 0       
01949010 04/02/2020 1000 17.2    
01949010 05/02/2020 1000 13      
01949010 06/02/2020 1000 37      
01949010 07/02/2020 1000 0.6     
01949010 08/02/2020 1000 1.4     
01949010 09/02/2020 1000 0       
01949010 10/02/2020 1000 6.8     
01949010 11/02/2020 1000 74.2    
01949010 12/02/2020 1000 5.4     
01949010 13/02/2020 1000 2.4     
01949010 14/02/2020 1000 1.8     
01949010 15/02/2020 1000 0       
01949010 16/02/2020 1000 0       
01949010 17/02/2020 1000 5       
01949010 18/02/2020 1000 0       
01949010 19/02/2020 1000 0       
01949010 20/02/2020 1000 22.4    
01949010 21/02/2020 1000 13.8    
01949010 22/02/2020 1000 0       
01949010 23/02/2020 1000 5       
01949010 24/02/2020 1000 0.4     
01949010 25/02/2020 1000 0       
01949010 26/02/2020 1000 45.8    
01949010 27/02/2020 1000 6.8     
01949010 28/02/2020 1000 0.4     
01949010 29/02/2020 1000 67.2    
01949010 01/03/2020 1000 3       
01949010 02/03/2020 1000 0       
01949010 03/03/2020 1000 0       
01949010 04/03/2020 1000 0       
01949010 05/03/2020 1000 0       
01949010 06/03/2020 1000 0       
01949010 07/03/2020 1000 0       
01949010 08/03/2020 1000 0       
01949010 09/03/2020 1000 0.0