02046028 23/01/2020 1000 13.2    
02046028 24/01/2020 1000 74      
02046028 25/01/2020 1000 11      
02046028 26/01/2020 1000 0.2     
02046028 27/01/2020 1000 0       
02046028 28/01/2020 1000 0       
02046028 29/01/2020 1000 3       
02046028 30/01/2020 1000 0.4     
02046028 31/01/2020 1000 0.6     
02046028 01/02/2020 1000 0       
02046028 02/02/2020 1000 19      
02046028 03/02/2020 1000 10.2    
02046028 04/02/2020 1000 9       
02046028 05/02/2020 1000 5.6     
02046028 06/02/2020 1000 6.2     
02046028 07/02/2020 1000 15.4    
02046028 08/02/2020 1000 2.6     
02046028 09/02/2020 1000 0.4     
02046028 10/02/2020 1000 1       
02046028 11/02/2020 1000 11.2    
02046028 12/02/2020 1000 80      
02046028 13/02/2020 1000 8.4     
02046028 14/02/2020 1000 0.2     
02046028 15/02/2020 1000 0       
02046028 16/02/2020 1000 0       
02046028 17/02/2020 1000 3.4     
02046028 18/02/2020 1000 0.2     
02046028 19/02/2020 1000 18      
02046028 20/02/2020 1000 7.6     
02046028 21/02/2020 1000 0.8     
02046028 22/02/2020 1000 34.2    
02046028 23/02/2020 1000 14.8    
02046028 24/02/2020 1000 0       
02046028 25/02/2020 1000 79.8    
02046028 26/02/2020 1000 3.4     
02046028 27/02/2020 1000 21.2    
02046028 28/02/2020 1000 6.2     
02046028 29/02/2020 1000 24      
02046028 01/03/2020 1000 92.8    
02046028 02/03/2020 1000 16.4    
02046028 03/03/2020 1000 0.6     
02046028 04/03/2020 1000 0       
02046028 05/03/2020 1000 0       
02046028 06/03/2020 1000 0       
02046028 07/03/2020 1000 0       
02046028 08/03/2020 1000 4.6     
02046028 09/03/2020 1000 0.2064999999897258