02048096 23/01/2020 1000 13      
02048096 24/01/2020 1000 27      
02048096 25/01/2020 1000 36.4    
02048096 26/01/2020 1000 0       
02048096 27/01/2020 1000 0       
02048096 28/01/2020 1000 0       
02048096 29/01/2020 1000 1.2     
02048096 30/01/2020 1000 1.4     
02048096 31/01/2020 1000 1.8     
02048096 01/02/2020 1000 0       
02048096 02/02/2020 1000 0       
02048096 03/02/2020 1000 7.6     
02048096 04/02/2020 1000 0       
02048096 05/02/2020 1000 20      
02048096 06/02/2020 1000 28.6    
02048096 07/02/2020 1000 19.2    
02048096 08/02/2020 1000 2       
02048096 09/02/2020 1000 2.8     
02048096 10/02/2020 1000 4.8     
02048096 11/02/2020 1000 5.4     
02048096 12/02/2020 1000 2.6     
02048096 13/02/2020 1000 1.8     
02048096 14/02/2020 1000 0.2     
02048096 15/02/2020 1000 17.8    
02048096 16/02/2020 1000 0.2     
02048096 17/02/2020 1000 0       
02048096 18/02/2020 1000 39      
02048096 19/02/2020 1000 3.4     
02048096 20/02/2020 1000 0.2     
02048096 21/02/2020 1000 9.6     
02048096 22/02/2020 1000 15.4    
02048096 23/02/2020 1000 7.4     
02048096 24/02/2020 1000 0       
02048096 25/02/2020 1000 10.6    
02048096 26/02/2020 1000 0       
02048096 27/02/2020 1000 17      
02048096 28/02/2020 1000 40.2    
02048096 29/02/2020 1000 28      
02048096 01/03/2020 1000 42      
02048096 02/03/2020 1000 3       
02048096 03/03/2020 1000 0       
02048096 04/03/2020 1000 0       
02048096 05/03/2020 1000 0       
02048096 06/03/2020 1000 0       
02048096 07/03/2020 1000 0       
02048096 08/03/2020 1000 0       
02048096 09/03/2020 1000 0.0