02046041 23/01/2020 1000 7       
02046041 24/01/2020 1000 69      
02046041 25/01/2020 1000 10      
02046041 26/01/2020 1000 0       
02046041 27/01/2020 1000 0       
02046041 28/01/2020 1000 0       
02046041 29/01/2020 1000 1       
02046041 30/01/2020 1000 7       
02046041 31/01/2020 1000 10      
02046041 01/02/2020 1000 0       
02046041 02/02/2020 1000 13      
02046041 03/02/2020 1000 9       
02046041 04/02/2020 1000 30      
02046041 05/02/2020 1000 2       
02046041 06/02/2020 1000 15      
02046041 07/02/2020 1000 63      
02046041 08/02/2020 1000 4       
02046041 09/02/2020 1000 2       
02046041 10/02/2020 1000 0       
02046041 11/02/2020 1000 15      
02046041 12/02/2020 1000 33      
02046041 13/02/2020 1000 60      
02046041 14/02/2020 1000 15      
02046041 15/02/2020 1000 0       
02046041 16/02/2020 1000 0       
02046041 17/02/2020 1000 8       
02046041 18/02/2020 1000 20      
02046041 19/02/2020 1000 31      
02046041 20/02/2020 1000 4       
02046041 21/02/2020 1000 19      
02046041 22/02/2020 1000 18      
02046041 23/02/2020 1000 2       
02046041 24/02/2020 1000 0       
02046041 25/02/2020 1000 15      
02046041 26/02/2020 1000 14      
02046041 27/02/2020 1000 15      
02046041 28/02/2020 1000 5       
02046041 29/02/2020 1000 50      
02046041 01/03/2020 1000 40      
02046041 02/03/2020 1000 15      
02046041 03/03/2020 1000 0       
02046041 04/03/2020 1000 0       
02046041 05/03/2020 1000 0       
02046041 06/03/2020 1000 0       
02046041 07/03/2020 1000 0       
02046041 08/03/2020 1000 0       
02046041 09/03/2020 1000 0.0039502237492705875