02148054 23/01/2020 1200 56      
02148054 24/01/2020 1200 41      
02148054 25/01/2020 1200 0       
02148054 26/01/2020 1200 0       
02148054 27/01/2020 1200 0       
02148054 28/01/2020 1200 0       
02148054 29/01/2020 1200 0       
02148054 30/01/2020 1200 2       
02148054 31/01/2020 1200 10      
02148054 01/02/2020 1200 0       
02148054 02/02/2020 0000 -       
02148054 03/02/2020 1200 0       
02148054 04/02/2020 1200 1       
02148054 05/02/2020 1200 37      
02148054 06/02/2020 1200 0       
02148054 07/02/2020 1200 70      
02148054 08/02/2020 1200 17      
02148054 09/02/2020 1200 0       
02148054 10/02/2020 1200 0       
02148054 11/02/2020 1200 6       
02148054 12/02/2020 1200 0       
02148054 13/02/2020 1200 0       
02148054 14/02/2020 1200 0       
02148054 15/02/2020 1200 0       
02148054 16/02/2020 1200 0       
02148054 17/02/2020 1200 0       
02148054 18/02/2020 1200 9       
02148054 19/02/2020 1200 0       
02148054 20/02/2020 1200 0       
02148054 21/02/2020 1200 0       
02148054 22/02/2020 1200 2       
02148054 23/02/2020 0000 -       
02148054 24/02/2020 1200 0       
02148054 25/02/2020 1200 24      
02148054 26/02/2020 1200 0       
02148054 27/02/2020 1200 16      
02148054 28/02/2020 1200 0       
02148054 29/02/2020 1200 0       
02148054 01/03/2020 1200 0       
02148054 02/03/2020 1200 0       
02148054 03/03/2020 1200 0       
02148054 04/03/2020 1200 0       
02148054 05/03/2020 1200 0       
02148054 06/03/2020 1200 0       
02148054 07/03/2020 1200 0       
02148054 08/03/2020 0000 -       
02148054 09/03/2020 0000 0.0