02145033 23/01/2020 1200 10      
02145033 24/01/2020 1200 19      
02145033 25/01/2020 1200 3       
02145033 26/01/2020 0000 -       
02145033 27/01/2020 1200 0       
02145033 28/01/2020 1200 0       
02145033 29/01/2020 1200 28      
02145033 30/01/2020 1200 3       
02145033 31/01/2020 1200 1       
02145033 01/02/2020 1200 0       
02145033 02/02/2020 1200 0       
02145033 03/02/2020 1200 12      
02145033 04/02/2020 1200 2       
02145033 05/02/2020 1200 14      
02145033 06/02/2020 1200 98.6    
02145033 07/02/2020 1200 23      
02145033 08/02/2020 1200 0       
02145033 09/02/2020 1200 2       
02145033 10/02/2020 1200 10      
02145033 11/02/2020 1200 71      
02145033 12/02/2020 1200 105     
02145033 13/02/2020 1200 6       
02145033 14/02/2020 1200 0       
02145033 15/02/2020 1200 0       
02145033 16/02/2020 1200 0       
02145033 17/02/2020 1200 46      
02145033 18/02/2020 1200 5.8     
02145033 19/02/2020 1200 5       
02145033 20/02/2020 1200 1       
02145033 21/02/2020 1200 1       
02145033 22/02/2020 1200 6       
02145033 23/02/2020 0000 -       
02145033 24/02/2020 1200 2       
02145033 25/02/2020 1200 6       
02145033 26/02/2020 1200 3       
02145033 27/02/2020 1200 21      
02145033 28/02/2020 1200 48      
02145033 29/02/2020 1200 0.4     
02145033 01/03/2020 0000 -       
02145033 02/03/2020 1200 63      
02145033 03/03/2020 1200 0       
02145033 04/03/2020 1200 1       
02145033 05/03/2020 1200 0       
02145033 06/03/2020 1200 0       
02145033 07/03/2020 1200 0       
02145033 08/03/2020 0000 -       
02145033 09/03/2020 0000 0.005653210937560579