02144063 23/01/2020 1000 1       
02144063 24/01/2020 1000 20      
02144063 25/01/2020 1000 6       
02144063 26/01/2020 1000 0       
02144063 27/01/2020 1000 0       
02144063 28/01/2020 1000 1       
02144063 29/01/2020 1000 2       
02144063 30/01/2020 1000 1       
02144063 31/01/2020 1000 2       
02144063 01/02/2020 1000 0       
02144063 02/02/2020 1000 0       
02144063 03/02/2020 1000 10      
02144063 04/02/2020 1000 26      
02144063 05/02/2020 1000 26      
02144063 06/02/2020 1000 11      
02144063 07/02/2020 1000 26      
02144063 08/02/2020 1000 8       
02144063 09/02/2020 1000 5       
02144063 10/02/2020 1000 1       
02144063 11/02/2020 1000 30      
02144063 12/02/2020 1000 37      
02144063 13/02/2020 1000 17      
02144063 14/02/2020 1000 16      
02144063 15/02/2020 1000 0       
02144063 16/02/2020 1000 0       
02144063 17/02/2020 1000 0       
02144063 18/02/2020 1000 20      
02144063 19/02/2020 1000 0       
02144063 20/02/2020 1000 0       
02144063 21/02/2020 1000 3       
02144063 22/02/2020 1000 9       
02144063 23/02/2020 1000 1       
02144063 24/02/2020 1000 0       
02144063 25/02/2020 1000 5       
02144063 26/02/2020 1000 21      
02144063 27/02/2020 1000 5       
02144063 28/02/2020 1000 35      
02144063 29/02/2020 1000 5       
02144063 01/03/2020 1000 28      
02144063 02/03/2020 1000 5       
02144063 03/03/2020 1000 4       
02144063 04/03/2020 1000 17      
02144063 05/03/2020 1000 0       
02144063 06/03/2020 1000 0       
02144063 07/03/2020 1000 2       
02144063 08/03/2020 1000 0       
02144063 09/03/2020 1000 0.15690361938022024