02146094 23/01/2020 1000 2       
02146094 24/01/2020 1000 45.9    
02146094 25/01/2020 1000 2.3     
02146094 26/01/2020 1000 0       
02146094 27/01/2020 1000 0.1     
02146094 28/01/2020 1000 0       
02146094 29/01/2020 1000 13      
02146094 30/01/2020 1000 0.2     
02146094 31/01/2020 1000 42.9    
02146094 01/02/2020 1000 0       
02146094 02/02/2020 1000 3.2     
02146094 03/02/2020 1000 0       
02146094 04/02/2020 1000 0.5     
02146094 05/02/2020 1000 28      
02146094 06/02/2020 1000 5       
02146094 07/02/2020 1000 12.9    
02146094 08/02/2020 1000 1.4     
02146094 09/02/2020 1000 0       
02146094 10/02/2020 1000 8.8     
02146094 11/02/2020 1000 65      
02146094 12/02/2020 1000 0.1     
02146094 13/02/2020 1000 0       
02146094 14/02/2020 1000 0       
02146094 15/02/2020 1000 0.1     
02146094 16/02/2020 1000 10.6    
02146094 17/02/2020 1000 0.1     
02146094 18/02/2020 1000 13.3    
02146094 19/02/2020 1000 13.9    
02146094 20/02/2020 1000 64.3    
02146094 21/02/2020 1000 39.5    
02146094 22/02/2020 1000 0       
02146094 23/02/2020 1000 0       
02146094 24/02/2020 1000 0.2     
02146094 25/02/2020 1000 6.3     
02146094 26/02/2020 1000 16.3    
02146094 27/02/2020 1000 32.4    
02146094 28/02/2020 1000 0.3     
02146094 29/02/2020 1000 2.1     
02146094 01/03/2020 1000 0       
02146094 02/03/2020 1000 11.1    
02146094 03/03/2020 1000 0       
02146094 04/03/2020 1000 0       
02146094 05/03/2020 1000 0.1     
02146094 06/03/2020 1000 0       
02146094 07/03/2020 1000 0.1     
02146094 08/03/2020 1000 0       
02146094 09/03/2020 1000 0.6868594126539895