02145022 23/01/2020 1000 5       
02145022 24/01/2020 1000 15      
02145022 25/01/2020 1000 10      
02145022 26/01/2020 1000 0       
02145022 27/01/2020 1000 0.2     
02145022 28/01/2020 1000 0       
02145022 29/01/2020 1000 2       
02145022 30/01/2020 1000 5       
02145022 31/01/2020 1000 3.4     
02145022 01/02/2020 1000 0       
02145022 02/02/2020 1000 15      
02145022 03/02/2020 1000 0       
02145022 04/02/2020 1000 10      
02145022 05/02/2020 1000 5       
02145022 06/02/2020 1000 7.4     
02145022 07/02/2020 1000 20      
02145022 08/02/2020 1000 0.2     
02145022 09/02/2020 1000 3.2     
02145022 10/02/2020 1000 0.2     
02145022 11/02/2020 1000 30      
02145022 12/02/2020 1000 70      
02145022 13/02/2020 1000 10      
02145022 14/02/2020 1000 0.2     
02145022 15/02/2020 1000 0       
02145022 16/02/2020 1000 0.8     
02145022 17/02/2020 1000 40      
02145022 18/02/2020 1000 30      
02145022 19/02/2020 1000 5       
02145022 20/02/2020 1000 0       
02145022 21/02/2020 1000 2       
02145022 22/02/2020 1000 40      
02145022 23/02/2020 1000 4.4     
02145022 24/02/2020 1000 0.2     
02145022 25/02/2020 1000 0       
02145022 26/02/2020 1000 0       
02145022 27/02/2020 1000 0       
02145022 28/02/2020 1000 0       
02145022 29/02/2020 1000 0       
02145022 01/03/2020 1000 0       
02145022 02/03/2020 1000 0.6     
02145022 03/03/2020 1000 0.2     
02145022 04/03/2020 1000 0       
02145022 05/03/2020 1000 0       
02145022 06/03/2020 1000 0       
02145022 07/03/2020 1000 0       
02145022 08/03/2020 1000 0       
02145022 09/03/2020 1000 0.02096911718550539