02145003 23/01/2020 1000 2.4     
02145003 24/01/2020 1000 15.2    
02145003 25/01/2020 1000 5.6     
02145003 26/01/2020 1000 0.4     
02145003 27/01/2020 1000 0.4     
02145003 28/01/2020 1000 0.2     
02145003 29/01/2020 1000 4.2     
02145003 30/01/2020 1000 20.8    
02145003 31/01/2020 1000 2       
02145003 01/02/2020 1000 0.2     
02145003 02/02/2020 1000 9.4     
02145003 03/02/2020 1000 1       
02145003 04/02/2020 1000 16.2    
02145003 05/02/2020 1000 5.6     
02145003 06/02/2020 1000 29.4    
02145003 07/02/2020 1000 14.2    
02145003 08/02/2020 1000 5.4     
02145003 09/02/2020 1000 1.8     
02145003 10/02/2020 1000 0.2     
02145003 11/02/2020 1000 31.2    
02145003 12/02/2020 1000 35      
02145003 13/02/2020 1000 8.8     
02145003 14/02/2020 1000 17.2    
02145003 15/02/2020 1000 0.2     
02145003 16/02/2020 1000 0       
02145003 17/02/2020 1000 69.8    
02145003 18/02/2020 1000 15.6    
02145003 19/02/2020 1000 0.2     
02145003 20/02/2020 1000 1.2     
02145003 21/02/2020 1000 42      
02145003 22/02/2020 1000 42.6    
02145003 23/02/2020 1000 2       
02145003 24/02/2020 1000 0.2     
02145003 25/02/2020 1000 5.8     
02145003 26/02/2020 1000 2       
02145003 27/02/2020 1000 34      
02145003 28/02/2020 1000 20.4    
02145003 29/02/2020 1000 33.8    
02145003 01/03/2020 1000 0.8     
02145003 02/03/2020 1000 28      
02145003 03/03/2020 1000 0.2     
02145003 04/03/2020 1000 0.2     
02145003 05/03/2020 1000 4.4     
02145003 06/03/2020 1000 0       
02145003 07/03/2020 1000 0       
02145003 08/03/2020 1000 0.4     
02145003 09/03/2020 1000 0.37928437500358697