02245107 23/01/2020 1200 3       
02245107 24/01/2020 1200 58      
02245107 25/01/2020 1200 3       
02245107 26/01/2020 1200 0       
02245107 27/01/2020 1200 0       
02245107 28/01/2020 1200 0       
02245107 29/01/2020 1200 19      
02245107 30/01/2020 1200 6       
02245107 31/01/2020 1200 1       
02245107 01/02/2020 1200 0       
02245107 02/02/2020 1200 51      
02245107 03/02/2020 1200 2       
02245107 04/02/2020 1200 6       
02245107 05/02/2020 1200 8       
02245107 06/02/2020 1200 26.3    
02245107 07/02/2020 1200 19      
02245107 08/02/2020 1200 4       
02245107 09/02/2020 1200 4       
02245107 10/02/2020 1200 6       
02245107 11/02/2020 1200 56      
02245107 12/02/2020 1200 36      
02245107 13/02/2020 1200 20      
02245107 14/02/2020 1200 0       
02245107 15/02/2020 1200 0       
02245107 16/02/2020 1200 0       
02245107 17/02/2020 1200 2       
02245107 18/02/2020 1200 17.6    
02245107 19/02/2020 1200 7       
02245107 20/02/2020 1200 53      
02245107 21/02/2020 1200 56      
02245107 22/02/2020 1200 11      
02245107 23/02/2020 1200 5       
02245107 24/02/2020 1200 0.4     
02245107 25/02/2020 1200 4       
02245107 26/02/2020 1200 3       
02245107 27/02/2020 1200 7       
02245107 28/02/2020 1200 19      
02245107 29/02/2020 1200 2       
02245107 01/03/2020 1200 0       
02245107 02/03/2020 1200 13      
02245107 03/03/2020 1200 0       
02245107 04/03/2020 1200 0       
02245107 05/03/2020 1200 3       
02245107 06/03/2020 1200 0       
02245107 07/03/2020 1200 0       
02245107 08/03/2020 1200 0       
02245107 09/03/2020 1200 2.795246093666953