00083781 17/01/2020 1200 82      
00083781 18/01/2020 1200 4.2     
00083781 19/01/2020 1200 0       
00083781 20/01/2020 1200 0       
00083781 21/01/2020 1200 0       
00083781 22/01/2020 1200 0       
00083781 23/01/2020 1200 2.3     
00083781 24/01/2020 1200 3       
00083781 25/01/2020 0000 -       
00083781 26/01/2020 1200 0       
00083781 27/01/2020 1200 0       
00083781 28/01/2020 1200 0       
00083781 29/01/2020 1200 10      
00083781 30/01/2020 1200 0       
00083781 31/01/2020 1200 6       
00083781 01/02/2020 1200 3.3     
00083781 02/02/2020 1200 59      
00083781 03/02/2020 1200 67      
00083781 04/02/2020 1200 17      
00083781 05/02/2020 1200 0       
00083781 06/02/2020 1200 13.2    
00083781 07/02/2020 1200 26      
00083781 08/02/2020 1200 0       
00083781 09/02/2020 1200 0       
00083781 10/02/2020 1200 114     
00083781 11/02/2020 1200 43      
00083781 12/02/2020 1200 0.2     
00083781 13/02/2020 1200 0.5     
00083781 14/02/2020 1200 3       
00083781 15/02/2020 1200 0       
00083781 16/02/2020 1200 0       
00083781 17/02/2020 1200 7       
00083781 18/02/2020 1200 13      
00083781 19/02/2020 1200 21      
00083781 20/02/2020 1200 4       
00083781 21/02/2020 1200 2       
00083781 22/02/2020 1200 3       
00083781 23/02/2020 1200 0.3     
00083781 24/02/2020 1200 0       
00083781 25/02/2020 1200 19      
00083781 26/02/2020 0000 -       
00083781 27/02/2020 1200 44      
00083781 28/02/2020 1200 0       
00083781 29/02/2020 1200 13      
00083781 01/03/2020 1200 0.2     
00083781 02/03/2020 1200 1       
