00083778 17/01/2020 1200 65      
00083778 18/01/2020 1200 3       
00083778 19/01/2020 1200 0       
00083778 20/01/2020 1200 0       
00083778 21/01/2020 1200 0       
00083778 22/01/2020 1200 0       
00083778 23/01/2020 1200 1       
00083778 24/01/2020 1200 6       
00083778 25/01/2020 1200 1       
00083778 26/01/2020 1200 0       
00083778 27/01/2020 1200 0       
00083778 28/01/2020 1200 0       
00083778 29/01/2020 1200 9       
00083778 30/01/2020 1200 0       
00083778 31/01/2020 1200 19      
00083778 01/02/2020 1200 2       
00083778 02/02/2020 1200 96      
00083778 03/02/2020 1200 16      
00083778 04/02/2020 1200 15      
00083778 05/02/2020 1200 6       
00083778 06/02/2020 1200 13      
00083778 07/02/2020 1200 35      
00083778 08/02/2020 1200 1       
00083778 09/02/2020 1200 0       
00083778 10/02/2020 1200 99      
00083778 11/02/2020 1200 74      
00083778 12/02/2020 1200 5       
00083778 13/02/2020 1200 2       
00083778 14/02/2020 1200 0       
00083778 15/02/2020 1200 0       
00083778 16/02/2020 1200 0       
00083778 17/02/2020 1200 0       
00083778 18/02/2020 1200 9       
00083778 19/02/2020 1200 8       
00083778 20/02/2020 1200 0       
00083778 21/02/2020 1200 25      
00083778 22/02/2020 1200 8       
00083778 23/02/2020 1200 1       
00083778 24/02/2020 1200 0       
00083778 25/02/2020 1200 6       
00083778 26/02/2020 1200 10      
00083778 27/02/2020 1200 34      
00083778 28/02/2020 1200 0       
00083778 29/02/2020 1200 9       
00083778 01/03/2020 1200 0       
00083778 02/03/2020 1200 0       
