02148186 17/01/2020 1000 3.8     
02148186 18/01/2020 1000 0       
02148186 19/01/2020 1000 0       
02148186 20/01/2020 1000 3.2     
02148186 21/01/2020 1000 0       
02148186 22/01/2020 1000 0       
02148186 23/01/2020 1000 33      
02148186 24/01/2020 1000 26.4    
02148186 25/01/2020 1000 0.2     
02148186 26/01/2020 1000 0       
02148186 27/01/2020 1000 0       
02148186 28/01/2020 1000 0       
02148186 29/01/2020 1000 0       
02148186 30/01/2020 1000 6.8     
02148186 31/01/2020 1000 20.4    
02148186 01/02/2020 1000 12.4    
02148186 02/02/2020 1000 0       
02148186 03/02/2020 1000 0       
02148186 04/02/2020 1000 1.2     
02148186 05/02/2020 1000 16.2    
02148186 06/02/2020 1000 21.2    
02148186 07/02/2020 1000 22.2    
02148186 08/02/2020 1000 2.6     
02148186 09/02/2020 1000 0       
02148186 10/02/2020 1000 10      
02148186 11/02/2020 1000 13.2    
02148186 12/02/2020 1000 0.8     
02148186 13/02/2020 1000 0       
02148186 14/02/2020 1000 0       
02148186 15/02/2020 1000 0       
02148186 16/02/2020 1000 0       
02148186 17/02/2020 1000 0       
02148186 18/02/2020 1000 0       
02148186 19/02/2020 1000 5.2     
02148186 20/02/2020 1000 1       
02148186 21/02/2020 1000 10      
02148186 22/02/2020 1000 0       
02148186 23/02/2020 1000 0       
02148186 24/02/2020 1000 25.4    
02148186 25/02/2020 1000 6.6     
02148186 26/02/2020 1000 53.6    
02148186 27/02/2020 1000 21.2    
02148186 28/02/2020 1000 11      
02148186 29/02/2020 1000 0       
02148186 01/03/2020 1000 0       
02148186 02/03/2020 1000 0       
