02248130 17/01/2020 1000 6.4     
02248130 18/01/2020 1000 0       
02248130 19/01/2020 1000 0       
02248130 20/01/2020 1000 0       
02248130 21/01/2020 1000 0       
02248130 22/01/2020 1000 0       
02248130 23/01/2020 1000 5.2     
02248130 24/01/2020 1000 27.4    
02248130 25/01/2020 1000 0       
02248130 26/01/2020 1000 0       
02248130 27/01/2020 1000 0       
02248130 28/01/2020 1000 0       
02248130 29/01/2020 1000 0       
02248130 30/01/2020 1000 2       
02248130 31/01/2020 1000 35      
02248130 01/02/2020 1000 6       
02248130 02/02/2020 1000 3.8     
02248130 03/02/2020 1000 0.8     
02248130 04/02/2020 1000 20      
02248130 05/02/2020 1000 10      
02248130 06/02/2020 1000 1.8     
02248130 07/02/2020 1000 10      
02248130 08/02/2020 1000 1.6     
02248130 09/02/2020 1000 0       
02248130 10/02/2020 1000 20      
02248130 11/02/2020 1000 30      
02248130 12/02/2020 1000 0       
02248130 13/02/2020 1000 0       
02248130 14/02/2020 1000 0       
02248130 15/02/2020 1000 0       
02248130 16/02/2020 1000 0       
02248130 17/02/2020 1000 0       
02248130 18/02/2020 1000 0       
02248130 19/02/2020 1000 0       
02248130 20/02/2020 1000 0       
02248130 21/02/2020 1000 10.8    
02248130 22/02/2020 1000 1.6     
02248130 23/02/2020 1000 0       
02248130 24/02/2020 1000 0       
02248130 25/02/2020 1000 2.4     
02248130 26/02/2020 1000 10      
02248130 27/02/2020 1000 66.6    
02248130 28/02/2020 1000 2.2     
02248130 29/02/2020 1000 0       
02248130 01/03/2020 1000 0       
02248130 02/03/2020 1000 0       
