02551074 08/02/2020 1000 0.2     
02551074 09/02/2020 1000 0       
02551074 10/02/2020 1000 10.4    
02551074 11/02/2020 1000 0       
02551074 12/02/2020 1000 0       
02551074 13/02/2020 1000 0       
02551074 14/02/2020 1000 0       
02551074 15/02/2020 1000 0       
02551074 16/02/2020 1000 0       
02551074 17/02/2020 1000 0       
02551074 18/02/2020 1000 0       
02551074 19/02/2020 1000 0       
02551074 20/02/2020 1000 0       
02551074 21/02/2020 1000 0       
02551074 22/02/2020 1000 0       
02551074 23/02/2020 1000 0       
02551074 24/02/2020 1000 0       
02551074 25/02/2020 1000 0       
02551074 26/02/2020 1000 11.6    
02551074 27/02/2020 1000 1.2     
02551074 28/02/2020 1000 0       
02551074 29/02/2020 1000 0       
02551074 01/03/2020 1000 0       
02551074 02/03/2020 1000 0       
02551074 03/03/2020 1000 0       
02551074 04/03/2020 1000 0       
02551074 05/03/2020 1000 0       
02551074 06/03/2020 1000 0       
02551074 07/03/2020 1000 0       
02551074 08/03/2020 1000 23.2    
02551074 09/03/2020 1000 0       
02551074 10/03/2020 1000 0       
02551074 11/03/2020 1000 0       
02551074 12/03/2020 1000 0       
02551074 13/03/2020 1000 0       
02551074 14/03/2020 1000 0       
02551074 15/03/2020 1000 0       
02551074 16/03/2020 1000 0       
02551074 17/03/2020 1000 0       
02551074 18/03/2020 1000 3.4     
02551074 19/03/2020 1000 41.4    
02551074 20/03/2020 1000 0       
02551074 21/03/2020 1000 0       
02551074 22/03/2020 1000 0       
02551074 23/03/2020 1000 0       
02551074 24/03/2020 1000 0       
02551074 25/03/2020 1000 0.0