02649073 08/02/2020 1000 0.6     
02649073 09/02/2020 1000 0.2     
02649073 10/02/2020 1000 2.6     
02649073 11/02/2020 1000 0       
02649073 12/02/2020 1000 0       
02649073 13/02/2020 1000 0       
02649073 14/02/2020 1000 0.4     
02649073 15/02/2020 1000 0       
02649073 16/02/2020 1000 0       
02649073 17/02/2020 1000 0       
02649073 18/02/2020 1000 0       
02649073 19/02/2020 1000 0       
02649073 20/02/2020 1000 0.2     
02649073 21/02/2020 1000 0       
02649073 22/02/2020 1000 3.8     
02649073 23/02/2020 1000 0       
02649073 24/02/2020 1000 0       
02649073 25/02/2020 1000 0.2     
02649073 26/02/2020 1000 31.2    
02649073 27/02/2020 1000 0.6     
02649073 28/02/2020 1000 0       
02649073 29/02/2020 1000 0       
02649073 01/03/2020 1000 0       
02649073 02/03/2020 1000 0.2     
02649073 03/03/2020 1000 0.6     
02649073 04/03/2020 1000 1       
02649073 05/03/2020 1000 0       
02649073 06/03/2020 1000 0       
02649073 07/03/2020 1000 0       
02649073 08/03/2020 1000 0       
02649073 09/03/2020 1000 0       
02649073 10/03/2020 1000 0       
02649073 11/03/2020 1000 0       
02649073 12/03/2020 1000 0       
02649073 13/03/2020 1000 0       
02649073 14/03/2020 1000 0       
02649073 15/03/2020 1000 0       
02649073 16/03/2020 1000 0       
02649073 17/03/2020 1000 13.2    
02649073 18/03/2020 1000 0.2     
02649073 19/03/2020 1000 1.6     
02649073 20/03/2020 1000 0       
02649073 21/03/2020 1000 0       
02649073 22/03/2020 1000 0       
02649073 23/03/2020 1000 0       
02649073 24/03/2020 1000 0       
02649073 25/03/2020 1000 2.0938373124335303