02650028 08/02/2020 1000 4.6     
02650028 09/02/2020 1000 0       
02650028 10/02/2020 1000 6.4     
02650028 11/02/2020 1000 0       
02650028 12/02/2020 1000 0       
02650028 13/02/2020 1000 0.6     
02650028 14/02/2020 1000 0       
02650028 15/02/2020 1000 0       
02650028 16/02/2020 1000 0.2     
02650028 17/02/2020 1000 0       
02650028 18/02/2020 1000 0       
02650028 19/02/2020 1000 0.6     
02650028 20/02/2020 1000 0.2     
02650028 21/02/2020 1000 0       
02650028 22/02/2020 1000 0       
02650028 23/02/2020 1000 0       
02650028 24/02/2020 1000 0       
02650028 25/02/2020 1000 43.6    
02650028 26/02/2020 1000 39.8    
02650028 27/02/2020 1000 2       
02650028 28/02/2020 1000 0       
02650028 29/02/2020 1000 0       
02650028 01/03/2020 1000 0       
02650028 02/03/2020 1000 0       
02650028 03/03/2020 1000 0       
02650028 04/03/2020 1000 0.2     
02650028 05/03/2020 1000 0       
02650028 06/03/2020 1000 0       
02650028 07/03/2020 1000 0       
02650028 08/03/2020 1000 0       
02650028 09/03/2020 1000 0       
02650028 10/03/2020 1000 0       
02650028 11/03/2020 1000 0       
02650028 12/03/2020 1000 0       
02650028 13/03/2020 1000 0       
02650028 14/03/2020 1000 0       
02650028 15/03/2020 1000 0       
02650028 16/03/2020 1000 0       
02650028 17/03/2020 1000 0       
02650028 18/03/2020 1000 0       
02650028 19/03/2020 1000 14      
02650028 20/03/2020 1000 0       
02650028 21/03/2020 1000 0       
02650028 22/03/2020 1000 0       
02650028 23/03/2020 1000 0       
02650028 24/03/2020 1000 0       
02650028 25/03/2020 1000 0.0