02651043 08/02/2020 1200 0       
02651043 09/02/2020 1200 0.2     
02651043 10/02/2020 1200 0.6     
02651043 11/02/2020 1200 0       
02651043 12/02/2020 1200 0       
02651043 13/02/2020 1200 0       
02651043 14/02/2020 1200 0       
02651043 15/02/2020 1200 0       
02651043 16/02/2020 1200 1.6     
02651043 17/02/2020 1200 0       
02651043 18/02/2020 1200 0       
02651043 19/02/2020 1200 10.8    
02651043 20/02/2020 1200 0       
02651043 21/02/2020 1200 0       
02651043 22/02/2020 1200 0       
02651043 23/02/2020 1200 0       
02651043 24/02/2020 1200 0       
02651043 25/02/2020 1200 8.2     
02651043 26/02/2020 1200 33      
02651043 27/02/2020 1200 1.6     
02651043 28/02/2020 1200 0       
02651043 29/02/2020 1200 0       
02651043 01/03/2020 1200 0       
02651043 02/03/2020 1200 0       
02651043 03/03/2020 1200 0       
02651043 04/03/2020 1200 0       
02651043 05/03/2020 1200 0       
02651043 06/03/2020 1200 0       
02651043 07/03/2020 1200 0       
02651043 08/03/2020 1200 28.2    
02651043 09/03/2020 1200 0       
02651043 10/03/2020 1200 0       
02651043 11/03/2020 1200 0       
02651043 12/03/2020 1200 0       
02651043 13/03/2020 1200 0       
02651043 14/03/2020 1200 0       
02651043 15/03/2020 1200 0       
02651043 16/03/2020 1200 0       
02651043 17/03/2020 1200 0       
02651043 18/03/2020 1200 0.2     
02651043 19/03/2020 1200 29      
02651043 20/03/2020 1200 0.2     
02651043 21/03/2020 1200 0       
02651043 22/03/2020 1200 0       
02651043 23/03/2020 1200 0       
02651043 24/03/2020 1200 0       
02651043 25/03/2020 1200 0.0