01847044 08/02/2020 1000 6       
01847044 09/02/2020 1000 1       
01847044 10/02/2020 1000 8       
01847044 11/02/2020 1000 8       
01847044 12/02/2020 1000 35      
01847044 13/02/2020 1000 53      
01847044 14/02/2020 1000 3       
01847044 15/02/2020 1000 0       
01847044 16/02/2020 1000 5       
01847044 17/02/2020 1000 0       
01847044 18/02/2020 1000 15      
01847044 19/02/2020 1000 0       
01847044 20/02/2020 1000 0       
01847044 21/02/2020 1000 0       
01847044 22/02/2020 1000 2       
01847044 23/02/2020 1000 10      
01847044 24/02/2020 1000 2       
01847044 25/02/2020 1000 41      
01847044 26/02/2020 1000 3       
01847044 27/02/2020 1000 23      
01847044 28/02/2020 1000 4       
01847044 29/02/2020 1000 16      
01847044 01/03/2020 1000 14      
01847044 02/03/2020 1000 17      
01847044 03/03/2020 1000 6       
01847044 04/03/2020 1000 0       
01847044 05/03/2020 1000 1       
01847044 06/03/2020 1000 1       
01847044 07/03/2020 1000 16      
01847044 08/03/2020 1000 0       
01847044 09/03/2020 1000 0       
01847044 10/03/2020 1000 1       
01847044 11/03/2020 1000 0       
01847044 12/03/2020 1000 0       
01847044 13/03/2020 1000 0       
01847044 14/03/2020 1000 0       
01847044 15/03/2020 1000 0       
01847044 16/03/2020 1000 0       
01847044 17/03/2020 1000 0       
01847044 18/03/2020 1000 0       
01847044 19/03/2020 1000 0       
01847044 20/03/2020 1000 0       
01847044 21/03/2020 1000 10      
01847044 22/03/2020 1000 21      
01847044 23/03/2020 1000 8       
01847044 24/03/2020 1000 0       
01847044 25/03/2020 1000 0.03814347468428063