99990035 08/02/2020 1200 44.4    
99990035 09/02/2020 1200 7.4     
99990035 10/02/2020 1200 4.8     
99990035 11/02/2020 1200 0.8     
99990035 12/02/2020 1200 0.6     
99990035 13/02/2020 1200 7.6     
99990035 14/02/2020 1200 0.2     
99990035 15/02/2020 1200 0.8     
99990035 16/02/2020 1200 0       
99990035 17/02/2020 1200 3.8     
99990035 18/02/2020 1200 15.4    
99990035 19/02/2020 1200 5.8     
99990035 20/02/2020 1200 28      
99990035 21/02/2020 1200 10.2    
99990035 22/02/2020 1200 13.6    
99990035 23/02/2020 1200 2.8     
99990035 24/02/2020 1200 17.6    
99990035 25/02/2020 1200 7.4     
99990035 26/02/2020 1200 9.2     
99990035 27/02/2020 1200 3.2     
99990035 28/02/2020 1200 1       
99990035 29/02/2020 1200 0.4     
99990035 01/03/2020 1200 0.6     
99990035 02/03/2020 1200 8.2     
99990035 03/03/2020 0000 -       
99990035 04/03/2020 1200 0.4     
99990035 05/03/2020 1200 0       
99990035 06/03/2020 1200 0       
99990035 07/03/2020 1200 0.2     
99990035 08/03/2020 1200 0       
99990035 09/03/2020 1200 0       
99990035 10/03/2020 1200 0       
99990035 11/03/2020 1200 0       
99990035 12/03/2020 1200 0       
99990035 13/03/2020 1200 0       
99990035 14/03/2020 1200 0       
99990035 15/03/2020 1200 0       
99990035 16/03/2020 1200 0       
99990035 17/03/2020 1200 0       
99990035 18/03/2020 1200 0       
99990035 19/03/2020 1200 0       
99990035 20/03/2020 1200 3       
99990035 21/03/2020 1200 0       
99990035 22/03/2020 0000 -       
99990035 23/03/2020 1200 0.2     
99990035 24/03/2020 1200 0.2     
99990035 25/03/2020 1200 0.04472122681729043