01448012 13/01/2020 1000 0       
01448012 14/01/2020 1000 0       
01448012 15/01/2020 1000 7.2     
01448012 16/01/2020 1000 0.6     
01448012 17/01/2020 1000 0       
01448012 18/01/2020 1000 10.8    
01448012 19/01/2020 1000 0.2     
01448012 20/01/2020 1000 16.6    
01448012 21/01/2020 1000 0       
01448012 22/01/2020 1000 23.8    
01448012 23/01/2020 1000 17      
01448012 24/01/2020 1000 18.6    
01448012 25/01/2020 1000 57.2    
01448012 26/01/2020 1000 14.2    
01448012 27/01/2020 1000 2.6     
01448012 28/01/2020 1000 29      
01448012 29/01/2020 1000 0.6     
01448012 30/01/2020 1000 2.8     
01448012 31/01/2020 1000 0       
01448012 01/02/2020 1000 3       
01448012 02/02/2020 1000 0       
01448012 03/02/2020 1000 0       
01448012 04/02/2020 1000 36      
01448012 05/02/2020 1000 29.6    
01448012 06/02/2020 1000 12.4    
01448012 07/02/2020 1000 41      
01448012 08/02/2020 1000 60.4    
01448012 09/02/2020 1000 19      
01448012 10/02/2020 1000 0.8     
01448012 11/02/2020 1000 0       
01448012 12/02/2020 1000 0       
01448012 13/02/2020 1000 37.8    
01448012 14/02/2020 1000 0.2     
01448012 15/02/2020 1000 0.2     
01448012 16/02/2020 1000 0       
01448012 17/02/2020 1000 3.2     
01448012 18/02/2020 1000 0       
01448012 19/02/2020 1000 0       
01448012 20/02/2020 1000 6       
01448012 21/02/2020 1000 0.2     
01448012 22/02/2020 1000 0       
01448012 23/02/2020 1000 0.4     
01448012 24/02/2020 1000 0.2     
01448012 25/02/2020 1000 35.8    
01448012 26/02/2020 1000 0.6     
01448012 27/02/2020 1000 0       
