01548050 13/01/2020 1000 0       
01548050 14/01/2020 1000 0.2     
01548050 15/01/2020 1000 0       
01548050 16/01/2020 1000 0       
01548050 17/01/2020 1000 0.2     
01548050 18/01/2020 1000 2       
01548050 19/01/2020 1000 0.2     
01548050 20/01/2020 1000 6.4     
01548050 21/01/2020 1000 11.6    
01548050 22/01/2020 1000 0       
01548050 23/01/2020 1000 49.4    
01548050 24/01/2020 1000 9.8     
01548050 25/01/2020 1000 27      
01548050 26/01/2020 1000 30.4    
01548050 27/01/2020 1000 16.4    
01548050 28/01/2020 1000 27.8    
01548050 29/01/2020 1000 7.6     
01548050 30/01/2020 1000 1.4     
01548050 31/01/2020 1000 0.2     
01548050 01/02/2020 1000 0       
01548050 02/02/2020 1000 0       
01548050 03/02/2020 1000 0       
01548050 04/02/2020 1000 25.2    
01548050 05/02/2020 1000 13.2    
01548050 06/02/2020 1000 33      
01548050 07/02/2020 1000 72.6    
01548050 08/02/2020 1000 69      
01548050 09/02/2020 1000 12.2    
01548050 10/02/2020 1000 0.6     
01548050 11/02/2020 1000 0.2     
01548050 12/02/2020 1000 0       
01548050 13/02/2020 1000 50.8    
01548050 14/02/2020 1000 1.8     
01548050 15/02/2020 1000 32.6    
01548050 16/02/2020 1000 0.2     
01548050 17/02/2020 1000 0       
01548050 18/02/2020 1000 8.4     
01548050 19/02/2020 1000 0.2     
01548050 20/02/2020 1000 0       
01548050 21/02/2020 1000 0       
01548050 22/02/2020 1000 0       
01548050 23/02/2020 1000 57.8    
01548050 24/02/2020 1000 0       
01548050 25/02/2020 1000 1.4     
01548050 26/02/2020 1000 5       
01548050 27/02/2020 1000 13.4    
