02752037 07/02/2020 1000 0       
02752037 08/02/2020 1000 5       
02752037 09/02/2020 1000 2       
02752037 10/02/2020 1000 0       
02752037 11/02/2020 1000 0       
02752037 12/02/2020 1000 0.5     
02752037 13/02/2020 1000 0.2     
02752037 14/02/2020 1000 0.2     
02752037 15/02/2020 1000 0.8     
02752037 16/02/2020 1000 0       
02752037 17/02/2020 1000 25      
02752037 18/02/2020 1000 0       
02752037 19/02/2020 1000 2.8     
02752037 20/02/2020 1000 0       
02752037 21/02/2020 1000 0.2     
02752037 22/02/2020 1000 0       
02752037 23/02/2020 1000 0       
02752037 24/02/2020 1000 0       
02752037 25/02/2020 1000 0.5     
02752037 26/02/2020 1000 75.2    
02752037 27/02/2020 1000 0       
02752037 28/02/2020 1000 0.2     
02752037 29/02/2020 1000 0.2     
02752037 01/03/2020 1000 0       
02752037 02/03/2020 1000 0       
02752037 03/03/2020 1000 0       
02752037 04/03/2020 1000 0       
02752037 05/03/2020 1000 0.2     
02752037 06/03/2020 1000 0       
02752037 07/03/2020 1000 0       
02752037 08/03/2020 1000 0       
02752037 09/03/2020 1000 0       
02752037 10/03/2020 1000 0       
02752037 11/03/2020 1000 0.2     
02752037 12/03/2020 1000 0       
02752037 13/03/2020 1000 0       
02752037 14/03/2020 1000 0       
02752037 15/03/2020 1000 0       
02752037 16/03/2020 1000 0       
02752037 17/03/2020 1000 0       
02752037 18/03/2020 1000 5       
02752037 19/03/2020 1000 27.2    
02752037 20/03/2020 1000 0       
02752037 21/03/2020 1000 0.2     
02752037 22/03/2020 1000 0       
02752037 23/03/2020 1000 0       
02752037 24/03/2020 1000 0.0