02750040 07/02/2020 1000 5       
02750040 08/02/2020 1000 5       
02750040 09/02/2020 1000 5       
02750040 10/02/2020 1000 10      
02750040 11/02/2020 1000 0       
02750040 12/02/2020 1000 0       
02750040 13/02/2020 1000 0       
02750040 14/02/2020 1000 0       
02750040 15/02/2020 1000 0       
02750040 16/02/2020 1000 0       
02750040 17/02/2020 1000 2       
02750040 18/02/2020 1000 0       
02750040 19/02/2020 1000 0       
02750040 20/02/2020 1000 0       
02750040 21/02/2020 1000 0.2     
02750040 22/02/2020 1000 0       
02750040 23/02/2020 1000 0       
02750040 24/02/2020 1000 0       
02750040 25/02/2020 1000 4       
02750040 26/02/2020 1000 55      
02750040 27/02/2020 1000 5       
02750040 28/02/2020 1000 0       
02750040 29/02/2020 1000 0       
02750040 01/03/2020 1000 0       
02750040 02/03/2020 1000 0       
02750040 03/03/2020 1000 0.2     
02750040 04/03/2020 1000 1.8     
02750040 05/03/2020 1000 0       
02750040 06/03/2020 1000 0       
02750040 07/03/2020 1000 0       
02750040 08/03/2020 1000 0       
02750040 09/03/2020 1000 0       
02750040 10/03/2020 1000 0       
02750040 11/03/2020 1000 0       
02750040 12/03/2020 1000 0       
02750040 13/03/2020 1000 0       
02750040 14/03/2020 1000 0       
02750040 15/03/2020 1000 0       
02750040 16/03/2020 1000 0       
02750040 17/03/2020 1000 0.2     
02750040 18/03/2020 1000 0       
02750040 19/03/2020 1000 10      
02750040 20/03/2020 1000 0       
02750040 21/03/2020 0000 -       
02750040 22/03/2020 0000 -       
02750040 23/03/2020 0000 -       
02750040 24/03/2020 0000 -