02854022 07/02/2020 1000 0       
02854022 08/02/2020 1000 0       
02854022 09/02/2020 1000 0.8     
02854022 10/02/2020 1000 0       
02854022 11/02/2020 1000 0       
02854022 12/02/2020 1000 0       
02854022 13/02/2020 1000 0       
02854022 14/02/2020 1000 0       
02854022 15/02/2020 1000 12.4    
02854022 16/02/2020 1000 5       
02854022 17/02/2020 1000 0.2     
02854022 18/02/2020 1000 0.4     
02854022 19/02/2020 1000 31.2    
02854022 20/02/2020 1000 0       
02854022 21/02/2020 1000 0       
02854022 22/02/2020 1000 0       
02854022 23/02/2020 1000 0       
02854022 24/02/2020 1000 0       
02854022 25/02/2020 1000 0       
02854022 26/02/2020 1000 8.8     
02854022 27/02/2020 1000 0       
02854022 28/02/2020 1000 0       
02854022 29/02/2020 1000 0       
02854022 01/03/2020 1000 0       
02854022 02/03/2020 1000 0       
02854022 03/03/2020 1000 0       
02854022 04/03/2020 1000 0       
02854022 05/03/2020 1000 0       
02854022 06/03/2020 1000 0       
02854022 07/03/2020 1000 0       
02854022 08/03/2020 1000 0       
02854022 09/03/2020 1000 0       
02854022 10/03/2020 1000 0       
02854022 11/03/2020 1000 0       
02854022 12/03/2020 1000 0       
02854022 13/03/2020 1000 0       
02854022 14/03/2020 1000 0       
02854022 15/03/2020 1000 0       
02854022 16/03/2020 1000 0       
02854022 17/03/2020 1000 0       
02854022 18/03/2020 1000 20.4    
02854022 19/03/2020 1000 10      
02854022 20/03/2020 1000 0       
02854022 21/03/2020 1000 0       
02854022 22/03/2020 1000 0       
02854022 23/03/2020 1000 0       
02854022 24/03/2020 1000 0.0