02854023 07/02/2020 1000 0       
02854023 08/02/2020 1000 0       
02854023 09/02/2020 1000 0       
02854023 10/02/2020 1000 0       
02854023 11/02/2020 1000 0       
02854023 12/02/2020 1000 0       
02854023 13/02/2020 1000 0       
02854023 14/02/2020 1000 0       
02854023 15/02/2020 1000 13.8    
02854023 16/02/2020 1000 0.2     
02854023 17/02/2020 1000 0       
02854023 18/02/2020 1000 0.2     
02854023 19/02/2020 1000 24.2    
02854023 20/02/2020 1000 0       
02854023 21/02/2020 1000 0       
02854023 22/02/2020 1000 0       
02854023 23/02/2020 1000 0       
02854023 24/02/2020 1000 0       
02854023 25/02/2020 1000 0       
02854023 26/02/2020 1000 4.8     
02854023 27/02/2020 1000 0       
02854023 28/02/2020 1000 0       
02854023 29/02/2020 1000 0       
02854023 01/03/2020 1000 0       
02854023 02/03/2020 1000 0       
02854023 03/03/2020 1000 0       
02854023 04/03/2020 1000 0       
02854023 05/03/2020 1000 0       
02854023 06/03/2020 1000 0       
02854023 07/03/2020 1000 0       
02854023 08/03/2020 1000 0       
02854023 09/03/2020 1000 0       
02854023 10/03/2020 1000 0       
02854023 11/03/2020 1000 0       
02854023 12/03/2020 1000 0       
02854023 13/03/2020 1000 0       
02854023 14/03/2020 1000 0       
02854023 15/03/2020 1000 0       
02854023 16/03/2020 1000 0       
02854023 17/03/2020 1000 0       
02854023 18/03/2020 1000 12.6    
02854023 19/03/2020 1000 1.4     
02854023 20/03/2020 1000 0       
02854023 21/03/2020 1000 0       
02854023 22/03/2020 1000 0       
02854023 23/03/2020 1000 0       
02854023 24/03/2020 1000 0.0