99990865 07/02/2020 1200 16.6    
99990865 08/02/2020 1200 0.4     
99990865 09/02/2020 1200 5       
99990865 10/02/2020 1200 5.6     
99990865 11/02/2020 1200 0       
99990865 12/02/2020 1200 0       
99990865 13/02/2020 1200 0       
99990865 14/02/2020 1200 0       
99990865 15/02/2020 1200 0       
99990865 16/02/2020 1200 0       
99990865 17/02/2020 1200 0       
99990865 18/02/2020 1200 0       
99990865 19/02/2020 1200 0       
99990865 20/02/2020 1200 0       
99990865 21/02/2020 1200 0       
99990865 22/02/2020 1200 0       
99990865 23/02/2020 1200 0       
99990865 24/02/2020 1200 0       
99990865 25/02/2020 1200 0       
99990865 26/02/2020 1200 13.4    
99990865 27/02/2020 1200 0       
99990865 28/02/2020 1200 0       
99990865 29/02/2020 1200 0       
99990865 01/03/2020 1200 0       
99990865 02/03/2020 1200 0       
99990865 03/03/2020 1200 0       
99990865 04/03/2020 0000 -       
99990865 05/03/2020 1200 0       
99990865 06/03/2020 0000 -       
99990865 07/03/2020 0000 -       
99990865 08/03/2020 0000 -       
99990865 09/03/2020 1200 0       
99990865 10/03/2020 1200 0       
99990865 11/03/2020 1200 0       
99990865 12/03/2020 1200 0       
99990865 13/03/2020 1200 0       
99990865 14/03/2020 0000 -       
99990865 15/03/2020 1200 0       
99990865 16/03/2020 1200 0       
99990865 17/03/2020 1200 0       
99990865 18/03/2020 1200 0.6     
99990865 19/03/2020 1200 0       
99990865 20/03/2020 1200 0.2     
99990865 21/03/2020 1200 0       
99990865 22/03/2020 1200 0       
99990865 23/03/2020 1200 0       
99990865 24/03/2020 1200 0.0023735993863347855