99990844 07/02/2020 1200 0       
99990844 08/02/2020 1200 0       
99990844 09/02/2020 1200 0.2     
99990844 10/02/2020 1200 0.2     
99990844 11/02/2020 1200 0       
99990844 12/02/2020 1200 0       
99990844 13/02/2020 1200 0       
99990844 14/02/2020 1200 0       
99990844 15/02/2020 1200 0       
99990844 16/02/2020 1200 0       
99990844 17/02/2020 1200 0       
99990844 18/02/2020 1200 0       
99990844 19/02/2020 1200 0       
99990844 20/02/2020 1200 0       
99990844 21/02/2020 1200 0       
99990844 22/02/2020 1200 0       
99990844 23/02/2020 1200 0       
99990844 24/02/2020 1200 0       
99990844 25/02/2020 1200 5.4     
99990844 26/02/2020 1200 79.8    
99990844 27/02/2020 1200 0.2     
99990844 28/02/2020 1200 0.2     
99990844 29/02/2020 1200 0       
99990844 01/03/2020 1200 0       
99990844 02/03/2020 1200 0       
99990844 03/03/2020 1200 0       
99990844 04/03/2020 1200 7.8     
99990844 05/03/2020 1200 0.2     
99990844 06/03/2020 1200 0       
99990844 07/03/2020 1200 0       
99990844 08/03/2020 1200 0       
99990844 09/03/2020 1200 0       
99990844 10/03/2020 1200 0       
99990844 11/03/2020 1200 0       
99990844 12/03/2020 1200 0       
99990844 13/03/2020 1200 0       
99990844 14/03/2020 1200 0       
99990844 15/03/2020 1200 0       
99990844 16/03/2020 1200 0.2     
99990844 17/03/2020 1200 0       
99990844 18/03/2020 1200 0.8     
99990844 19/03/2020 1200 7.6     
99990844 20/03/2020 1200 0       
99990844 21/03/2020 1200 0       
99990844 22/03/2020 1200 0       
99990844 23/03/2020 1200 0       
99990844 24/03/2020 1200 0.0