00083842 07/02/2020 1200 3       
00083842 08/02/2020 1200 7       
00083842 09/02/2020 1200 0       
00083842 10/02/2020 1200 2       
00083842 11/02/2020 1200 0.4     
00083842 12/02/2020 1200 0.2     
00083842 13/02/2020 1200 0       
00083842 14/02/2020 1200 0       
00083842 15/02/2020 1200 0       
00083842 16/02/2020 1200 0       
00083842 17/02/2020 1200 0       
00083842 18/02/2020 1200 1       
00083842 19/02/2020 1200 11      
00083842 20/02/2020 1200 5       
00083842 21/02/2020 1200 0       
00083842 22/02/2020 1200 8       
00083842 23/02/2020 1200 0       
00083842 24/02/2020 1200 0       
00083842 25/02/2020 1200 0       
00083842 26/02/2020 1200 15      
00083842 27/02/2020 1200 13      
00083842 28/02/2020 1200 0       
00083842 29/02/2020 1200 0       
00083842 01/03/2020 1200 0       
00083842 02/03/2020 1200 0.2     
00083842 03/03/2020 1200 6       
00083842 04/03/2020 1200 0.1     
00083842 05/03/2020 1200 0       
00083842 06/03/2020 1200 0       
00083842 07/03/2020 1200 0       
00083842 08/03/2020 1200 0       
00083842 09/03/2020 1200 0       
00083842 10/03/2020 1200 0       
00083842 11/03/2020 1200 0       
00083842 12/03/2020 1200 0       
00083842 13/03/2020 1200 0       
00083842 14/03/2020 1200 0       
00083842 15/03/2020 1200 0       
00083842 16/03/2020 1200 0       
00083842 17/03/2020 1200 2       
00083842 18/03/2020 1200 0       
00083842 19/03/2020 1200 4       
00083842 20/03/2020 1200 0.5     
00083842 21/03/2020 1200 0       
00083842 22/03/2020 1200 0       
00083842 23/03/2020 1200 0       
00083842 24/03/2020 1200 1.4212315104447586