00083011 07/02/2020 1200 0       
00083011 08/02/2020 1200 0       
00083011 09/02/2020 1200 0       
00083011 10/02/2020 1200 0       
00083011 11/02/2020 1200 0       
00083011 12/02/2020 1200 0       
00083011 13/02/2020 1200 0       
00083011 14/02/2020 1200 0       
00083011 15/02/2020 1200 0       
00083011 16/02/2020 1200 0       
00083011 17/02/2020 1200 0       
00083011 18/02/2020 1200 0       
00083011 19/02/2020 1200 5       
00083011 20/02/2020 1200 6       
00083011 21/02/2020 1200 0       
00083011 22/02/2020 1200 6       
00083011 23/02/2020 1200 0       
00083011 24/02/2020 1200 0       
00083011 25/02/2020 1200 0       
00083011 26/02/2020 1200 12      
00083011 27/02/2020 1200 15      
00083011 28/02/2020 1200 0       
00083011 29/02/2020 1200 0       
00083011 01/03/2020 1200 0       
00083011 02/03/2020 1200 1       
00083011 03/03/2020 1200 1       
00083011 04/03/2020 1200 0       
00083011 05/03/2020 1200 0       
00083011 06/03/2020 1200 0       
00083011 07/03/2020 1200 0       
00083011 08/03/2020 1200 0       
00083011 09/03/2020 1200 0       
00083011 10/03/2020 1200 0       
00083011 11/03/2020 1200 0       
00083011 12/03/2020 1200 0       
00083011 13/03/2020 1200 0       
00083011 14/03/2020 1200 0       
00083011 15/03/2020 1200 0       
00083011 16/03/2020 1200 0       
00083011 17/03/2020 1200 6       
00083011 18/03/2020 1200 0       
00083011 19/03/2020 1200 7       
00083011 20/03/2020 1200 0       
00083011 21/03/2020 1200 0       
00083011 22/03/2020 1200 0       
00083011 23/03/2020 1200 0       
00083011 24/03/2020 1200 1.947387112375595