02549106 07/02/2020 1000 0.2     
02549106 08/02/2020 1000 0.2     
02549106 09/02/2020 1000 0       
02549106 10/02/2020 1000 7.2     
02549106 11/02/2020 1000 0       
02549106 12/02/2020 1000 0       
02549106 13/02/2020 1000 0       
02549106 14/02/2020 1000 0       
02549106 15/02/2020 1000 0       
02549106 16/02/2020 1000 0       
02549106 17/02/2020 1000 0       
02549106 18/02/2020 1000 0       
02549106 19/02/2020 1000 0       
02549106 20/02/2020 1000 17.2    
02549106 21/02/2020 1000 0       
02549106 22/02/2020 1000 20.8    
02549106 23/02/2020 1000 0.2     
02549106 24/02/2020 1000 0       
02549106 25/02/2020 1000 0       
02549106 26/02/2020 1000 13.6    
02549106 27/02/2020 1000 12      
02549106 28/02/2020 1000 0       
02549106 29/02/2020 1000 0       
02549106 01/03/2020 1000 0       
02549106 02/03/2020 1000 0       
02549106 03/03/2020 1000 4.8     
02549106 04/03/2020 1000 0       
02549106 05/03/2020 1000 0       
02549106 06/03/2020 1000 0       
02549106 07/03/2020 1000 0       
02549106 08/03/2020 1000 0       
02549106 09/03/2020 1000 0       
02549106 10/03/2020 1000 0       
02549106 11/03/2020 1000 0       
02549106 12/03/2020 1000 0       
02549106 13/03/2020 1000 0       
02549106 14/03/2020 1000 0       
02549106 15/03/2020 1000 0       
02549106 16/03/2020 1000 0.2     
02549106 17/03/2020 1000 0       
02549106 18/03/2020 1000 0       
02549106 19/03/2020 1000 35      
02549106 20/03/2020 1000 0.2     
02549106 21/03/2020 1000 0       
02549106 22/03/2020 1000 0       
02549106 23/03/2020 1000 0       
02549106 24/03/2020 1000 0.17620817125230698