02552055 07/02/2020 1000 2       
02552055 08/02/2020 1000 5       
02552055 09/02/2020 1000 32      
02552055 10/02/2020 1000 5       
02552055 11/02/2020 1000 0       
02552055 12/02/2020 1000 0       
02552055 13/02/2020 1000 0       
02552055 14/02/2020 1000 0       
02552055 15/02/2020 1000 0       
02552055 16/02/2020 1000 7       
02552055 17/02/2020 1000 0       
02552055 18/02/2020 1000 0       
02552055 19/02/2020 1000 11      
02552055 20/02/2020 1000 20      
02552055 21/02/2020 1000 3       
02552055 22/02/2020 1000 4       
02552055 23/02/2020 1000 0       
02552055 24/02/2020 1000 0       
02552055 25/02/2020 1000 0       
02552055 26/02/2020 1000 102     
02552055 27/02/2020 1000 1       
02552055 28/02/2020 1000 0       
02552055 29/02/2020 1000 0       
02552055 01/03/2020 1000 3       
02552055 02/03/2020 1000 0       
02552055 03/03/2020 1000 4       
02552055 04/03/2020 1000 6       
02552055 05/03/2020 1000 0       
02552055 06/03/2020 1000 0       
02552055 07/03/2020 1000 0       
02552055 08/03/2020 1000 4       
02552055 09/03/2020 1000 7       
02552055 10/03/2020 1000 2       
02552055 11/03/2020 1000 0       
02552055 12/03/2020 1000 0       
02552055 13/03/2020 1000 0       
02552055 14/03/2020 1000 0       
02552055 15/03/2020 1000 0       
02552055 16/03/2020 1000 0       
02552055 17/03/2020 1000 0       
02552055 18/03/2020 1000 0       
02552055 19/03/2020 1000 55      
02552055 20/03/2020 1000 0       
02552055 21/03/2020 0000 -       
02552055 22/03/2020 0000 -       
02552055 23/03/2020 0000 -       
02552055 24/03/2020 0000 -