02552062 07/02/2020 1000 0       
02552062 08/02/2020 1000 7.8     
02552062 09/02/2020 1000 0       
02552062 10/02/2020 1000 0       
02552062 11/02/2020 1000 0       
02552062 12/02/2020 1000 0       
02552062 13/02/2020 1000 0       
02552062 14/02/2020 1000 0       
02552062 15/02/2020 1000 0       
02552062 16/02/2020 1000 0       
02552062 17/02/2020 1000 0       
02552062 18/02/2020 1000 0       
02552062 19/02/2020 1000 0.2     
02552062 20/02/2020 1000 11      
02552062 21/02/2020 1000 0       
02552062 22/02/2020 1000 0       
02552062 23/02/2020 1000 0       
02552062 24/02/2020 1000 0       
02552062 25/02/2020 1000 0       
02552062 26/02/2020 1000 2.8     
02552062 27/02/2020 1000 0.2     
02552062 28/02/2020 1000 0       
02552062 29/02/2020 1000 0       
02552062 01/03/2020 1000 0       
02552062 02/03/2020 1000 0       
02552062 03/03/2020 1000 0.4     
02552062 04/03/2020 1000 0       
02552062 05/03/2020 1000 0       
02552062 06/03/2020 1000 0       
02552062 07/03/2020 1000 0       
02552062 08/03/2020 1000 2.2     
02552062 09/03/2020 1000 0       
02552062 10/03/2020 1000 0       
02552062 11/03/2020 1000 0       
02552062 12/03/2020 1000 0       
02552062 13/03/2020 1000 0       
02552062 14/03/2020 1000 0       
02552062 15/03/2020 1000 0       
02552062 16/03/2020 1000 0       
02552062 17/03/2020 1000 0       
02552062 18/03/2020 1000 0       
02552062 19/03/2020 1000 6       
02552062 20/03/2020 1000 0       
02552062 21/03/2020 1000 0       
02552062 22/03/2020 1000 0       
02552062 23/03/2020 1000 0       
02552062 24/03/2020 1000 0.0