02552030 07/02/2020 1000 0       
02552030 08/02/2020 1000 0       
02552030 09/02/2020 1000 0       
02552030 10/02/2020 1000 1       
02552030 11/02/2020 1000 5       
02552030 12/02/2020 1000 0       
02552030 13/02/2020 1000 0       
02552030 14/02/2020 1000 0       
02552030 15/02/2020 1000 0       
02552030 16/02/2020 1000 0       
02552030 17/02/2020 1000 0       
02552030 18/02/2020 1000 0       
02552030 19/02/2020 1000 47      
02552030 20/02/2020 1000 0       
02552030 21/02/2020 1000 0       
02552030 22/02/2020 1000 0       
02552030 23/02/2020 1000 0       
02552030 24/02/2020 1000 0       
02552030 25/02/2020 1000 0       
02552030 26/02/2020 1000 90      
02552030 27/02/2020 1000 0       
02552030 28/02/2020 1000 0       
02552030 29/02/2020 1000 0       
02552030 01/03/2020 1000 0       
02552030 02/03/2020 1000 0       
02552030 03/03/2020 1000 0       
02552030 04/03/2020 1000 0       
02552030 05/03/2020 1000 0       
02552030 06/03/2020 1000 0       
02552030 07/03/2020 1000 0       
02552030 08/03/2020 1000 3       
02552030 09/03/2020 1000 0       
02552030 10/03/2020 1000 0       
02552030 11/03/2020 1000 0       
02552030 12/03/2020 1000 0       
02552030 13/03/2020 1000 0       
02552030 14/03/2020 1000 0       
02552030 15/03/2020 1000 0       
02552030 16/03/2020 1000 0       
02552030 17/03/2020 1000 0       
02552030 18/03/2020 1000 13      
02552030 19/03/2020 1000 44      
02552030 20/03/2020 1000 13      
02552030 21/03/2020 1000 0       
02552030 22/03/2020 1000 0       
02552030 23/03/2020 1000 0       
02552030 24/03/2020 1000 0.0