02651057 07/02/2020 1000 0       
02651057 08/02/2020 1000 1.2     
02651057 09/02/2020 1000 0.2     
02651057 10/02/2020 1000 3.8     
02651057 11/02/2020 1000 0       
02651057 12/02/2020 1000 0       
02651057 13/02/2020 1000 0       
02651057 14/02/2020 1000 0       
02651057 15/02/2020 1000 0       
02651057 16/02/2020 1000 0       
02651057 17/02/2020 1000 0       
02651057 18/02/2020 1000 0.8     
02651057 19/02/2020 1000 0       
02651057 20/02/2020 1000 0       
02651057 21/02/2020 1000 0       
02651057 22/02/2020 1000 0       
02651057 23/02/2020 1000 0       
02651057 24/02/2020 1000 0       
02651057 25/02/2020 1000 9.6     
02651057 26/02/2020 1000 45.8    
02651057 27/02/2020 1000 0.6     
02651057 28/02/2020 1000 0       
02651057 29/02/2020 1000 0       
02651057 01/03/2020 1000 0       
02651057 02/03/2020 1000 0       
02651057 03/03/2020 1000 0       
02651057 04/03/2020 1000 0       
02651057 05/03/2020 1000 0       
02651057 06/03/2020 1000 0       
02651057 07/03/2020 1000 0       
02651057 08/03/2020 1000 6       
02651057 09/03/2020 1000 0       
02651057 10/03/2020 1000 0       
02651057 11/03/2020 1000 0       
02651057 12/03/2020 1000 0       
02651057 13/03/2020 1000 0       
02651057 14/03/2020 1000 0       
02651057 15/03/2020 1000 0       
02651057 16/03/2020 1000 0       
02651057 17/03/2020 1000 0       
02651057 18/03/2020 1000 0       
02651057 19/03/2020 1000 13.8    
02651057 20/03/2020 1000 0       
02651057 21/03/2020 1000 0       
02651057 22/03/2020 1000 0       
02651057 23/03/2020 1000 0       
02651057 24/03/2020 1000 0.006098437499449661