99990876 07/02/2020 1200 8.4     
99990876 08/02/2020 1200 0       
99990876 09/02/2020 1200 1.8     
99990876 10/02/2020 1200 3.8     
99990876 11/02/2020 1200 3.4     
99990876 12/02/2020 1200 0       
99990876 13/02/2020 1200 0       
99990876 14/02/2020 1200 0       
99990876 15/02/2020 1200 0       
99990876 16/02/2020 1200 2.8     
99990876 17/02/2020 1200 0.6     
99990876 18/02/2020 1200 0       
99990876 19/02/2020 1200 5       
99990876 20/02/2020 1200 0       
99990876 21/02/2020 1200 0       
99990876 22/02/2020 1200 0       
99990876 23/02/2020 1200 0       
99990876 24/02/2020 1200 0       
99990876 25/02/2020 1200 6       
99990876 26/02/2020 1200 52.8    
99990876 27/02/2020 1200 0.4     
99990876 28/02/2020 1200 0       
99990876 29/02/2020 1200 0       
99990876 01/03/2020 1200 0       
99990876 02/03/2020 1200 0       
99990876 03/03/2020 1200 0       
99990876 04/03/2020 1200 0       
99990876 05/03/2020 1200 0       
99990876 06/03/2020 1200 0       
99990876 07/03/2020 1200 0       
99990876 08/03/2020 1200 0       
99990876 09/03/2020 1200 0       
99990876 10/03/2020 1200 0       
99990876 11/03/2020 1200 0       
99990876 12/03/2020 1200 0       
99990876 13/03/2020 1200 0       
99990876 14/03/2020 1200 0       
99990876 15/03/2020 1200 0       
99990876 16/03/2020 1200 0       
99990876 17/03/2020 1200 0       
99990876 18/03/2020 1200 6.2     
99990876 19/03/2020 1200 23.4    
99990876 20/03/2020 1200 0       
99990876 21/03/2020 1200 0       
99990876 22/03/2020 1200 0       
99990876 23/03/2020 1200 0       
99990876 24/03/2020 1200 0.00013219499928731026