99990874 07/02/2020 1200 1.2     
99990874 08/02/2020 1200 2.4     
99990874 09/02/2020 1200 0       
99990874 10/02/2020 1200 4.2     
99990874 11/02/2020 1200 0.2     
99990874 12/02/2020 1200 0       
99990874 13/02/2020 1200 0       
99990874 14/02/2020 1200 0       
99990874 15/02/2020 1200 0       
99990874 16/02/2020 1200 0       
99990874 17/02/2020 1200 0       
99990874 18/02/2020 1200 0       
99990874 19/02/2020 1200 0       
99990874 20/02/2020 1200 2.8     
99990874 21/02/2020 1200 0       
99990874 22/02/2020 1200 0.6     
99990874 23/02/2020 1200 0       
99990874 24/02/2020 1200 0       
99990874 25/02/2020 1200 9.2     
99990874 26/02/2020 1200 22.8    
99990874 27/02/2020 1200 1       
99990874 28/02/2020 1200 0.2     
99990874 29/02/2020 1200 0       
99990874 01/03/2020 1200 0       
99990874 02/03/2020 1200 0.2     
99990874 03/03/2020 1200 6.8     
99990874 04/03/2020 1200 0.4     
99990874 05/03/2020 1200 0       
99990874 06/03/2020 1200 0       
99990874 07/03/2020 1200 0       
99990874 08/03/2020 1200 0       
99990874 09/03/2020 1200 0       
99990874 10/03/2020 1200 0       
99990874 11/03/2020 1200 0       
99990874 12/03/2020 1200 0       
99990874 13/03/2020 1200 0       
99990874 14/03/2020 1200 0       
99990874 15/03/2020 1200 0.2     
99990874 16/03/2020 1200 0       
99990874 17/03/2020 1200 0.4     
99990874 18/03/2020 1200 0       
99990874 19/03/2020 1200 9       
99990874 20/03/2020 1200 0.2     
99990874 21/03/2020 1200 0       
99990874 22/03/2020 1200 0       
99990874 23/03/2020 1200 0       
99990874 24/03/2020 1200 0.1919721874966704