99999806 07/02/2020 1200 2.6     
99999806 08/02/2020 1200 11.8    
99999806 09/02/2020 1200 0       
99999806 10/02/2020 1200 25.4    
99999806 11/02/2020 1200 3.4     
99999806 12/02/2020 1200 0.2     
99999806 13/02/2020 1200 0       
99999806 14/02/2020 1200 0.4     
99999806 15/02/2020 1200 0.2     
99999806 16/02/2020 1200 0       
99999806 17/02/2020 1200 0       
99999806 18/02/2020 1200 0       
99999806 19/02/2020 1200 0.8     
99999806 20/02/2020 1200 3.8     
99999806 21/02/2020 1200 0.2     
99999806 22/02/2020 1200 13.2    
99999806 23/02/2020 1200 0.4     
99999806 24/02/2020 1200 0.2     
99999806 25/02/2020 1200 0       
99999806 26/02/2020 1200 10.2    
99999806 27/02/2020 1200 23.8    
99999806 28/02/2020 1200 0.2     
99999806 29/02/2020 1200 0       
99999806 01/03/2020 1200 0.2     
99999806 02/03/2020 1200 2.8     
99999806 03/03/2020 1200 3       
99999806 04/03/2020 1200 0.2     
99999806 05/03/2020 1200 0.2     
99999806 06/03/2020 1200 0       
99999806 07/03/2020 1200 0       
99999806 08/03/2020 1200 0       
99999806 09/03/2020 1200 0       
99999806 10/03/2020 1200 0       
99999806 11/03/2020 1200 0.2     
99999806 12/03/2020 1200 0       
99999806 13/03/2020 1200 0       
99999806 14/03/2020 1200 0.2     
99999806 15/03/2020 1200 0       
99999806 16/03/2020 1200 0       
99999806 17/03/2020 1200 13.2    
99999806 18/03/2020 1200 0.4     
99999806 19/03/2020 1200 3.4     
99999806 20/03/2020 1200 5       
99999806 21/03/2020 1200 0       
99999806 22/03/2020 1200 0       
99999806 23/03/2020 1200 0       
99999806 24/03/2020 1200 2.80484855621928