99990807 07/02/2020 1200 2.8     
99990807 08/02/2020 1200 7.2     
99990807 09/02/2020 1200 0       
99990807 10/02/2020 1200 22.8    
99990807 11/02/2020 1200 0.4     
99990807 12/02/2020 1200 0.2     
99990807 13/02/2020 1200 0       
99990807 14/02/2020 1200 0       
99990807 15/02/2020 1200 0       
99990807 16/02/2020 1200 0       
99990807 17/02/2020 1200 0       
99990807 18/02/2020 1200 1.2     
99990807 19/02/2020 1200 11.2    
99990807 20/02/2020 1200 6       
99990807 21/02/2020 1200 0       
99990807 22/02/2020 1200 8.4     
99990807 23/02/2020 1200 0.4     
99990807 24/02/2020 1200 0       
99990807 25/02/2020 1200 0       
99990807 26/02/2020 1200 15      
99990807 27/02/2020 1200 12      
99990807 28/02/2020 1200 0.2     
99990807 29/02/2020 1200 0       
99990807 01/03/2020 1200 0       
99990807 02/03/2020 1200 2.4     
99990807 03/03/2020 1200 5       
99990807 04/03/2020 1200 0       
99990807 05/03/2020 1200 0.2     
99990807 06/03/2020 1200 0.2     
99990807 07/03/2020 1200 0       
99990807 08/03/2020 1200 0       
99990807 09/03/2020 1200 0       
99990807 10/03/2020 1200 0       
99990807 11/03/2020 1200 0       
99990807 12/03/2020 1200 0       
99990807 13/03/2020 1200 0       
99990807 14/03/2020 1200 0       
99990807 15/03/2020 1200 0       
99990807 16/03/2020 1200 0       
99990807 17/03/2020 1200 1.4     
99990807 18/03/2020 1200 0       
99990807 19/03/2020 1200 3.8     
99990807 20/03/2020 1200 0.4     
99990807 21/03/2020 1200 0       
99990807 22/03/2020 1200 0       
99990807 23/03/2020 1200 0       
99990807 24/03/2020 1200 1.2764475900014551