ONS-Operador Nacional Do Sistema Eletrico
Modelo Computacional SMAP
Versao: 3.0.0 Data: 23/09/2019

Iniciando execucao: 27-01-2020 13:09:24

Parametros
   Amplitude inicial: 0.5
   somacoef alvo: 2 (nao e necessario multiplicar por 100)
   Limite de iteracoes: 10000
   Particulas: 24
   Pulso inicial: 0.1
   Uso de pesos: on
   Gerar graficos: off
   Semente: 9952

Sub bacia: CanoasI
cef: 0.99269415
dm: 0.01460784
ebin: 56.729434
mape: 0.012649643
*somacoef: 1.9800445
supin: 29.183484
Iteracoes: 10000
Iteracao otima: 9628
Tempo: 9.195 s

Qcal
[34](0,0,0,85.912919,79.745299,74.820095,70.881074,67.724864,65.19005,63.148515,63.108973,67.662923,84.677492,93.481131,97.669164,112.30541,130.95674,124.6632,111.15623,106.13488,116.03435,133.41313,138.51257,126.95977,122.94833,115.72517,106.31434,96.343122,87.78094,80.954804,75.537997,79.640016,85.750532,82.771382)
Rsolo
[34](0,0,333.18,329.62775,326.0348,322.48102,318.96598,315.48925,311.88636,310.82059,311.76913,316.50882,320.01609,322.70624,327.85102,334.01648,335.59173,333.94384,334.64562,338.79802,344.41511,348.22588,345.02862,346.06027,345.01324,343.60383,341.52782,338.43048,334.56561,331.73306,333.03459,335.13648,334.65953,330.83771)
Rsub
[34](0,0,139.96283,139.59994,139.23801,138.877,138.51694,138.15781,137.79961,137.44234,137.08599,136.73057,136.37607,136.02249,135.66982,135.31807,134.96724,134.61731,134.26829,133.92017,133.57296,133.34796,135.95584,136.17646,137.15985,137.366,137.00985,136.65463,136.30032,135.94694,135.59447,135.24292,134.89227,134.54254)
Rsup
[34](0,0,0.904886,0.71820849,0.57004246,0.452443,0.35910425,0.28502123,0.2262215,0.22948548,0.37516725,0.90720111,1.1846289,1.31893,1.7771851,2.3599234,2.16919,1.7547801,1.6034707,1.9147963,2.4580202,2.618965,2.2279749,2.1008205,1.8644949,1.5701044,1.2654049,1.0043834,0.79717967,0.63366308,0.7652832,0.95916884,0.87120173,0.69147327)
Peso chuva 
[34](0.5,0.75612295,2,1.9345067,1.9689036,0.5,2,1.9995448,0.58781621,2,2,0.81051959,0.5501694,0.87968118,0.78259582,0.76206744,0.91266115,0.55573173,1.2076398,1.0703397,1.1417967,2,2,1.0148107,1.0165484,2,2,0.86740581,0.5,0.5,1.0024282,1.4303322,2,1)
Previsao ETA40_LIMITES
[13] (0,0.10444444,3.3033333,4.3955556,19.218889,26.334444,7.8844444,0.16222222,0.035555556,3.9388889,6.5377778,6.5377778,6.5377778)
Previsao PMEDIA_ORIG
[13] (0,0.1,2.4,3.1,7.4,18.2,6.9,8,1.9,2.1,4.5,6.1,5.0583333)
Previsao PRECMEDIA_ETA40.GEFS
[13] (0,0.16,2.66,3.35,11.43,14.37,7.69,8.07,2.25,2.08,5.206,5.206,5.206)
Previsao PRECZERADA_ETA40
[13] (0,0,0,0,0,0,0,0,0,0,0,0,0)


Sub bacia: Capivara
cef: 0.99098798
dm: 0.027127435
ebin: 132.4596
mape: 0.025586737
*somacoef: 1.9654012
supin: 107.83331
Iteracoes: 10000
Iteracao otima: 9977
Tempo: 8.593 s

Qcal
[33](0,0,240.2929,208.31517,185.92325,170.13957,158.89277,150.7537,144.71176,157.84367,151.87648,176.0119,254.96181,290.72165,303.51209,347.00259,398.53647,504.51345,519.84487,436.20032,434.12437,371.39828,302.85529,255.23877,222.13002,199.89237,183.38117,171.65582,163.15275,161.46282,173.47142,199.75566,199.60252)
Rsolo
[33](0,78.4624,74.967229,71.973643,69.302242,66.924568,64.559398,62.50527,62.348472,61.243511,62.159279,66.629526,69.819626,72.074773,75.674508,79.635651,85.170602,88.17212,86.675933,88.078519,86.276513,82.531643,79.114242,76.048386,73.606271,70.934987,68.063964,65.45056,64.346749,64.128627,65.2855,65.007913,62.655623)
Rsub
[33](0,62.623052,63.088332,63.322048,63.372564,63.271579,63.045389,62.703591,62.294902,61.888877,61.485498,61.084748,60.857764,60.801642,60.874511,61.167475,61.722918,62.682211,63.874759,64.938515,66.108691,67.126128,67.850399,68.326184,68.594564,68.708189,68.663596,68.461555,68.12762,67.742566,67.3497,67.01493,66.66884)
Rsup
[33](0,1.0870388,0.75475883,0.52404835,0.36386017,0.25263742,0.17541262,0.12179347,0.26288715,0.21139097,0.46329484,1.2677128,1.6330381,1.7631719,2.2000342,2.7132867,3.7697688,3.9038661,3.0352394,2.9916303,2.334354,1.621696,1.1262431,0.78233772,0.55244326,0.38357548,0.26632626,0.18491714,0.17500174,0.30426764,0.57760897,0.58320343,0.40493306)
Peso chuva 
[33](0.5,2,0.57931845,1.8661116,1.6343838,1.8875615,1.7592647,1.4107393,1.8621509,0.5,0.81212682,1.4473662,1.6640618,0.80175696,0.79366881,0.71015557,1.9763434,2,0.73085587,1.17356,0.88540755,1.0829778,0.78992649,0.57330046,0.80578913,2,0.5,1.5030496,2,1.5653696,1.6360933,2,1)
Previsao ETA40_LIMITES
[13] (0,0.252,3.3533333,5.276,22.278667,24.646,2.1886667,1.6093333,0.136,5.4566667,6.5196667,6.5196667,6.5196667)
Previsao PMEDIA_ORIG
[13] (0.3,1,1.3,4.7,10.7,13.5,11.4,12.2,3.1,3.1,5.6,7.3,6.1833333)
Previsao PRECMEDIA_ETA40.GEFS
[13] (0.33,0.68,1.87,3.17,10.57,14.09,11.05,10.85,4.21,3.19,6.001,6.001,6.001)
Previsao PRECZERADA_ETA40
[13] (0,0,0,0,0,0,0,0,0,0,0,0,0)


Sub bacia: Chavantes
cef: 0.99038074
dm: 0.018714597
ebin: 57.801313
mape: 0.016053222
*somacoef: 1.9743275
supin: 15.163394
Iteracoes: 10000
Iteracao otima: 9797
Tempo: 8.335 s

Qcal
[34](0,0,0,72.964707,68.030976,64.530277,62.056782,60.301251,59.03451,58.100626,60.547743,91.098501,87.338153,77.31568,70.413285,70.996189,72.043862,79.780887,80.359366,91.845758,133.84124,130.08982,125.5955,102.71569,87.074961,81.145526,76.710296,69.067778,63.800372,60.14925,57.59811,57.60132,57.010061,55.959998)
Rsolo
[34](0,0,140.0684,136.87961,134.03561,131.67882,129.05431,126.40522,123.85071,123.35277,128.18259,128.6965,126.97989,125.27903,125.2763,125.49005,127.37308,128.19548,131.12272,137.79009,140.46298,142.52122,139.20672,136.81525,136.45922,136.06931,133.24371,130.70435,128.04202,125.82207,124.91465,123.83063,122.49848,119.85898)
Rsub
[34](0,0,126.4366,126.24534,125.80063,125.2976,124.79658,124.29757,123.80055,123.30552,122.81247,122.32139,121.83227,121.34511,120.8599,120.37663,119.89529,119.41587,118.93838,118.46279,118.12061,117.99486,118.04073,117.81322,117.39721,116.95522,116.48756,116.02177,115.55785,115.09577,114.63555,114.17717,113.72062,113.26589)
Rsup
[34](0,0,0.41498039,0.28235058,0.19210993,0.13071063,0.088934861,0.060510835,0.04117127,0.11433551,0.95659437,0.85982793,0.59165979,0.40885514,0.43087817,0.46559637,0.68335959,0.70518898,1.025514,2.180765,2.08238,1.960956,1.3342247,0.90902736,0.75195976,0.6361095,0.43280572,0.29447885,0.20036194,0.13632526,0.14217103,0.13172478,0.1086994,0.073958527)
Peso chuva 
[34](0.5,1.0173122,0.71715865,0.5189394,0.5,2,0.54613732,0.5,0.5,0.75935958,0.8408375,0.54686873,0.5,0.5,1.3149953,0.52893732,0.5,0.5,1.171591,1.6256155,0.58051685,0.91240923,0.5,0.5,0.67473561,0.86860941,0.5,1.7276951,1.9924377,0.5,0.56577812,0.5,1.2888388,1)
Previsao ETA40_LIMITES
[13] (0,0,3.315,5.8425,23.23,26.3675,3.245,0.595,0.14,5.6475,6.83825,6.83825,6.83825)
Previsao PMEDIA_ORIG
[13] (0.1,0.2,2.1,2.9,12.1,16.1,8.6,7.9,1.5,1.7,5.4,6.5,5.425)
Previsao PRECMEDIA_ETA40.GEFS
[13] (0.17,0.32,2.22,3.37,12.84,15.83,11.19,8.95,2.63,2.11,5.963,5.963,5.963)
Previsao PRECZERADA_ETA40
[13] (0,0,0,0,0,0,0,0,0,0,0,0,0)


Sub bacia: Jurumirim
cef: 0.98942921
dm: 0.016628397
ebin: 54.450707
mape: 0.012835967
*somacoef: 1.9765932
supin: 156.00957
Iteracoes: 10000
Iteracao otima: 9983
Tempo: 8.605 s

Qcal
[34](0,0,0,210.46027,176.25614,150.48499,130.99787,116.24899,105.06532,96.561459,92.469867,104.19586,123.98773,154.34691,161.58904,155.00208,138.11838,134.52357,150.2061,203.25595,221.49242,203.34677,189.12975,178.26018,164.70191,155.61607,155.62172,166.64351,165.63566,150.18131,138.41383,129.40076,122.47005,121.64853)
Rsolo
[34](0,0,69.18,65.168874,61.187095,57.733885,54.702715,52.040615,49.52657,48.389813,49.714401,52.137194,55.604793,57.170236,57.061446,55.071257,54.72338,56.639156,61.256266,63.693182,62.744608,61.799476,60.907321,59.214177,57.859632,57.733609,58.877822,58.738352,55.607723,52.71879,50.306165,48.302666,47.53241,45.427036)
Rsub
[34](0,0,33.895128,36.118847,37.897951,39.273494,40.32816,41.123644,41.708937,42.111114,42.433922,42.843343,43.422428,44.266524,45.234275,46.185297,46.964796,47.710438,48.606704,49.905647,51.429338,52.848273,54.165541,55.388787,56.448244,57.380512,58.294682,59.301683,60.288539,61.002028,61.483623,61.7863,61.950739,62.063974)
Rsup
[34](0,0,3.1114351,2.3580268,1.7870502,1.3543308,1.0263908,0.77785877,0.58950671,0.49501927,0.71853861,1.1001479,1.6870744,1.8044665,1.6420915,1.2748957,1.178227,1.467108,2.4964121,2.8185016,2.4077898,2.0787864,1.8198015,1.5102057,1.2950552,1.2652992,1.4558275,1.4034639,1.0636268,0.80607837,0.61089317,0.46297045,0.44131783,0.33445637)
Peso chuva 
[34](1.8985829,2,0.52299506,0.5,0.50375755,2,0.5,0.85274542,0.5,2,1.3129384,1.2862234,1.0651365,0.80127274,1.4936051,0.5,0.82431922,0.94311628,1.1631895,0.96499154,0.60403525,1.3113158,1.0728269,0.81869151,1.7723197,2,2,1.2418585,0.5,0.5,0.5,0.5,1.6590634,1)
Previsao ETA40_LIMITES
[13] (0.021,0.028,7.998,6.98,17.657,23.999,8.163,0.021,0.126,2.919,6.7912,6.7912,6.7912)
Previsao PMEDIA_ORIG
[13] (0,0.2,2.1,3.1,10.6,13.9,10.3,6.3,1.6,1.2,5.1,8.5,5.2416667)
Previsao PRECMEDIA_ETA40.GEFS
[13] (0.15,0.35,3.89,4.16,13.46,15.87,12.3,7.58,2.14,1.31,6.121,6.121,6.121)
Previsao PRECZERADA_ETA40
[13] (0,0,0,0,0,0,0,0,0,0,0,0,0)


Sub bacia: Maua
cef: 0.94568998
dm: 0.074643803
ebin: 40.008
mape: 0.051206637
*somacoef: 1.8944833
supin: 183.91069
Iteracoes: 10000
Iteracao otima: 6735
Tempo: 9.125 s

Qcal
[34](0,0,0,223.91869,209.59144,196.39866,184.24765,173.04882,162.72154,160.5422,179.32769,168.7406,158.99073,150.01217,141.72683,139.58793,132.39552,125.99106,129.21719,148.1581,185.90555,175.34625,165.46205,156.36165,156.80191,148.62498,140.93923,133.82636,127.23341,121.11643,115.53364,110.27142,105.38891,100.84163)
Rsolo
[34](0,0,139.7466,135.45767,131.42726,127.5248,123.77761,120.27972,121.711,127.85433,124.64134,121.25058,118.59739,115.45483,116.42544,114.40763,112.70928,115.35807,121.64855,130.33717,127.75002,124.42484,121.64728,123.50353,121.13295,117.83352,114.52436,111.3382,108.27058,106.30794,104.00727,101.3328,98.659202,96.073034)
Rsub
[34](0,0,19.542127,20.182418,20.727337,21.186833,21.567675,21.876721,22.121961,22.388728,22.761837,23.072444,23.320415,23.521015,23.668505,23.829769,23.957246,24.057047,24.196848,24.438711,24.834757,25.177847,25.45686,25.684228,25.941176,26.154192,26.309702,26.410518,26.461425,26.466841,26.444508,26.391015,26.303023,26.182452)
Rsup
[34](0,0,12.134532,11.102722,10.158647,9.2948475,8.5044979,7.7813525,7.604431,8.8078736,8.0589318,7.3736733,6.7477668,6.1739979,6.0129491,5.5166063,5.0768169,5.2761978,6.5070452,8.9649727,8.2147661,7.5162568,6.8781181,6.8764539,6.3022267,5.7663425,5.276025,4.8273996,4.4169213,4.0478342,3.7036466,3.3887221,3.1005759,2.836931)
Peso chuva 
[34](0.5,0.60864025,2,0.5,0.5,0.5,0.5,0.5,2,2,0.5,0.5,0.5,0.5,0.5,0.5,0.5,0.5,1.1818888,1.0408013,0.5,0.5,0.5,0.5,0.5,0.5,0.5,0.5,0.5,0.5,0.5,0.5,0.5,1)
Previsao ETA40_LIMITES
[13] (1.119,5.279,2.746,6.46,22.931,17.259,2.826,0.498,0.246,5.518,6.4882,6.4882,6.4882)
Previsao PMEDIA_ORIG
[13] (1.5,2.5,1.4,1.7,9,13.2,25.2,6.9,1.8,2.4,5.7,5.5,6.4)
Previsao PRECMEDIA_ETA40.GEFS
[13] (1.48,4.14,2.12,3.15,11.55,14.09,19.98,8.84,3.25,2.7,7.13,7.13,7.13)
Previsao PRECZERADA_ETA40
[13] (0,0,0,0,0,0,0,0,0,0,0,0,0)


Sub bacia: Rosana
cef: 0.98455319
dm: 0.02268181
ebin: 130.05959
mape: 0.016609049
*somacoef: 1.9679441
supin: 95.629507
Iteracoes: 10000
Iteracao otima: 9672
Tempo: 8.659 s

Qcal
[34](0,0,0,225.6891,178.9373,155.96061,144.81836,157.01881,156.36976,146.95407,167.90481,220.91587,232.09824,261.61162,220.26659,238.50093,340.21893,315.00752,303.34855,295.17524,257.32597,275.34383,247.70291,213.68099,196.65968,192.98122,186.20189,169.78463,161.9462,158.34601,156.81582,163.40074,166.60874,161.6593)
Rsolo
[34](0,0,188.1395,182.36357,176.93111,172.011,170.96788,168.86909,165.4808,166.13172,170.52821,173.41906,177.80705,176.91157,179.77056,187.55493,190.64163,193.49192,195.9145,195.60774,197.96961,197.42258,194.6428,191.96436,190.04592,187.48968,182.03952,176.86581,171.8353,167.49249,165.27071,163.11003,159.45151,155.35427)
Rsub
[34](0,0,252.3356,254.39789,256.20358,257.77788,259.15084,260.47921,261.72288,262.83525,263.96883,265.26677,266.67459,268.25577,269.79591,271.44975,273.43325,275.54908,277.789,280.13518,282.46052,284.89061,287.28806,289.54867,291.67987,293.71835,295.63732,297.31505,298.77287,300.02542,301.10722,302.10274,303.01599,303.79546)
Rsup
[34](0,0,1.0274048,0.5137024,0.2568512,0.1284256,0.25189962,0.23757064,0.12952538,0.34845199,0.91170424,1.0246557,1.3339398,0.88098969,1.0683636,2.1520225,1.8701777,1.733202,1.6329877,1.2133585,1.3940585,1.0836391,0.70484537,0.50945722,0.45813576,0.37401329,0.18700664,0.093503322,0.046751661,0.023375831,0.088131159,0.11708394,0.058851954,0.029425977)
Peso chuva 
[34](2,1.9675638,1.984821,0.51562712,1.996895,0.5,2,2,2,2,1.7953213,1.1070598,1.4322036,1.3070503,1.5754142,1.0955155,0.83605184,1.0580333,1.2959683,2,1.0086607,0.70041818,1.0946441,1.6589516,1.3586535,1.8328443,0.5,0.5,0.5,0.5,0.62817702,0.6234192,0.5,1)
Previsao ETA40_LIMITES
[13] (0,1.05375,1.7575,7.41875,16.01375,20.865,0.8425,0.17375,0,13.10125,6.122625,6.122625,6.122625)
Previsao PMEDIA_ORIG
[13] (0,0.2,1.1,4.1,5.3,11,8.8,8.9,5.3,4.7,5.1,6.6,5.0916667)
Previsao PRECMEDIA_ETA40.GEFS
[13] (0.06,0.48,1.27,4.75,8.86,13.72,7.23,9.27,5.26,4.04,5.494,5.494,5.494)
Previsao PRECZERADA_ETA40
[13] (0,0,0,0,0,0,0,0,0,0,0,0,0)


Tempo de execucao em: 53 s

Finalizando execucao: 27-01-2020 13:10:17

