01948001 29/12/2019 1000 0.8     
01948001 30/12/2019 1000 0       
01948001 31/12/2019 1000 0       
01948001 01/01/2020 1000 0       
01948001 02/01/2020 1000 1       
01948001 03/01/2020 1000 10.6    
01948001 04/01/2020 1000 22.8    
01948001 05/01/2020 1000 23.2    
01948001 06/01/2020 1000 1.6     
01948001 07/01/2020 1000 0       
01948001 08/01/2020 1000 2.6     
01948001 09/01/2020 1000 4.6     
01948001 10/01/2020 1000 0       
01948001 11/01/2020 1000 0.2     
01948001 12/01/2020 1000 0       
01948001 13/01/2020 1000 0       
01948001 14/01/2020 1000 0.4     
01948001 15/01/2020 1000 0.2     
01948001 16/01/2020 1000 0       
01948001 17/01/2020 1000 0       
01948001 18/01/2020 1000 25      
01948001 19/01/2020 1000 26.8    
01948001 20/01/2020 1000 1       
01948001 21/01/2020 1000 16.6    
01948001 22/01/2020 1000 0.2     
01948001 23/01/2020 1000 5       
01948001 24/01/2020 1000 31.2    
01948001 25/01/2020 1000 64.2    
01948001 26/01/2020 1000 0.2     
01948001 27/01/2020 1000 0       
01948001 28/01/2020 1000 0       
01948001 29/01/2020 1000 6.4     
01948001 30/01/2020 1000 0.6     
01948001 31/01/2020 1000 2       
01948001 01/02/2020 1000 0.2     
01948001 02/02/2020 1000 13.8    
01948001 03/02/2020 1000 0.2     
01948001 04/02/2020 1000 7.8     
01948001 05/02/2020 1000 30.4    
01948001 06/02/2020 1000 4.8     
01948001 07/02/2020 1000 27      
01948001 08/02/2020 1000 0.2     
01948001 09/02/2020 1000 1.8     
01948001 10/02/2020 1000 3.2     
01948001 11/02/2020 1000 6       
01948001 12/02/2020 1000 3.2     
