02046031 29/12/2019 1000 0       
02046031 30/12/2019 1000 0       
02046031 31/12/2019 1000 0       
02046031 01/01/2020 1000 0       
02046031 02/01/2020 1000 2.4     
02046031 03/01/2020 1000 55      
02046031 04/01/2020 1000 20.4    
02046031 05/01/2020 1000 25.6    
02046031 06/01/2020 1000 0.2     
02046031 07/01/2020 1000 2.2     
02046031 08/01/2020 1000 14.8    
02046031 09/01/2020 1000 20.2    
02046031 10/01/2020 1000 3.8     
02046031 11/01/2020 1000 0       
02046031 12/01/2020 1000 1       
02046031 13/01/2020 1000 3.8     
02046031 14/01/2020 1000 0       
02046031 15/01/2020 1000 0       
02046031 16/01/2020 1000 0       
02046031 17/01/2020 1000 0.6     
02046031 18/01/2020 1000 0       
02046031 19/01/2020 1000 1       
02046031 20/01/2020 1000 21.6    
02046031 21/01/2020 1000 5.8     
02046031 22/01/2020 1000 18.6    
02046031 23/01/2020 1000 9.2     
02046031 24/01/2020 1000 83.2    
02046031 25/01/2020 1000 14      
02046031 26/01/2020 1000 0       
02046031 27/01/2020 1000 0       
02046031 28/01/2020 1000 0       
02046031 29/01/2020 1000 15.2    
02046031 30/01/2020 1000 2.4     
02046031 31/01/2020 1000 16.2    
02046031 01/02/2020 1000 0       
02046031 02/02/2020 1000 0       
02046031 03/02/2020 1000 0       
02046031 04/02/2020 1000 8       
02046031 05/02/2020 1000 3       
02046031 06/02/2020 1000 21.4    
02046031 07/02/2020 1000 13.2    
02046031 08/02/2020 1000 1.2     
02046031 09/02/2020 1000 0       
02046031 10/02/2020 1000 0.4     
02046031 11/02/2020 1000 23.6    
02046031 12/02/2020 1000 11.2    
