02043064 29/12/2019 1000 0       
02043064 30/12/2019 1000 0       
02043064 31/12/2019 1000 0       
02043064 01/01/2020 1000 0       
02043064 02/01/2020 1000 53      
02043064 03/01/2020 1000 13.5    
02043064 04/01/2020 1000 21      
02043064 05/01/2020 1000 8       
02043064 06/01/2020 1000 7.5     
02043064 07/01/2020 1000 0       
02043064 08/01/2020 1000 0.5     
02043064 09/01/2020 1000 8.5     
02043064 10/01/2020 1000 0       
02043064 11/01/2020 1000 16.5    
02043064 12/01/2020 1000 0       
02043064 13/01/2020 1000 19      
02043064 14/01/2020 1000 39.5    
02043064 15/01/2020 1000 0       
02043064 16/01/2020 1000 0       
02043064 17/01/2020 1000 16      
02043064 18/01/2020 1000 11      
02043064 19/01/2020 1000 0       
02043064 20/01/2020 1000 30      
02043064 21/01/2020 1000 15      
02043064 22/01/2020 1000 0       
02043064 23/01/2020 1000 30      
02043064 24/01/2020 1000 78      
02043064 25/01/2020 1000 44      
02043064 26/01/2020 1000 4       
02043064 27/01/2020 1000 0       
02043064 28/01/2020 1000 0       
02043064 29/01/2020 1000 44.5    
02043064 30/01/2020 1000 13      
02043064 31/01/2020 1000 5       
02043064 01/02/2020 1000 0       
02043064 02/02/2020 1000 4       
02043064 03/02/2020 1000 15      
02043064 04/02/2020 1000 0       
02043064 05/02/2020 1000 0       
02043064 06/02/2020 1000 5       
02043064 07/02/2020 1000 20.5    
02043064 08/02/2020 1000 0       
02043064 09/02/2020 1000 17.5    
02043064 10/02/2020 1000 0       
02043064 11/02/2020 1000 10.5    
02043064 12/02/2020 1000 5       
