02049070 29/12/2019 1000 1       
02049070 30/12/2019 1000 1       
02049070 31/12/2019 1000 0.2     
02049070 01/01/2020 1000 0       
02049070 02/01/2020 1000 0       
02049070 03/01/2020 1000 21.4    
02049070 04/01/2020 1000 9.2     
02049070 05/01/2020 1000 18.6    
02049070 06/01/2020 1000 6.2     
02049070 07/01/2020 1000 4.4     
02049070 08/01/2020 1000 1.2     
02049070 09/01/2020 1000 0.4     
02049070 10/01/2020 1000 22.2    
02049070 11/01/2020 1000 0       
02049070 12/01/2020 1000 0       
02049070 13/01/2020 1000 8       
02049070 14/01/2020 1000 0       
02049070 15/01/2020 1000 0       
02049070 16/01/2020 1000 0       
02049070 17/01/2020 1000 0       
02049070 18/01/2020 1000 49.8    
02049070 19/01/2020 1000 0.8     
02049070 20/01/2020 1000 0.2     
02049070 21/01/2020 1000 19.4    
02049070 22/01/2020 1000 1.4     
02049070 23/01/2020 1000 18.8    
02049070 24/01/2020 1000 42.6    
02049070 25/01/2020 1000 2.2     
02049070 26/01/2020 1000 0       
02049070 27/01/2020 1000 0       
02049070 28/01/2020 1000 0       
02049070 29/01/2020 1000 0       
02049070 30/01/2020 1000 0       
02049070 31/01/2020 1000 41.8    
02049070 01/02/2020 1000 0.2     
02049070 02/02/2020 1000 0       
02049070 03/02/2020 1000 0       
02049070 04/02/2020 1000 24.2    
02049070 05/02/2020 1000 39.6    
02049070 06/02/2020 1000 0.6     
02049070 07/02/2020 1000 22      
02049070 08/02/2020 1000 0.4     
02049070 09/02/2020 1000 2       
02049070 10/02/2020 1000 4.8     
02049070 11/02/2020 1000 6.6     
02049070 12/02/2020 1000 4.2     
