02045021 29/12/2019 1000 0       
02045021 30/12/2019 1000 0       
02045021 31/12/2019 1000 0       
02045021 01/01/2020 1000 0       
02045021 02/01/2020 1000 0.2     
02045021 03/01/2020 1000 4.2     
02045021 04/01/2020 1000 18.2    
02045021 05/01/2020 1000 1.4     
02045021 06/01/2020 1000 0.8     
02045021 07/01/2020 1000 1       
02045021 08/01/2020 1000 0.6     
02045021 09/01/2020 1000 4       
02045021 10/01/2020 1000 0.2     
02045021 11/01/2020 1000 3.6     
02045021 12/01/2020 1000 0       
02045021 13/01/2020 1000 0       
02045021 14/01/2020 1000 0       
02045021 15/01/2020 1000 0       
02045021 16/01/2020 1000 0       
02045021 17/01/2020 1000 7.4     
02045021 18/01/2020 1000 21.4    
02045021 19/01/2020 1000 0.4     
02045021 20/01/2020 1000 3.4     
02045021 21/01/2020 1000 19.6    
02045021 22/01/2020 1000 0       
02045021 23/01/2020 1000 22.2    
02045021 24/01/2020 1000 78.4    
02045021 25/01/2020 1000 47.8    
02045021 26/01/2020 1000 0.2     
02045021 27/01/2020 1000 0       
02045021 28/01/2020 1000 0.2     
02045021 29/01/2020 1000 8.6     
02045021 30/01/2020 1000 0.2     
02045021 31/01/2020 1000 0       
02045021 01/02/2020 1000 0       
02045021 02/02/2020 1000 26.6    
02045021 03/02/2020 1000 8.4     
02045021 04/02/2020 1000 51.2    
02045021 05/02/2020 1000 0.2     
02045021 06/02/2020 1000 17.8    
02045021 07/02/2020 1000 15.2    
02045021 08/02/2020 1000 0.4     
02045021 09/02/2020 1000 4       
02045021 10/02/2020 1000 1.2     
02045021 11/02/2020 1000 24      
02045021 12/02/2020 1000 48.4    
