02147011 29/12/2019 1000 0       
02147011 30/12/2019 1000 0       
02147011 31/12/2019 1000 0       
02147011 01/01/2020 1000 0       
02147011 02/01/2020 1000 0       
02147011 03/01/2020 1000 40.4    
02147011 04/01/2020 1000 5.4     
02147011 05/01/2020 1000 19.6    
02147011 06/01/2020 1000 15.4    
02147011 07/01/2020 1000 0       
02147011 08/01/2020 1000 13      
02147011 09/01/2020 1000 35.2    
02147011 10/01/2020 1000 0       
02147011 11/01/2020 1000 0       
02147011 12/01/2020 1000 0       
02147011 13/01/2020 1000 18.2    
02147011 14/01/2020 1000 0       
02147011 15/01/2020 1000 0       
02147011 16/01/2020 1000 0       
02147011 17/01/2020 1000 0       
02147011 18/01/2020 1000 0.4     
02147011 19/01/2020 1000 0       
02147011 20/01/2020 1000 0       
02147011 21/01/2020 1000 0       
02147011 22/01/2020 1000 0.6     
02147011 23/01/2020 1000 16.8    
02147011 24/01/2020 1000 53.2    
02147011 25/01/2020 1000 1.8     
02147011 26/01/2020 1000 0       
02147011 27/01/2020 1000 0       
02147011 28/01/2020 1000 0       
02147011 29/01/2020 1000 33.2    
02147011 30/01/2020 1000 8       
02147011 31/01/2020 1000 11.6    
02147011 01/02/2020 1000 0.2     
02147011 02/02/2020 1000 38.6    
02147011 03/02/2020 1000 0       
02147011 04/02/2020 1000 8.4     
02147011 05/02/2020 1000 52.8    
02147011 06/02/2020 1000 57.4    
02147011 07/02/2020 1000 8.4     
02147011 08/02/2020 1000 3.4     
02147011 09/02/2020 1000 0       
02147011 10/02/2020 1000 4.4     
02147011 11/02/2020 1000 38.6    
02147011 12/02/2020 1000 4.2     
