02146082 29/12/2019 1000 22.4    
02146082 30/12/2019 1000 0       
02146082 31/12/2019 1000 0       
02146082 01/01/2020 1000 20.4    
02146082 02/01/2020 1000 11      
02146082 03/01/2020 1000 54      
02146082 04/01/2020 1000 0.8     
02146082 05/01/2020 1000 14.2    
02146082 06/01/2020 1000 3.2     
02146082 07/01/2020 1000 11.6    
02146082 08/01/2020 1000 1.6     
02146082 09/01/2020 1000 16.4    
02146082 10/01/2020 1000 15.4    
02146082 11/01/2020 1000 0.2     
02146082 12/01/2020 1000 0       
02146082 13/01/2020 1000 3.8     
02146082 14/01/2020 1000 20.4    
02146082 15/01/2020 1000 2.8     
02146082 16/01/2020 1000 0       
02146082 17/01/2020 1000 0       
02146082 18/01/2020 1000 8.6     
02146082 19/01/2020 1000 0       
02146082 20/01/2020 1000 0       
02146082 21/01/2020 1000 13.2    
02146082 22/01/2020 1000 0       
02146082 23/01/2020 1000 36      
02146082 24/01/2020 1000 24.2    
02146082 25/01/2020 1000 6.4     
02146082 26/01/2020 1000 0       
02146082 27/01/2020 1000 0       
02146082 28/01/2020 1000 0       
02146082 29/01/2020 1000 7.4     
02146082 30/01/2020 1000 2.2     
02146082 31/01/2020 1000 11.2    
02146082 01/02/2020 1000 0.2     
02146082 02/02/2020 1000 12.2    
02146082 03/02/2020 1000 0       
02146082 04/02/2020 1000 1.2     
02146082 05/02/2020 1000 87.8    
02146082 06/02/2020 1000 15      
02146082 07/02/2020 1000 20.2    
02146082 08/02/2020 1000 0.8     
02146082 09/02/2020 1000 2.4     
02146082 10/02/2020 1000 15.4    
02146082 11/02/2020 1000 100     
02146082 12/02/2020 1000 16.2    
