02245074 29/12/2019 1000 0.4     
02245074 30/12/2019 1000 0       
02245074 31/12/2019 1000 0       
02245074 01/01/2020 1000 25.6    
02245074 02/01/2020 1000 1.8     
02245074 03/01/2020 1000 6.2     
02245074 04/01/2020 1000 0       
02245074 05/01/2020 1000 24.2    
02245074 06/01/2020 1000 2.2     
02245074 07/01/2020 1000 17.2    
02245074 08/01/2020 1000 0.6     
02245074 09/01/2020 1000 37.6    
02245074 10/01/2020 1000 0       
02245074 11/01/2020 1000 3.8     
02245074 12/01/2020 1000 3       
02245074 13/01/2020 1000 0.8     
02245074 14/01/2020 1000 0       
02245074 15/01/2020 1000 0.8     
02245074 16/01/2020 1000 1.6     
02245074 17/01/2020 1000 4.4     
02245074 18/01/2020 1000 19      
02245074 19/01/2020 1000 0       
02245074 20/01/2020 1000 3.6     
02245074 21/01/2020 1000 0.6     
02245074 22/01/2020 1000 0       
02245074 23/01/2020 1000 4.2     
02245074 24/01/2020 1000 17.4    
02245074 25/01/2020 1000 0.4     
02245074 26/01/2020 1000 0       
02245074 27/01/2020 1000 0       
02245074 28/01/2020 1000 0       
02245074 29/01/2020 1000 10.8    
02245074 30/01/2020 1000 0.2     
02245074 31/01/2020 1000 4.4     
02245074 01/02/2020 1000 1.6     
02245074 02/02/2020 1000 38      
02245074 03/02/2020 1000 6       
02245074 04/02/2020 1000 0.6     
02245074 05/02/2020 1000 4.6     
02245074 06/02/2020 1000 7.8     
02245074 07/02/2020 1000 23      
02245074 08/02/2020 1000 0.6     
02245074 09/02/2020 1000 1.6     
02245074 10/02/2020 1000 0.4     
02245074 11/02/2020 1000 55.4    
02245074 12/02/2020 1000 36.2    
