61874000 29/12/2019 1000 0       
61874000 30/12/2019 1000 0       
61874000 31/12/2019 1000 0       
61874000 01/01/2020 1000 1.2     
61874000 02/01/2020 1000 0       
61874000 03/01/2020 1000 30.2    
61874000 04/01/2020 1000 0       
61874000 05/01/2020 1000 46.6    
61874000 06/01/2020 1000 4       
61874000 07/01/2020 1000 0       
61874000 08/01/2020 1000 22.4    
61874000 09/01/2020 1000 41.8    
61874000 10/01/2020 1000 8.4     
61874000 11/01/2020 1000 0       
61874000 12/01/2020 1000 0       
61874000 13/01/2020 1000 25.4    
61874000 14/01/2020 1000 0.4     
61874000 15/01/2020 1000 0       
61874000 16/01/2020 1000 0       
61874000 17/01/2020 1000 7.6     
61874000 18/01/2020 1000 0       
61874000 19/01/2020 1000 2.8     
61874000 20/01/2020 1000 0       
61874000 21/01/2020 1000 0       
61874000 22/01/2020 1000 0       
61874000 23/01/2020 1000 4       
61874000 24/01/2020 1000 11      
61874000 25/01/2020 1000 0       
61874000 26/01/2020 1000 0       
61874000 27/01/2020 1000 0       
61874000 28/01/2020 1000 0       
61874000 29/01/2020 1000 0.6     
61874000 30/01/2020 1000 0.2     
61874000 31/01/2020 1000 7.4     
61874000 01/02/2020 1000 0.8     
61874000 02/02/2020 1000 25.4    
61874000 03/02/2020 1000 0       
61874000 04/02/2020 1000 1.6     
61874000 05/02/2020 1000 10      
61874000 06/02/2020 1000 27.6    
61874000 07/02/2020 1000 15      
61874000 08/02/2020 1000 0.2     
61874000 09/02/2020 1000 0       
61874000 10/02/2020 1000 0       
61874000 11/02/2020 1000 80.8    
61874000 12/02/2020 0000 -       
