ONS-Operador Nacional Do Sistema Eletrico
Modelo Computacional SMAP
Versao: 3.0.0 Data: 23/09/2019

Iniciando execucao: 22-03-2020 12:49:34

Parametros
   Amplitude inicial: 0.5
   somacoef alvo: 2 (nao e necessario multiplicar por 100)
   Limite de iteracoes: 10000
   Particulas: 24
   Pulso inicial: 0.1
   Uso de pesos: on
   Gerar graficos: off
   Semente: 9952

Sub bacia: AVERMELHA
cef: 0.99813625
dm: 0.0066702377
ebin: 204.15835
mape: 0.0064045684
*somacoef: 1.9917317
supin: 204.33827
Iteracoes: 10000
Iteracao otima: 9947
Tempo: 9.157 s

Qcal
[33](0,0,408.49661,411.76234,421.62776,410.24358,418.62698,425.241,431.06255,431.66804,490.43763,509.51768,506.4614,492.05276,466.37665,438.16655,413.05212,390.73033,370.90723,353.29961,337.65675,323.74886,311.36837,300.35546,290.63245,283.47919,275.49488,268.39757,262.11978,256.47581,251.43891,250.24042,265.23999)
Rsolo
[33](0,56.1974,58.915952,61.976278,61.549047,63.836396,65.533628,66.838258,67.265336,72.746003,74.382495,73.648563,72.011108,68.250493,63.239846,59.0033,55.394612,52.240308,49.53023,47.176297,45.112563,43.320153,42.092683,41.077257,40.642428,39.610411,38.578725,37.650438,36.645835,35.722809,35.611683,39.594844,38.24911)
Rsub
[33](0,174.3574,174.87676,175.71671,176.94473,178.11026,179.57974,181.2827,183.16865,185.10925,187.911,190.97784,193.90382,196.54071,198.56602,199.85424,200.58418,200.88584,200.84903,200.54835,200.03893,199.36234,198.55278,197.65978,196.70401,195.75285,194.8063,193.86432,192.9269,191.99401,191.06563,190.14174,189.22232)
Rsup
[33](0,6.5186863,6.6034677,6.8868134,6.4777701,6.7016756,6.8577811,6.9798847,6.9287532,8.7310987,9.2351233,9.0230651,8.4541115,7.5365079,6.5609112,5.7116049,4.9722409,4.3285871,3.7682539,3.2804556,2.8558025,2.4861204,2.1650332,1.888212,1.6957144,1.4765327,1.285476,1.1203919,0.97535783,0.8495203,0.8459655,1.3589844,1.1830647)
Peso chuva 
[33](1.9385656,0.5,1.9191791,1.8768655,1.0181997,1.4094887,1.6629502,1.0952733,0.84620807,1.6265362,1.102181,1.2124511,1.3903771,1.1032315,1.9999248,2,2,1.9335742,0.5,1.9519776,2,1.9005541,2,2,2,0.55737292,0.5,0.60493549,0.74134678,2,1.013115,0.95182195,1)
Previsao ETA40_LIMITES
[13] (5.6372727,0.82727273,0.49,1.0645455,0.092727273,10.074545,22.68,0.97090909,0.64545455,0.0063636364,4.2489091,4.2489091,4.2489091)
Previsao PMEDIA_ORIG
[13] (3.8,0.8,0.5,0.9,0.6,1.4,4.9,7.7,4.7,5.2,2.1,1.5,2.8416667)
Previsao PRECMEDIA_ETA40.GEFS
[13] (3.92,0.82,0.54,0.95,0.49,3.44,5.88,7.59,6.08,4,3.371,3.371,3.371)
Previsao PRECZERADA_ETA40
[13] (0,0,0,0,0,0,0,0,0,0,0,0,0)


Sub bacia: Camargos
cef: 0.98883818
dm: 0.032443354
ebin: 86.691104
mape: 0.030462848
*somacoef: 1.9583753
supin: 211.51946
Iteracoes: 10000
Iteracao otima: 9862
Tempo: 9.358 s

Qcal
[33](0,0,298.21056,275.10464,255.73621,235.97999,218.1294,202.62434,191.33046,202.0159,249.85775,297.18918,308.11746,326.22697,307.19301,301.03805,278.86367,257.97762,239.0569,222.16704,215.94988,203.89309,191.25937,179.87156,169.78025,160.83218,156.86016,150.62834,143.79445,142.20724,136.79243,131.44536,143.39015)
Rsolo
[33](0,52.84,46.084219,44.605656,42.211333,40.037309,39.236798,40.029743,48.076524,57.671218,59.599097,56.25924,57.684188,50.773081,52.536324,46.226166,43.221349,40.890919,39.045666,43.576192,43.531879,40.757862,38.784978,36.907591,35.121079,37.524468,37.669172,36.094412,38.772341,38.407378,36.598672,43.925058,40.953283)
Rsub
[33](0,258.74183,263.2768,263.94519,263.89059,262.76317,261.55175,260.34591,259.14563,260.87227,268.70735,277.95742,284.69809,292.43284,295.53899,299.71186,300.28369,299.42717,298.04671,296.67262,295.99171,295.29395,293.93255,292.57742,291.22855,289.88589,288.54942,287.21912,285.89495,284.57688,283.26489,281.95895,281.50461)
Rsup
[33](0,24.580449,21.718762,19.441954,17.14823,15.11773,13.36307,12.09757,13.386048,18.87847,24.073741,24.983547,26.825581,24.312509,23.476307,20.736972,18.287563,16.122156,14.213152,13.544163,12.169568,10.728585,9.4582267,8.3382899,7.3509635,6.9416562,6.2694998,5.5271362,5.3942461,4.8163169,4.2460228,5.6849615,5.0118123)
Peso chuva 
[33](1.9515092,0.5,0.5,0.5,0.53332132,2,0.5,0.5,1.6243263,0.99453808,1.6080491,1.0986823,1.7690355,2,1.5986234,0.5,1.6411127,2,1.9871267,0.5,0.55837568,2,2,1.6191547,1.9879316,2,2,2,2,2,0.78347401,0.95183613,1)
Previsao ETA40_LIMITES
[13] (0.1,0.172,0.014,0,0,0,0.088,12.12,4.476,1.64,1.861,1.861,1.861)
Previsao PMEDIA_ORIG
[13] (0.1,0.2,0.1,0.3,0.3,0.1,0.2,2.5,5.6,6.2,4.9,4.3,2.0666667)
Previsao PRECMEDIA_ETA40.GEFS
[13] (0.34,0.14,0.15,0.22,0.16,0.11,0.14,3.42,4.12,4.34,1.314,1.314,1.314)
Previsao PRECZERADA_ETA40
[13] (0,0,0,0,0,0,0,0,0,0,0,0,0)


Sub bacia: CAPESCURO
cef: 0.94199548
dm: 0.070650385
ebin: 96.369525
mape: 0.040335502
*somacoef: 1.90166
supin: 62.06665
Iteracoes: 10000
Iteracao otima: 9853
Tempo: 9.875 s

Qcal
[33](0,0,158.43617,181.75472,201.10946,215.18688,208.0728,197.99373,190.3058,188.71412,203.39286,224.00292,249.93353,257.38745,247.69213,235.51788,223.2337,211.73179,201.56873,192.5725,184.59333,177.50084,171.18151,165.59399,160.52982,155.97997,151.87907,150.24388,147.26751,143.90117,141.22589,139.24975,153.99972)
Rsolo
[33](0,121.8,130.72803,132.3564,131.53423,119.48801,113.83145,114.90033,119.27946,127.71995,132.21246,135.08244,131.06871,119.26638,113.09059,109.80935,107.7232,105.49715,103.31709,101.35428,99.397793,97.412806,96.600883,95.186955,93.558399,92.381317,95.187471,95.473562,94.520796,94.368835,95.201293,108.20431,105.96831)
Rsub
[33](0,163.41978,167.79547,177.42059,187.99863,197.9596,200.77643,200.67188,201.09524,203.77348,211.23265,221.42653,233.40865,242.68264,244.99512,244.14941,242.04315,239.95507,237.885,235.83278,233.79828,231.78132,229.78176,227.79945,225.83425,223.886,221.95455,220.03977,218.1415,216.25962,214.39396,212.54441,210.7108)
Rsup
[33](0,7.0142047,9.3578439,10.903692,11.789639,10.321842,8.995074,8.1332225,7.925131,9.405502,11.23756,13.488649,13.532497,11.818773,10.288839,8.9569549,7.7974821,6.7881025,5.9093864,5.1444197,4.4784775,3.8987411,3.4005467,2.9603478,2.5771325,2.2435241,2.1874477,1.9786929,1.7247653,1.5478454,1.4488527,3.2390195,2.8197302)
Peso chuva 
[33](0.83853828,0.71414314,0.9294316,1.1691212,1.0719578,0.82895085,0.57749265,1.4034074,1.2285139,1.9795061,1.3859349,0.94215784,0.88730331,0.5,0.5,2,2,2,0.5,2,2,2,1.786523,2,2,2,2,2,2,2,2,1.0037031,1)
Previsao ETA40_LIMITES
[13] (1.0225,1.04,0,0,0.035,0.1425,12.615,5.9325,0,0.035,2.08225,2.08225,2.08225)
Previsao PMEDIA_ORIG
[13] (1.3,0.9,0,0,0.1,0.4,3.3,5.8,10.7,6.5,3.4,2.6,2.9166667)
Previsao PRECMEDIA_ETA40.GEFS
[13] (1.16,0.62,0,0,0.06,0.26,3.33,4.9,11.38,4.6,2.631,2.631,2.631)
Previsao PRECZERADA_ETA40
[13] (0,0,0,0,0,0,0,0,0,0,0,0,0)


Sub bacia: EDACUNHA
cef: 0.9936361
dm: 0.015702966
ebin: 78.047049
mape: 0.014355624
*somacoef: 1.9792805
supin: 87.755823
Iteracoes: 10000
Iteracao otima: 9955
Tempo: 10.31 s

Qcal
[33](0,0,165.80287,183.99903,196.96933,170.48972,148.84408,133.03843,161.13161,255.20353,241.03561,214.14826,182.27764,162.19228,151.49351,136.32663,123.86836,114.61493,107.7318,102.65994,98.870425,96.405543,94.046219,92.179394,90.662341,89.394126,88.303366,91.065616,108.49385,117.92507,108.4229,101.36039,99.829999)
Rsolo
[33](0,40.848,48.494302,51.535342,45.078769,41.241215,39.173796,47.500024,58.002245,52.702982,48.361045,42.438147,41.272878,42.009367,39.000536,36.03477,34.223562,32.956952,31.740282,30.663603,30.199313,29.222384,28.177944,27.134503,26.128639,25.189887,26.544273,33.383405,39.141211,36.680735,35.177551,36.131835,34.279737)
Rsub
[33](0,200.12266,200.84212,205.2025,211.26228,213.78823,214.56556,214.51149,218.23533,228.41478,235.00455,239.03058,240.12612,240.71461,241.611,241.28363,239.91341,238.07278,236.24627,234.43378,232.63519,230.8504,229.0793,227.32179,225.57777,223.84712,222.12976,220.42557,218.73445,218.63598,217.65417,216.19157,215.04564)
Rsup
[33](0,5.8941073,7.0974045,7.8543369,5.9171071,4.3971161,3.3151706,5.2034613,11.424246,10.206018,8.2275212,5.9814775,4.6037504,3.8697545,2.8275931,1.9994103,1.4137966,0.99970514,0.70689828,0.49985257,0.38141141,0.26969859,0.1907057,0.1348493,0.095352852,0.067424648,0.29793554,1.5131404,2.1908838,1.5552514,1.1066162,1.0421391,0.73690362)
Peso chuva 
[33](0.5,0.5,1.1040466,1.1561831,0.87544745,2,2,2,1.3274884,0.76403325,1.1276533,2,1.2502905,2,2,2,2,0.5,2,0.5,2,0.58302204,0.5,0.5,0.5,0.56919948,0.69913472,1.0288425,1.2792259,0.5,0.5,1.059025,1)
Previsao ETA40_LIMITES
[13] (0,0,0,0,0,0,1.43,2.74,0.44,0.04,0.465,0.465,0.465)
Previsao PMEDIA_ORIG
[13] (0.6,0,0,0,0.1,0.1,0.6,2.5,5.8,5.1,3.1,2.7,1.7166667)
Previsao PRECMEDIA_ETA40.GEFS
[13] (0.55,0,0.02,0.01,0.07,0.08,0.49,2.07,6.23,3.16,1.268,1.268,1.268)
Previsao PRECZERADA_ETA40
[13] (0,0,0,0,0,0,0,0,0,0,0,0,0)


Sub bacia: FUNIL MG
cef: 0.9861711
dm: 0.034275983
ebin: 167.18025
mape: 0.031362472
*somacoef: 1.9548086
supin: 297.17427
Iteracoes: 10000
Iteracao otima: 9489
Tempo: 9.08 s

Qcal
[33](0,0,464.35452,422.56349,504.24139,487.17799,438.38185,395.29555,360.97824,333.6258,410.58992,478.20854,502.85305,509.56611,511.79387,556.36926,578.27456,522.80741,470.86951,425.84501,387.87089,355.91952,329.01104,306.3251,287.17497,270.98572,257.27602,245.64292,236.04209,232.73956,232.89655,229.04281,264.87998)
Rsolo
[33](0,59.9625,59.676515,72.817907,69.028837,59.73037,57.3188,56.972366,56.981634,70.30192,74.346362,72.656551,71.842833,71.351049,74.5292,73.820864,63.805439,58.043877,55.483319,53.606455,52.157532,50.409246,48.306817,46.263091,44.305829,43.123914,41.889235,41.175516,42.672399,45.322362,46.35159,55.749115,53.390526)
Rsub
[33](0,297.17309,296.83245,296.35139,303.75704,308.568,308.0535,306.47588,304.90634,303.34483,308.99132,317.42862,324.61276,331.19377,337.40394,345.82938,353.69686,355.10406,353.53802,351.72746,349.92617,348.13411,346.35122,344.57747,342.81279,341.05716,339.31051,337.57281,335.84401,334.12407,332.41293,330.71056,329.0169)
Rsup
[33](0,16.614002,14.288322,18.869785,17.682911,14.803574,12.410947,10.542001,9.0621836,13.414097,17.016835,18.129261,18.278615,18.196181,20.492921,21.452581,18.104159,15.156229,12.688316,10.622257,8.892618,7.4446187,6.2323994,5.2175678,4.3679828,3.6567372,3.0613048,2.5792079,2.4489475,2.5118191,2.350187,4.4072631,3.6896214)
Peso chuva 
[33](0.6009189,0.5,0.56107954,1.5289176,1.9435042,0.5,0.5,0.5,0.80213461,1.6164719,1.3984419,1.8394838,1.3663402,1.6812404,2,2,2,0.50036719,1.9569445,0.60353562,0.83946716,1.9313973,2,0.5,1.9469324,1.7367666,1.3676238,2,2,2,2,1.4277354,1)
Previsao ETA40_LIMITES
[13] (0.218,0.114,0.008,0,0,0,0,8.276,2.332,0.174,1.1122,1.1122,1.1122)
Previsao PMEDIA_ORIG
[13] (0.6,0.2,0,0.1,0.1,0.2,0.2,1.9,2.7,3.6,4.8,5.1,1.625)
Previsao PRECMEDIA_ETA40.GEFS
[13] (0.4,0.12,0.06,0.07,0.06,0.1,0.15,2.34,2.03,2,0.733,0.733,0.733)
Previsao PRECZERADA_ETA40
[13] (0,0,0,0,0,0,0,0,0,0,0,0,0)


Sub bacia: FURNAS
cef: 0.98364662
dm: 0.059863525
ebin: 197.04
mape: 0.057586531
*somacoef: 1.9260601
supin: 986.45287
Iteracoes: 10000
Iteracao otima: 9988
Tempo: 10.634 s

Qcal
[33](0,0,1183.4929,1103.0873,1035.8455,1033.4425,979.51751,919.62101,876.04905,835.32019,887.6029,957.30823,922.88272,920.69456,873.10913,823.41915,765.67901,711.58368,662.84471,621.78153,587.412,552.69383,519.57075,489.68552,462.7112,438.3539,416.34947,411.60338,408.79174,434.20925,418.20522,422.23842,463.99419)
Rsolo
[33](0,44.8545,42.087691,41.988156,46.511587,43.725895,41.641588,42.322603,42.336343,48.254104,50.154673,45.177062,46.91,43.294529,41.430555,37.399677,35.450801,33.41163,33.105622,33.246537,32.751967,31.449864,29.590881,27.834819,26.161684,24.927684,27.577446,30.362036,36.367743,36.537652,39.885641,45.060999,38.243376)
Rsub
[33](0,168.13973,171.24305,172.71842,174.13185,178.25766,180.63146,181.81731,183.37038,184.92341,190.17194,196.75867,199.92038,204.18141,206.17536,207.12167,206.09873,205.08085,204.06799,203.06014,202.05726,201.05934,200.06634,199.07825,198.09504,197.11669,196.14316,195.17445,194.21052,193.25135,192.29692,192.51357,195.6241)
Rsup
[33](0,41.101089,37.59942,34.725717,34.556582,32.108316,29.496791,27.62344,25.850618,27.953176,30.601215,28.845247,28.599699,26.408972,24.241254,21.789274,19.58531,17.604275,15.942811,14.559996,13.162413,11.831047,10.634348,9.5586945,8.5918418,7.7227854,7.5725714,7.5027227,8.6088227,7.9888398,8.2034874,9.9326857,8.9280042)
Peso chuva 
[33](0.6904671,1.512034,1.4702355,0.66119611,1.7077292,1.3030657,0.5699636,1.1341352,0.58334277,1.4896622,1.4236786,0.62992147,0.72918403,0.7251526,1.0706123,2,2,2,2,2,2,2,2,2,2,2,2,2,2,2,2,2,1)
Previsao ETA40_LIMITES
[13] (0.3025,0.069166667,0,0,0,0,0.37583333,8.1133333,1.7608333,0.076666667,1.0698333,1.0698333,1.0698333)
Previsao PMEDIA_ORIG
[13] (0.4,0,0,0.1,0.1,0.1,0.4,2.5,5.1,3.6,3.9,3,1.6)
Previsao PRECMEDIA_ETA40.GEFS
[13] (0.65,0.03,0.01,0.03,0.05,0.07,0.3,2.63,4.19,2.46,1.042,1.042,1.042)
Previsao PRECZERADA_ETA40
[13] (0,0,0,0,0,0,0,0,0,0,0,0,0)


Sub bacia: MARIMBONDO
cef: 0.95802139
dm: 0.07097036
ebin: 166.8
mape: 0.05722402
*somacoef: 1.9007974
supin: 229.47249
Iteracoes: 10000
Iteracao otima: 9998
Tempo: 10.825 s

Qcal
[33](0,0,396.27249,357.92962,328.93025,418.64825,382.72775,385.53157,352.88315,389.58836,366.2139,345.30142,373.26147,446.92286,476.55873,468.86461,430.08602,395.37572,365.49209,340.09446,318.61054,300.71654,285.88622,273.56973,263.316,254.75501,247.5832,241.63237,236.6755,232.38209,228.63991,225.47036,225.70014)
Rsolo
[33](0,77.2128,76.626772,77.299422,93.878632,87.069208,91.042927,84.76929,93.3178,88.640552,85.734147,92.424915,101.2931,102.16637,98.295894,87.69091,81.919174,78.403582,76.132653,74.626003,73.308125,72.011811,70.729355,69.468748,68.230447,67.02774,66.257007,65.554844,64.794445,63.737199,62.968702,63.138898,62.012545)
Rsub
[33](0,187.05315,186.82839,186.42255,186.22734,192.32101,195.54459,200.37228,202.68659,208.46863,212.25439,214.8864,220.2313,229.71238,239.60009,247.53204,250.78806,251.87839,251.78259,250.9758,250.0112,249.0503,248.0931,247.13958,246.18972,245.24351,244.30094,243.36199,242.42665,241.4949,240.56674,239.64214,238.7211)
Rsup
[33](0,5.5049581,4.5899354,3.9029334,6.0594102,5.0673342,5.0656375,4.1791396,5.0101758,4.3257408,3.7430728,4.3575195,6.0102894,6.5184221,6.1223238,5.0223587,4.1200184,3.3797968,2.7725668,2.2744346,1.8657991,1.530581,1.2555897,1.0300046,0.84494919,0.69314169,0.57054705,0.47171983,0.38873144,0.31889015,0.26270922,0.28800062,0.23625709)
Peso chuva 
[33](2,0.62885013,0.5,0.5,1.8516583,0.70352805,2,0.5,1.4785485,0.5,0.5,2,2,2,2,0.5,1.9102447,1.8234742,2,0.5,0.5,0.5,0.5,0.5,0.5,0.5,0.5,0.5,0.5,0.5,0.5,0.5,1)
Previsao ETA40_LIMITES
[13] (1.98,0.668,0.088,0.458,0.03,1.139,15.553,2.438,0.17,0.03,2.2554,2.2554,2.2554)
Previsao PMEDIA_ORIG
[13] (1.9,0.6,0.3,0.5,0.5,0.7,4.9,5.3,6.8,5.3,2.3,1.8,2.575)
Previsao PRECMEDIA_ETA40.GEFS
[13] (1.88,0.59,0.24,0.46,0.3,0.71,4.01,5.11,7.76,3.78,2.484,2.484,2.484)
Previsao PRECZERADA_ETA40
[13] (0,0,0,0,0,0,0,0,0,0,0,0,0)


Sub bacia: PARAGUACU
cef: 0.99578207
dm: 0.016068629
ebin: 68.910529
mape: 0.015505157
*somacoef: 1.9802769
supin: 374.97389
Iteracoes: 10000
Iteracao otima: 9965
Tempo: 14.6 s

Qcal
[33](0,0,443.88442,406.7864,400.46523,397.29246,401.6611,366.99726,333.67375,331.20341,305.46425,340.9267,332.03666,329.67228,337.55632,341.83633,316.00976,291.13736,268.17997,247.73669,229.65821,213.66479,199.50981,186.97587,175.87128,166.02708,157.29428,156.00413,196.01849,209.76154,197.99973,188.3673,189.99496)
Rsolo
[33](0,67.85,62.669595,67.18381,68.45575,69.500723,60.053909,57.455346,64.628464,60.512997,69.884952,66.68712,67.442354,68.971878,68.805465,59.613096,58.054563,56.642642,54.43417,52.993416,51.447036,49.981643,48.116328,46.305006,44.518921,42.900606,46.155824,57.822253,64.926702,59.636223,59.074084,62.657771,57.404559)
Rsub
[33](0,126.88411,132.36396,134.52742,139.52037,145.3529,151.88772,152.47124,151.71822,154.97501,155.79505,162.55189,167.07658,172.08216,178.1126,183.99709,184.18374,183.55404,182.6475,181.74544,180.84784,179.95466,179.0659,178.18152,177.30152,176.42586,175.55453,174.68749,173.98677,177.32045,177.55249,177.48418,179.41783)
Rsup
[33](0,28.797956,25.720269,25.144566,24.692643,24.784879,21.850133,19.266552,19.108239,16.995634,19.684943,18.720361,18.350053,18.746764,18.823939,16.59502,14.677037,12.940176,11.407946,10.057146,8.8662917,7.8164452,6.8909098,6.0749658,5.3556367,4.7214825,4.6587428,7.7680051,8.8526966,7.8103437,7.0608955,7.1887493,6.3375385)
Peso chuva 
[33](1.8829858,1.5604382,0.89444386,1.2543095,0.96400997,1.2794079,0.5,0.5,2,0.57618288,1.8603493,1.1692664,1.4469476,1.439823,1.7894268,0.5,2,1.5070722,0.5,2,0.70619658,0.89363437,2,2,2,1.8963461,1.4024766,1.5935591,1.1247359,0.5045734,1.0855435,2,1)
Previsao ETA40_LIMITES
[13] (0.01,0,0.02,0,0,0,2.17,3.018,2.274,2.116,0.9608,0.9608,0.9608)
Previsao PMEDIA_ORIG
[13] (0.4,0,0.2,0.2,0.2,0.1,0.8,2.2,6,6.1,3.5,2.9,1.8833333)
Previsao PRECMEDIA_ETA40.GEFS
[13] (0.52,0.04,0.11,0.08,0.09,0.07,0.77,2.12,5.52,4.12,1.344,1.344,1.344)
Previsao PRECZERADA_ETA40
[13] (0,0,0,0,0,0,0,0,0,0,0,0,0)


Sub bacia: PASSAGEM
cef: 0.96765745
dm: 0.048494495
ebin: 54.872
mape: 0.036134131
*somacoef: 1.9315233
supin: 246.61998
Iteracoes: 10000
Iteracao otima: 9857
Tempo: 10.369 s

Qcal
[33](0,0,301.49198,265.88481,275.99819,291.21464,292.9242,296.13324,286.98759,283.34387,300.93009,349.74327,391.98337,436.52936,445.01108,444.84363,444.61483,401.46594,364.57059,332.97542,305.86959,282.56928,262.50664,245.19842,230.19094,217.11456,205.67172,195.7511,188.86594,183.74476,198.21381,201.62914,244.99984)
Rsolo
[33](0,104.535,101.48572,104.10098,106.74295,108.0182,109.17851,109.06029,109.31515,111.08892,117.1291,125.06944,125.09086,122.91953,121.57946,120.5285,113.75696,107.84486,102.66508,98.171727,94.444234,91.378929,88.221003,85.137914,82.337563,79.783036,78.275302,77.688203,77.387655,81.225861,83.242711,89.869567,86.630094)
Rsub
[33](0,57.653746,59.427299,60.925747,62.644472,64.593974,66.652668,68.811188,70.947759,73.098137,75.409839,78.327099,82.115028,85.886749,89.389402,92.723327,95.923705,98.389205,100.26471,101.66301,102.67746,103.39462,103.88176,104.14629,104.20735,104.09546,103.83575,103.49384,103.12193,102.73582,102.56556,102.51644,102.90101)
Rsup
[33](0,8.0435506,6.8271633,7.1104985,7.5534339,7.5486761,7.5894343,7.2241437,7.0389809,7.5458072,11.482105,18.673493,11.066264,8.8032261,8.8057731,8.7991942,7.3992108,6.2219699,5.2320322,4.3995971,3.6996054,3.1109849,2.6160161,2.1997985,1.8498027,1.5554925,1.3125686,1.1684571,1.0801708,1.6287261,1.8076189,3.2835522,2.7611273)
Peso chuva 
[33](0.50704015,0.57568098,0.98769565,1.0877397,0.77711721,0.77716279,1.740294,1.3915214,1.3219261,0.59070473,1.3585579,1.5783504,1.9217719,0.71242024,1.4582719,1.5606361,0.5,2,0.50681305,0.5,0.57121163,1.0349858,0.53575407,1.9481613,0.5,2,0.52886697,0.5,0.5,1.9469258,2,1.792491,1)
Previsao ETA40_LIMITES
[13] (0.013333333,0.026666667,0.0066666667,0,0,0,5.4433333,5.23,0.76888889,0.62888889,1.2117778,1.2117778,1.2117778)
Previsao PMEDIA_ORIG
[13] (0.1,0,0,0,0.1,0.2,0.5,4.1,7.2,4.7,2.4,2.4,1.8083333)
Previsao PRECMEDIA_ETA40.GEFS
[13] (0.4,0.05,0,0,0.05,0.16,1.64,5.31,9.19,4.5,2.13,2.13,2.13)
Previsao PRECZERADA_ETA40
[13] (0,0,0,0,0,0,0,0,0,0,0,0,0)


Sub bacia: PBUENOS
cef: 0.99209405
dm: 0.023916704
ebin: 75.889968
mape: 0.022572211
*somacoef: 1.9695218
supin: 190.00023
Iteracoes: 10000
Iteracao otima: 9983
Tempo: 9.04 s

Qcal
[33](0,0,265.8902,279.89794,279.92511,265.43151,252.86589,246.58916,230.05256,230.15795,283.8852,305.47889,294.88564,286.6394,258.22069,233.24114,211.25479,192.44938,176.56772,163.14494,151.7931,142.33317,134.40665,127.44201,121.50025,116.43775,112.11494,113.05692,119.13178,150.75033,159.84212,175.09755,182.99955)
Rsolo
[33](0,52.745,59.060356,59.034851,56.347455,55.538312,56.197455,53.467082,56.038287,63.333544,62.219549,58.185985,57.900109,51.008834,48.177944,45.545995,43.915392,42.360308,40.464786,39.424375,38.708244,38.097694,37.189677,35.610768,34.077822,32.577283,34.95926,39.580641,49.96268,54.281373,57.283799,57.157712,48.886205)
Rsub
[33](0,223.40882,225.51717,231.38234,237.20381,241.30825,244.9106,248.88904,251.27385,255.12741,263.81599,271.66089,276.74859,281.63122,282.56274,282.12634,280.82565,279.53095,278.24222,276.95944,275.68256,274.41158,273.14645,271.88716,270.63367,269.38597,268.14401,266.90778,265.67725,266.16142,268.92223,273.45443,277.88751)
Rsup
[33](0,16.207696,17.341513,17.173876,15.768833,14.578006,13.938195,12.412281,12.352166,16.823629,18.413879,17.282917,16.432057,13.866357,11.70852,9.8456526,8.279174,6.9619277,5.8542601,4.9230794,4.1531129,3.5137815,2.9563328,2.4859697,2.090443,1.757846,1.8741888,2.4282177,5.1610491,5.9225817,7.1439247,7.6866641,6.4636883)
Peso chuva 
[33](0.5,1.4873577,1.135626,0.5805146,0.5,0.87060645,2,1.3328431,1.4684088,2,1.1340223,1.0364882,1.1698511,0.5,0.5,1.9109186,1.9757805,2,1.2854644,0.68933018,0.5,0.5,0.7609474,1.9024173,2,2,2,2,1.814555,2,1.5509366,1.5408853,1)
Previsao ETA40_LIMITES
[13] (0.045,0,0,0,0,0,1.09,6.8925,3.3375,2.6975,1.40625,1.40625,1.40625)
Previsao PMEDIA_ORIG
[13] (0.2,0,0.1,0.4,0.2,0.2,0.5,1.5,5.9,5.5,3.6,3.7,1.8166667)
Previsao PRECMEDIA_ETA40.GEFS
[13] (0.14,0.02,0.06,0.16,0.14,0.09,0.33,2.19,3.79,3.45,1.037,1.037,1.037)
Previsao PRECZERADA_ETA40
[13] (0,0,0,0,0,0,0,0,0,0,0,0,0)


Sub bacia: PCOLOMBIA
cef: 0.96937314
dm: 0.051857816
ebin: 246.48791
mape: 0.041847685
*somacoef: 1.9275255
supin: 366.54217
Iteracoes: 10000
Iteracao otima: 9898
Tempo: 8.554 s

Qcal
[33](0,0,613.03008,707.59646,784.60977,835.1466,808.35216,785.61196,876.44417,941.33944,1067.0655,1187.6847,1162.305,1113.0834,1052.9976,993.84727,938.65839,887.86141,841.09312,798.02046,758.33799,721.76561,688.04646,656.94499,628.2452,601.74899,579.96915,573.15383,555.20485,538.92066,520.45927,505.78079,579.74999)
Rsolo
[33](0,58.88,64.812504,64.954505,63.655289,55.10332,54.221073,64.178018,64.8327,68.048429,68.253453,59.620434,55.125202,49.528507,47.231852,44.734996,42.35879,40.100646,38.563954,36.655038,34.788596,32.98066,31.618731,29.980535,28.397536,28.227149,32.291464,32.485938,32.835689,32.370284,32.344035,46.03321,43.568032)
Rsub
[33](0,159.06228,163.38051,171.55819,179.77998,187.03768,189.00559,190.49174,198.03696,205.98954,216.25231,226.60109,230.90479,232.58147,231.50401,229.90489,228.31683,226.73973,225.17352,223.61813,222.07349,220.53952,219.01614,217.50328,216.00088,214.50885,213.02713,211.55564,210.09432,208.6431,207.20189,205.77064,204.34928)
Rsup
[33](0,19.686103,24.405643,27.86124,29.891178,27.848076,26.462971,31.217663,34.075068,40.165643,45.789672,43.565294,40.563534,37.196924,34.109775,31.278802,28.682788,26.302232,24.119253,22.117453,20.281794,18.598487,17.054888,15.639401,14.341394,13.295827,13.053112,12.211582,11.458619,10.587883,9.9194843,14.011312,12.84843)
Peso chuva 
[33](0.50715346,0.50809019,1.1972452,2,1.3517989,2,2,1.993809,1.4510337,1.6291846,0.70961235,0.5,0.5,0.5,1.8142522,1.3888137,2,1.6582241,2,2,2,1.784714,2,1.7878827,2,2,2,2,2,2,2,0.88916107,1)
Previsao ETA40_LIMITES
[13] (4.08,0.757,0.265,0.31,0.076,0.493,12.305,8.046,1.031,0.024,2.7387,2.7387,2.7387)
Previsao PMEDIA_ORIG
[13] (3.7,0.7,0.3,0.5,0.4,0.6,4.3,4,7.3,4.7,2.9,2.1,2.625)
Previsao PRECMEDIA_ETA40.GEFS
[13] (3.47,0.7,0.26,0.4,0.3,0.49,3.64,3.88,7.64,3.84,2.462,2.462,2.462)
Previsao PRECZERADA_ETA40
[13] (0,0,0,0,0,0,0,0,0,0,0,0,0)


Tempo de execucao em: 117 s

Finalizando execucao: 22-03-2020 12:51:31

