00083916 13/12/2019 1200 7       
00083916 14/12/2019 1200 0       
00083916 15/12/2019 1200 0       
00083916 16/12/2019 1200 35      
00083916 17/12/2019 1200 10      
00083916 18/12/2019 1200 0       
00083916 19/12/2019 1200 0       
00083916 20/12/2019 1200 0       
00083916 21/12/2019 1200 3       
00083916 22/12/2019 1200 0       
00083916 23/12/2019 1200 0       
00083916 24/12/2019 1200 0       
00083916 25/12/2019 1200 0       
00083916 26/12/2019 1200 0       
00083916 27/12/2019 1200 0       
00083916 28/12/2019 1200 0       
00083916 29/12/2019 1200 0       
00083916 30/12/2019 1200 0.7     
00083916 31/12/2019 1200 2       
00083916 01/01/2020 1200 1       
00083916 02/01/2020 1200 15      
00083916 03/01/2020 1200 0       
00083916 04/01/2020 1200 0       
00083916 05/01/2020 1200 0.1     
00083916 06/01/2020 1200 0       
00083916 07/01/2020 1200 0       
00083916 08/01/2020 1200 0       
00083916 09/01/2020 1200 0       
00083916 10/01/2020 1200 64      
00083916 11/01/2020 1200 22      
00083916 12/01/2020 1200 0       
00083916 13/01/2020 1200 0       
00083916 14/01/2020 1200 0       
00083916 15/01/2020 1200 0       
00083916 16/01/2020 1200 36      
00083916 17/01/2020 1200 12      
00083916 18/01/2020 1200 0       
00083916 19/01/2020 1200 0       
00083916 20/01/2020 1200 0       
00083916 21/01/2020 1200 2       
00083916 22/01/2020 1200 9.1     
00083916 23/01/2020 1200 0       
00083916 24/01/2020 1200 0       
00083916 25/01/2020 1200 0       
00083916 26/01/2020 1200 0       
00083916 27/01/2020 1200 0       
