02652053 13/12/2019 1000 0       
02652053 14/12/2019 1000 4.8     
02652053 15/12/2019 1000 31.2    
02652053 16/12/2019 1000 12.5    
02652053 17/12/2019 1000 1.5     
02652053 18/12/2019 1000 19      
02652053 19/12/2019 1000 0       
02652053 20/12/2019 1000 11.8    
02652053 21/12/2019 1000 6       
02652053 22/12/2019 1000 0       
02652053 23/12/2019 1000 0       
02652053 24/12/2019 1000 0       
02652053 25/12/2019 1000 0       
02652053 26/12/2019 1000 0       
02652053 27/12/2019 1000 0       
02652053 28/12/2019 1000 0       
02652053 29/12/2019 1000 1       
02652053 30/12/2019 1000 9       
02652053 31/12/2019 1000 1.8     
02652053 01/01/2020 1000 0.2     
02652053 02/01/2020 1000 0       
02652053 03/01/2020 1000 0       
02652053 04/01/2020 1000 0       
02652053 05/01/2020 1000 2.8     
02652053 06/01/2020 1000 1.2     
02652053 07/01/2020 1000 1       
02652053 08/01/2020 1000 0       
02652053 09/01/2020 1000 0.2     
02652053 10/01/2020 1000 19      
02652053 11/01/2020 1000 0.2     
02652053 12/01/2020 1000 0       
02652053 13/01/2020 1000 0       
02652053 14/01/2020 1000 0       
02652053 15/01/2020 1000 1.2     
02652053 16/01/2020 1000 12.2    
02652053 17/01/2020 1000 25      
02652053 18/01/2020 1000 0       
02652053 19/01/2020 1000 0       
02652053 20/01/2020 1000 4       
02652053 21/01/2020 1000 0       
02652053 22/01/2020 1000 0.5     
02652053 23/01/2020 1000 0       
02652053 24/01/2020 1000 0.2     
02652053 25/01/2020 1000 0       
02652053 26/01/2020 1000 0       
02652053 27/01/2020 1000 0       
