02650035 13/12/2019 1000 0       
02650035 14/12/2019 1000 0       
02650035 15/12/2019 1000 0       
02650035 16/12/2019 1000 31.4    
02650035 17/12/2019 1000 3.2     
02650035 18/12/2019 1000 18.8    
02650035 19/12/2019 1000 0       
02650035 20/12/2019 1000 0       
02650035 21/12/2019 1000 41      
02650035 22/12/2019 1000 0       
02650035 23/12/2019 1000 0       
02650035 24/12/2019 1000 0       
02650035 25/12/2019 1000 0       
02650035 26/12/2019 1000 0       
02650035 27/12/2019 1000 0       
02650035 28/12/2019 1000 0       
02650035 29/12/2019 1000 0       
02650035 30/12/2019 1000 0       
02650035 31/12/2019 1000 0       
02650035 01/01/2020 1000 6.4     
02650035 02/01/2020 1000 0       
02650035 03/01/2020 1000 0       
02650035 04/01/2020 1000 0       
02650035 05/01/2020 1000 6.4     
02650035 06/01/2020 1000 0       
02650035 07/01/2020 1000 4.4     
02650035 08/01/2020 1000 0.8     
02650035 09/01/2020 1000 0       
02650035 10/01/2020 1000 0       
02650035 11/01/2020 1000 51      
02650035 12/01/2020 1000 0       
02650035 13/01/2020 1000 0       
02650035 14/01/2020 1000 0       
02650035 15/01/2020 1000 0       
02650035 16/01/2020 1000 8       
02650035 17/01/2020 1000 15      
02650035 18/01/2020 1000 0       
02650035 19/01/2020 1000 0       
02650035 20/01/2020 1000 0       
02650035 21/01/2020 1000 0       
02650035 22/01/2020 1000 0       
02650035 23/01/2020 1000 1       
02650035 24/01/2020 1000 0.2     
02650035 25/01/2020 1000 4.2     
02650035 26/01/2020 1000 0       
02650035 27/01/2020 1000 0       
