02749054 13/12/2019 1000 0       
02749054 14/12/2019 1000 0       
02749054 15/12/2019 1000 0.6     
02749054 16/12/2019 1000 18.8    
02749054 17/12/2019 1000 33      
02749054 18/12/2019 1000 30.2    
02749054 19/12/2019 1000 0       
02749054 20/12/2019 1000 0       
02749054 21/12/2019 1000 2.2     
02749054 22/12/2019 1000 0       
02749054 23/12/2019 1000 0       
02749054 24/12/2019 1000 0       
02749054 25/12/2019 1000 0       
02749054 26/12/2019 1000 0       
02749054 27/12/2019 1000 0       
02749054 28/12/2019 1000 0       
02749054 29/12/2019 1000 9.8     
02749054 30/12/2019 1000 0       
02749054 31/12/2019 1000 0.2     
02749054 01/01/2020 1000 5.2     
02749054 02/01/2020 1000 2.8     
02749054 03/01/2020 1000 0.6     
02749054 04/01/2020 1000 1       
02749054 05/01/2020 1000 4       
02749054 06/01/2020 1000 27.8    
02749054 07/01/2020 1000 0       
02749054 08/01/2020 1000 31.6    
02749054 09/01/2020 1000 1.2     
02749054 10/01/2020 1000 0       
02749054 11/01/2020 1000 93      
02749054 12/01/2020 1000 0       
02749054 13/01/2020 1000 0       
02749054 14/01/2020 1000 0       
02749054 15/01/2020 1000 0       
02749054 16/01/2020 1000 10      
02749054 17/01/2020 1000 4.6     
02749054 18/01/2020 1000 0       
02749054 19/01/2020 1000 0       
02749054 20/01/2020 1000 0       
02749054 21/01/2020 1000 0       
02749054 22/01/2020 1000 3       
02749054 23/01/2020 1000 3.2     
02749054 24/01/2020 1000 1       
02749054 25/01/2020 1000 0       
02749054 26/01/2020 1000 0       
02749054 27/01/2020 1000 0       
