02751031 13/12/2019 1000 18.6    
02751031 14/12/2019 1000 0       
02751031 15/12/2019 1000 0       
02751031 16/12/2019 1000 35.6    
02751031 17/12/2019 1000 15.8    
02751031 18/12/2019 1000 0       
02751031 19/12/2019 1000 0       
02751031 20/12/2019 1000 0       
02751031 21/12/2019 1000 4.2     
02751031 22/12/2019 1000 0       
02751031 23/12/2019 1000 0       
02751031 24/12/2019 1000 0       
02751031 25/12/2019 1000 0       
02751031 26/12/2019 1000 0       
02751031 27/12/2019 1000 0       
02751031 28/12/2019 1000 0       
02751031 29/12/2019 1000 0       
02751031 30/12/2019 1000 0       
02751031 31/12/2019 1000 0       
02751031 01/01/2020 1000 0.6     
02751031 02/01/2020 1000 29.8    
02751031 03/01/2020 1000 0       
02751031 04/01/2020 1000 0       
02751031 05/01/2020 1000 0       
02751031 06/01/2020 1000 0       
02751031 07/01/2020 1000 0       
02751031 08/01/2020 1000 0       
02751031 09/01/2020 1000 0       
02751031 10/01/2020 1000 93.6    
02751031 11/01/2020 1000 44.8    
02751031 12/01/2020 1000 0       
02751031 13/01/2020 1000 0       
02751031 14/01/2020 1000 0       
02751031 15/01/2020 1000 0       
02751031 16/01/2020 1000 16.4    
02751031 17/01/2020 1000 38.8    
02751031 18/01/2020 1000 0       
02751031 19/01/2020 1000 0       
02751031 20/01/2020 1000 0       
02751031 21/01/2020 1000 0.2     
02751031 22/01/2020 1000 4.6     
02751031 23/01/2020 1000 2.6     
02751031 24/01/2020 1000 0       
02751031 25/01/2020 1000 0       
02751031 26/01/2020 1000 0       
02751031 27/01/2020 1000 0       
