02752035 13/12/2019 1000 0       
02752035 14/12/2019 1000 0       
02752035 15/12/2019 1000 22.2    
02752035 16/12/2019 1000 49.2    
02752035 17/12/2019 1000 26.6    
02752035 18/12/2019 1000 0.2     
02752035 19/12/2019 1000 0.2     
02752035 20/12/2019 1000 0       
02752035 21/12/2019 1000 1.8     
02752035 22/12/2019 1000 0.2     
02752035 23/12/2019 1000 0       
02752035 24/12/2019 1000 0       
02752035 25/12/2019 1000 0       
02752035 26/12/2019 1000 0       
02752035 27/12/2019 1000 0       
02752035 28/12/2019 1000 0       
02752035 29/12/2019 1000 0       
02752035 30/12/2019 1000 18.2    
02752035 31/12/2019 1000 0       
02752035 01/01/2020 1000 1       
02752035 02/01/2020 1000 6.4     
02752035 03/01/2020 1000 0       
02752035 04/01/2020 1000 0       
02752035 05/01/2020 1000 29.6    
02752035 06/01/2020 1000 16      
02752035 07/01/2020 1000 0       
02752035 08/01/2020 1000 0       
02752035 09/01/2020 1000 0       
02752035 10/01/2020 1000 0       
02752035 11/01/2020 1000 18.8    
02752035 12/01/2020 1000 0       
02752035 13/01/2020 1000 0       
02752035 14/01/2020 1000 0       
02752035 15/01/2020 1000 0       
02752035 16/01/2020 1000 17.8    
02752035 17/01/2020 1000 24.2    
02752035 18/01/2020 1000 0       
02752035 19/01/2020 1000 0       
02752035 20/01/2020 1000 0       
02752035 21/01/2020 1000 0       
02752035 22/01/2020 1000 6.8     
02752035 23/01/2020 1000 8.4     
02752035 24/01/2020 1000 0       
02752035 25/01/2020 1000 0       
02752035 26/01/2020 1000 0       
02752035 27/01/2020 1000 0       
