02751030 13/12/2019 1000 0       
02751030 14/12/2019 1000 0       
02751030 15/12/2019 1000 0       
02751030 16/12/2019 1000 43.6    
02751030 17/12/2019 1000 5.4     
02751030 18/12/2019 1000 2.2     
02751030 19/12/2019 1000 0.2     
02751030 20/12/2019 1000 0       
02751030 21/12/2019 1000 0.2     
02751030 22/12/2019 1000 0.2     
02751030 23/12/2019 1000 0       
02751030 24/12/2019 1000 0       
02751030 25/12/2019 1000 0       
02751030 26/12/2019 1000 0       
02751030 27/12/2019 1000 0       
02751030 28/12/2019 1000 0       
02751030 29/12/2019 1000 0       
02751030 30/12/2019 1000 0.4     
02751030 31/12/2019 1000 0       
02751030 01/01/2020 1000 3.2     
02751030 02/01/2020 1000 3.8     
02751030 03/01/2020 1000 0       
02751030 04/01/2020 1000 0       
02751030 05/01/2020 1000 6.8     
02751030 06/01/2020 1000 0       
02751030 07/01/2020 1000 0       
02751030 08/01/2020 1000 0.6     
02751030 09/01/2020 1000 0       
02751030 10/01/2020 1000 0       
02751030 11/01/2020 1000 59.2    
02751030 12/01/2020 1000 0.2     
02751030 13/01/2020 1000 0       
02751030 14/01/2020 1000 0       
02751030 15/01/2020 1000 0       
02751030 16/01/2020 1000 18      
02751030 17/01/2020 1000 48.6    
02751030 18/01/2020 1000 0       
02751030 19/01/2020 1000 0       
02751030 20/01/2020 1000 0       
02751030 21/01/2020 1000 0       
02751030 22/01/2020 1000 7       
02751030 23/01/2020 1000 4.4     
02751030 24/01/2020 1000 0.2     
02751030 25/01/2020 1000 0       
02751030 26/01/2020 1000 0       
02751030 27/01/2020 1000 0       
