02752037 13/12/2019 1000 0       
02752037 14/12/2019 1000 0.8     
02752037 15/12/2019 1000 39.5    
02752037 16/12/2019 1000 14.5    
02752037 17/12/2019 1000 0.2     
02752037 18/12/2019 1000 0.2     
02752037 19/12/2019 1000 19.5    
02752037 20/12/2019 1000 0.5     
02752037 21/12/2019 1000 0.2     
02752037 22/12/2019 1000 0       
02752037 23/12/2019 1000 0.2     
02752037 24/12/2019 1000 0       
02752037 25/12/2019 1000 0.2     
02752037 26/12/2019 1000 0       
02752037 27/12/2019 1000 0       
02752037 28/12/2019 1000 0       
02752037 29/12/2019 1000 1       
02752037 30/12/2019 1000 0       
02752037 31/12/2019 1000 26.8    
02752037 01/01/2020 1000 12.5    
02752037 02/01/2020 1000 0       
02752037 03/01/2020 1000 0       
02752037 04/01/2020 1000 0       
02752037 05/01/2020 1000 0       
02752037 06/01/2020 1000 7       
02752037 07/01/2020 1000 0       
02752037 08/01/2020 1000 0       
02752037 09/01/2020 1000 3.2     
02752037 10/01/2020 1000 45.8    
02752037 11/01/2020 1000 20      
02752037 12/01/2020 1000 0       
02752037 13/01/2020 1000 0       
02752037 14/01/2020 1000 0       
02752037 15/01/2020 1000 0       
02752037 16/01/2020 1000 22      
02752037 17/01/2020 1000 15      
02752037 18/01/2020 1000 0       
02752037 19/01/2020 1000 0       
02752037 20/01/2020 1000 0       
02752037 21/01/2020 1000 0       
02752037 22/01/2020 1000 3.2     
02752037 23/01/2020 1000 7.8     
02752037 24/01/2020 1000 0       
02752037 25/01/2020 1000 0.2     
02752037 26/01/2020 1000 0       
02752037 27/01/2020 1000 0       
