02751029 13/12/2019 1000 0       
02751029 14/12/2019 1000 0       
02751029 15/12/2019 1000 0       
02751029 16/12/2019 1000 23.8    
02751029 17/12/2019 1000 12.6    
02751029 18/12/2019 1000 3.2     
02751029 19/12/2019 1000 0       
02751029 20/12/2019 1000 0       
02751029 21/12/2019 1000 17.6    
02751029 22/12/2019 1000 13.2    
02751029 23/12/2019 1000 0       
02751029 24/12/2019 1000 0       
02751029 25/12/2019 1000 0       
02751029 26/12/2019 1000 0       
02751029 27/12/2019 1000 0       
02751029 28/12/2019 1000 0       
02751029 29/12/2019 1000 0       
02751029 30/12/2019 1000 0       
02751029 31/12/2019 1000 0       
02751029 01/01/2020 1000 2.2     
02751029 02/01/2020 1000 1.8     
02751029 03/01/2020 1000 0       
02751029 04/01/2020 1000 0       
02751029 05/01/2020 1000 0       
02751029 06/01/2020 1000 0       
02751029 07/01/2020 1000 0       
02751029 08/01/2020 1000 2.2     
02751029 09/01/2020 1000 0       
02751029 10/01/2020 1000 0       
02751029 11/01/2020 1000 22.4    
02751029 12/01/2020 1000 1       
02751029 13/01/2020 1000 0       
02751029 14/01/2020 1000 0       
02751029 15/01/2020 1000 0       
02751029 16/01/2020 1000 15.2    
02751029 17/01/2020 1000 17.8    
02751029 18/01/2020 1000 0.2     
02751029 19/01/2020 1000 0       
02751029 20/01/2020 1000 0       
02751029 21/01/2020 1000 0       
02751029 22/01/2020 1000 2       
02751029 23/01/2020 1000 8.8     
02751029 24/01/2020 1000 0       
02751029 25/01/2020 1000 0       
02751029 26/01/2020 1000 0       
02751029 27/01/2020 1000 0       
