02751037 13/12/2019 1000 1.3     
02751037 14/12/2019 1000 0       
02751037 15/12/2019 1000 0       
02751037 16/12/2019 1000 33      
02751037 17/12/2019 1000 10.2    
02751037 18/12/2019 1000 6.1     
02751037 19/12/2019 1000 0       
02751037 20/12/2019 1000 0       
02751037 21/12/2019 1000 0.5     
02751037 22/12/2019 1000 2       
02751037 23/12/2019 1000 0       
02751037 24/12/2019 1000 0.3     
02751037 25/12/2019 1000 0       
02751037 26/12/2019 1000 0       
02751037 27/12/2019 1000 0       
02751037 28/12/2019 1000 0       
02751037 29/12/2019 1000 0       
02751037 30/12/2019 1000 0       
02751037 31/12/2019 1000 0       
02751037 01/01/2020 1000 0.5     
02751037 02/01/2020 1000 0       
02751037 03/01/2020 1000 0       
02751037 04/01/2020 1000 0       
02751037 05/01/2020 1000 0       
02751037 06/01/2020 1000 0       
02751037 07/01/2020 1000 0       
02751037 08/01/2020 1000 0       
02751037 09/01/2020 1000 0       
02751037 10/01/2020 1000 0       
02751037 11/01/2020 1000 20      
02751037 12/01/2020 1000 0       
02751037 13/01/2020 1000 0       
02751037 14/01/2020 1000 0       
02751037 15/01/2020 1000 0       
02751037 16/01/2020 1000 0       
02751037 17/01/2020 1000 0       
02751037 18/01/2020 1000 0       
02751037 19/01/2020 1000 0       
02751037 20/01/2020 1000 0       
02751037 21/01/2020 1000 0       
02751037 22/01/2020 1000 0       
02751037 23/01/2020 1000 0       
02751037 24/01/2020 1000 0       
02751037 25/01/2020 1000 0       
02751037 26/01/2020 1000 0       
02751037 27/01/2020 1000 0       
