02750040 13/12/2019 1000 0       
02750040 14/12/2019 1000 0       
02750040 15/12/2019 1000 0       
02750040 16/12/2019 1000 25      
02750040 17/12/2019 1000 10      
02750040 18/12/2019 1000 10      
02750040 19/12/2019 1000 1.8     
02750040 20/12/2019 1000 0.6     
02750040 21/12/2019 1000 0       
02750040 22/12/2019 1000 0       
02750040 23/12/2019 1000 0       
02750040 24/12/2019 1000 0       
02750040 25/12/2019 1000 0       
02750040 26/12/2019 1000 0       
02750040 27/12/2019 1000 0       
02750040 28/12/2019 1000 0       
02750040 29/12/2019 1000 0       
02750040 30/12/2019 1000 0       
02750040 31/12/2019 1000 0       
02750040 01/01/2020 1000 1       
02750040 02/01/2020 1000 3       
02750040 03/01/2020 1000 0       
02750040 04/01/2020 1000 0       
02750040 05/01/2020 1000 10      
02750040 06/01/2020 1000 5       
02750040 07/01/2020 1000 0       
02750040 08/01/2020 1000 0       
02750040 09/01/2020 1000 0       
02750040 10/01/2020 1000 0       
02750040 11/01/2020 1000 15      
02750040 12/01/2020 1000 0       
02750040 13/01/2020 1000 0       
02750040 14/01/2020 1000 0       
02750040 15/01/2020 1000 0       
02750040 16/01/2020 1000 10      
02750040 17/01/2020 1000 10      
02750040 18/01/2020 1000 0       
02750040 19/01/2020 1000 0       
02750040 20/01/2020 1000 0       
02750040 21/01/2020 1000 5       
02750040 22/01/2020 1000 0       
02750040 23/01/2020 1000 4       
02750040 24/01/2020 1000 0       
02750040 25/01/2020 1000 0       
02750040 26/01/2020 1000 0       
02750040 27/01/2020 1000 0       
