02850024 13/12/2019 0000 -       
02850024 14/12/2019 1000 0.6     
02850024 15/12/2019 1000 0       
02850024 16/12/2019 1000 32.6    
02850024 17/12/2019 1000 10.4    
02850024 18/12/2019 1000 1.8     
02850024 19/12/2019 1000 0       
02850024 20/12/2019 1000 0       
02850024 21/12/2019 1000 0       
02850024 22/12/2019 1000 0       
02850024 23/12/2019 1000 0       
02850024 24/12/2019 1000 0       
02850024 25/12/2019 1000 0       
02850024 26/12/2019 1000 0       
02850024 27/12/2019 1000 0       
02850024 28/12/2019 1000 0       
02850024 29/12/2019 1000 0       
02850024 30/12/2019 1000 0       
02850024 31/12/2019 1000 0       
02850024 01/01/2020 1000 5       
02850024 02/01/2020 1000 2       
02850024 03/01/2020 1000 0       
02850024 04/01/2020 1000 0       
02850024 05/01/2020 1000 10      
02850024 06/01/2020 1000 0       
02850024 07/01/2020 1000 0       
02850024 08/01/2020 1000 0.6     
02850024 09/01/2020 1000 0.2     
02850024 10/01/2020 1000 20      
02850024 11/01/2020 1000 30      
02850024 12/01/2020 1000 0       
02850024 13/01/2020 1000 0.2     
02850024 14/01/2020 1000 0       
02850024 15/01/2020 1000 0       
02850024 16/01/2020 1000 10      
02850024 17/01/2020 1000 0.2     
02850024 18/01/2020 1000 0       
02850024 19/01/2020 1000 0       
02850024 20/01/2020 1000 0       
02850024 21/01/2020 1000 0.4     
02850024 22/01/2020 1000 1.6     
02850024 23/01/2020 1000 0.4     
02850024 24/01/2020 1000 2.8     
02850024 25/01/2020 1000 0.2     
02850024 26/01/2020 1000 0       
02850024 27/01/2020 1000 0       
