02850030 13/12/2019 1000 8.4     
02850030 14/12/2019 1000 0       
02850030 15/12/2019 1000 0       
02850030 16/12/2019 1000 44.6    
02850030 17/12/2019 1000 7.4     
02850030 18/12/2019 1000 2.2     
02850030 19/12/2019 1000 0       
02850030 20/12/2019 1000 0       
02850030 21/12/2019 1000 0.4     
02850030 22/12/2019 1000 0       
02850030 23/12/2019 1000 0       
02850030 24/12/2019 1000 0       
02850030 25/12/2019 1000 0       
02850030 26/12/2019 1000 0       
02850030 27/12/2019 1000 0       
02850030 28/12/2019 1000 0       
02850030 29/12/2019 1000 0       
02850030 30/12/2019 1000 0       
02850030 31/12/2019 1000 1.2     
02850030 01/01/2020 1000 0       
02850030 02/01/2020 1000 39      
02850030 03/01/2020 1000 0       
02850030 04/01/2020 1000 0       
02850030 05/01/2020 1000 6.6     
02850030 06/01/2020 1000 0       
02850030 07/01/2020 1000 0       
02850030 08/01/2020 1000 38.8    
02850030 09/01/2020 1000 2       
02850030 10/01/2020 1000 32      
02850030 11/01/2020 1000 20      
02850030 12/01/2020 1000 0       
02850030 13/01/2020 1000 0       
02850030 14/01/2020 1000 0       
02850030 15/01/2020 1000 0       
02850030 16/01/2020 1000 25.2    
02850030 17/01/2020 1000 0       
02850030 18/01/2020 1000 0       
02850030 19/01/2020 1000 0       
02850030 20/01/2020 1000 0       
02850030 21/01/2020 1000 0       
02850030 22/01/2020 1000 3.8     
02850030 23/01/2020 1000 0.2     
02850030 24/01/2020 1000 0       
02850030 25/01/2020 1000 2.8     
02850030 26/01/2020 1000 0       
02850030 27/01/2020 1000 0       
