02854023 13/12/2019 1000 8       
02854023 14/12/2019 1000 0       
02854023 15/12/2019 1000 0.2     
02854023 16/12/2019 1000 12.4    
02854023 17/12/2019 1000 0       
02854023 18/12/2019 1000 0       
02854023 19/12/2019 1000 0       
02854023 20/12/2019 1000 0.4     
02854023 21/12/2019 1000 16.2    
02854023 22/12/2019 1000 0       
02854023 23/12/2019 1000 0       
02854023 24/12/2019 1000 0       
02854023 25/12/2019 1000 0       
02854023 26/12/2019 1000 0       
02854023 27/12/2019 1000 0       
02854023 28/12/2019 1000 0       
02854023 29/12/2019 1000 0       
02854023 30/12/2019 1000 27.8    
02854023 31/12/2019 1000 0       
02854023 01/01/2020 1000 0       
02854023 02/01/2020 1000 0       
02854023 03/01/2020 1000 0       
02854023 04/01/2020 1000 0       
02854023 05/01/2020 1000 0       
02854023 06/01/2020 1000 0       
02854023 07/01/2020 1000 0.8     
02854023 08/01/2020 1000 0       
02854023 09/01/2020 1000 0       
02854023 10/01/2020 1000 10      
02854023 11/01/2020 1000 22.2    
02854023 12/01/2020 1000 0       
02854023 13/01/2020 1000 0       
02854023 14/01/2020 1000 15      
02854023 15/01/2020 1000 2.4     
02854023 16/01/2020 1000 39.2    
02854023 17/01/2020 1000 12.6    
02854023 18/01/2020 1000 0       
02854023 19/01/2020 1000 0       
02854023 20/01/2020 1000 0       
02854023 21/01/2020 1000 0       
02854023 22/01/2020 1000 3.4     
02854023 23/01/2020 1000 5       
02854023 24/01/2020 1000 0       
02854023 25/01/2020 1000 0       
02854023 26/01/2020 1000 0       
02854023 27/01/2020 1000 0       
