02850026 13/12/2019 1000 1       
02850026 14/12/2019 1000 0.4     
02850026 15/12/2019 1000 0       
02850026 16/12/2019 1000 32      
02850026 17/12/2019 1000 7.2     
02850026 18/12/2019 1000 2.1     
02850026 19/12/2019 1000 0.2     
02850026 20/12/2019 1000 0       
02850026 21/12/2019 1000 2.4     
02850026 22/12/2019 1000 0.4     
02850026 23/12/2019 1000 0       
02850026 24/12/2019 1000 0       
02850026 25/12/2019 1000 0       
02850026 26/12/2019 1000 0       
02850026 27/12/2019 1000 0       
02850026 28/12/2019 1000 0       
02850026 29/12/2019 1000 0       
02850026 30/12/2019 1000 0       
02850026 31/12/2019 1000 0       
02850026 01/01/2020 1000 10.8    
02850026 02/01/2020 1000 0.4     
02850026 03/01/2020 1000 0       
02850026 04/01/2020 1000 0       
02850026 05/01/2020 1000 15.6    
02850026 06/01/2020 1000 1       
02850026 07/01/2020 1000 0       
02850026 08/01/2020 1000 0.2     
02850026 09/01/2020 1000 0       
02850026 10/01/2020 1000 46.2    
02850026 11/01/2020 1000 14      
02850026 12/01/2020 1000 0.2     
02850026 13/01/2020 1000 0       
02850026 14/01/2020 1000 0       
02850026 15/01/2020 1000 0       
02850026 16/01/2020 1000 32      
02850026 17/01/2020 1000 0.2     
02850026 18/01/2020 1000 0       
02850026 19/01/2020 1000 0       
02850026 20/01/2020 1000 0.2     
02850026 21/01/2020 1000 0.4     
02850026 22/01/2020 1000 4.4     
02850026 23/01/2020 1000 0.4     
02850026 24/01/2020 1000 0       
02850026 25/01/2020 1000 0.8     
02850026 26/01/2020 1000 0.2     
02850026 27/01/2020 1000 0.2     
