02850037 13/12/2019 0000 -       
02850037 14/12/2019 0000 -       
02850037 15/12/2019 0000 -       
02850037 16/12/2019 1000 4.5     
02850037 17/12/2019 1000 10.4    
02850037 18/12/2019 1000 8.8     
02850037 19/12/2019 1000 0       
02850037 20/12/2019 1000 0       
02850037 21/12/2019 1000 0.2     
02850037 22/12/2019 1000 0       
02850037 23/12/2019 1000 0       
02850037 24/12/2019 1000 0       
02850037 25/12/2019 1000 0       
02850037 26/12/2019 1000 0       
02850037 27/12/2019 1000 0       
02850037 28/12/2019 1000 0       
02850037 29/12/2019 1000 0       
02850037 30/12/2019 1000 0       
02850037 31/12/2019 1000 6.9     
02850037 01/01/2020 1000 0.2     
02850037 02/01/2020 1000 0.1     
02850037 03/01/2020 1000 0.2     
02850037 04/01/2020 1000 0       
02850037 05/01/2020 1000 0.2     
02850037 06/01/2020 1000 0       
02850037 07/01/2020 1000 0       
02850037 08/01/2020 1000 1.4     
02850037 09/01/2020 1000 1       
02850037 10/01/2020 1000 0.1     
02850037 11/01/2020 1000 37.9    
02850037 12/01/2020 1000 0.4     
02850037 13/01/2020 1000 0.2     
02850037 14/01/2020 1000 0       
02850037 15/01/2020 1000 0       
02850037 16/01/2020 1000 21      
02850037 17/01/2020 1000 0.2     
02850037 18/01/2020 1000 0       
02850037 19/01/2020 1000 0       
02850037 20/01/2020 1000 0.2     
02850037 21/01/2020 1000 1.8     
02850037 22/01/2020 1000 2       
02850037 23/01/2020 1000 1.2     
02850037 24/01/2020 1000 0.4     
02850037 25/01/2020 1000 0       
02850037 26/01/2020 1000 0       
02850037 27/01/2020 1000 0       
