02854022 13/12/2019 1000 17.2    
02854022 14/12/2019 1000 0       
02854022 15/12/2019 1000 1.2     
02854022 16/12/2019 1000 12.4    
02854022 17/12/2019 1000 0.2     
02854022 18/12/2019 1000 0.2     
02854022 19/12/2019 1000 0       
02854022 20/12/2019 1000 0       
02854022 21/12/2019 1000 21      
02854022 22/12/2019 1000 0.4     
02854022 23/12/2019 1000 0       
02854022 24/12/2019 1000 0       
02854022 25/12/2019 1000 0       
02854022 26/12/2019 1000 0       
02854022 27/12/2019 1000 0       
02854022 28/12/2019 1000 0       
02854022 29/12/2019 1000 0       
02854022 30/12/2019 1000 27.4    
02854022 31/12/2019 1000 0       
02854022 01/01/2020 1000 0       
02854022 02/01/2020 1000 0       
02854022 03/01/2020 1000 0       
02854022 04/01/2020 1000 0       
02854022 05/01/2020 1000 0       
02854022 06/01/2020 1000 0       
02854022 07/01/2020 1000 0       
02854022 08/01/2020 1000 0       
02854022 09/01/2020 1000 0       
02854022 10/01/2020 1000 10      
02854022 11/01/2020 1000 55      
02854022 12/01/2020 1000 0.2     
02854022 13/01/2020 1000 0       
02854022 14/01/2020 1000 26.2    
02854022 15/01/2020 1000 0       
02854022 16/01/2020 1000 31.8    
02854022 17/01/2020 1000 23.2    
02854022 18/01/2020 1000 0       
02854022 19/01/2020 1000 0       
02854022 20/01/2020 1000 0       
02854022 21/01/2020 1000 0       
02854022 22/01/2020 1000 6.6     
02854022 23/01/2020 1000 5.6     
02854022 24/01/2020 1000 0       
02854022 25/01/2020 1000 0       
02854022 26/01/2020 1000 0       
02854022 27/01/2020 1000 0.2     
