99990845 13/12/2019 1200 0.2     
99990845 14/12/2019 1200 2.6     
99990845 15/12/2019 1200 3.2     
99990845 16/12/2019 1200 16.6    
99990845 17/12/2019 1200 15.2    
99990845 18/12/2019 1200 50.4    
99990845 19/12/2019 1200 0.2     
99990845 20/12/2019 1200 0.2     
99990845 21/12/2019 1200 12      
99990845 22/12/2019 1200 0       
99990845 23/12/2019 1200 0       
99990845 24/12/2019 1200 0       
99990845 25/12/2019 1200 0       
99990845 26/12/2019 1200 0       
99990845 27/12/2019 1200 0       
99990845 28/12/2019 1200 0       
99990845 29/12/2019 1200 0       
99990845 30/12/2019 1200 0       
99990845 31/12/2019 1200 0.2     
99990845 01/01/2020 1200 65.2    
99990845 02/01/2020 1200 11.6    
99990845 03/01/2020 1200 70.8    
99990845 04/01/2020 1200 96.4    
99990845 05/01/2020 1200 8.2     
99990845 06/01/2020 1200 4.2     
99990845 07/01/2020 1200 0.2     
99990845 08/01/2020 1200 8.8     
99990845 09/01/2020 1200 7.8     
99990845 10/01/2020 1200 0.2     
99990845 11/01/2020 1200 34.8    
99990845 12/01/2020 1200 13.6    
99990845 13/01/2020 1200 0       
99990845 14/01/2020 1200 3       
99990845 15/01/2020 1200 0       
99990845 16/01/2020 1200 10.8    
99990845 17/01/2020 1200 10      
99990845 18/01/2020 1200 1       
99990845 19/01/2020 1200 0.2     
99990845 20/01/2020 1200 0.2     
99990845 21/01/2020 1200 0       
99990845 22/01/2020 1200 2.8     
99990845 23/01/2020 1200 39.4    
99990845 24/01/2020 1200 95.2    
99990845 25/01/2020 1200 23      
99990845 26/01/2020 1200 0.2     
99990845 27/01/2020 1200 0       
