99990880 13/12/2019 1200 12.8    
99990880 14/12/2019 1200 0       
99990880 15/12/2019 1200 0       
99990880 16/12/2019 1200 30.4    
99990880 17/12/2019 1200 8.8     
99990880 18/12/2019 1200 0.4     
99990880 19/12/2019 1200 0       
99990880 20/12/2019 1200 0       
99990880 21/12/2019 1200 0.4     
99990880 22/12/2019 1200 0       
99990880 23/12/2019 1200 0       
99990880 24/12/2019 1200 0       
99990880 25/12/2019 1200 0       
99990880 26/12/2019 1200 0       
99990880 27/12/2019 1200 0       
99990880 28/12/2019 1200 0       
99990880 29/12/2019 1200 0       
99990880 30/12/2019 1200 0       
99990880 31/12/2019 1200 0       
99990880 01/01/2020 1200 27.6    
99990880 02/01/2020 1200 9.4     
99990880 03/01/2020 1200 1.4     
99990880 04/01/2020 1200 0.2     
99990880 05/01/2020 1200 62      
99990880 06/01/2020 1200 1.4     
99990880 07/01/2020 1200 0       
99990880 08/01/2020 1200 13.2    
99990880 09/01/2020 1200 0.8     
99990880 10/01/2020 1200 29.4    
99990880 11/01/2020 1200 52.4    
99990880 12/01/2020 1200 0.2     
99990880 13/01/2020 1200 0.2     
99990880 14/01/2020 1200 0       
99990880 15/01/2020 1200 0       
99990880 16/01/2020 1200 14.2    
99990880 17/01/2020 1200 1.4     
99990880 18/01/2020 1200 0.2     
99990880 19/01/2020 1200 0       
99990880 20/01/2020 1200 0       
99990880 21/01/2020 1200 0       
99990880 22/01/2020 1200 2.6     
99990880 23/01/2020 1200 0.4     
99990880 24/01/2020 1200 0       
99990880 25/01/2020 1200 2.6     
99990880 26/01/2020 1200 0       
99990880 27/01/2020 1200 0       
