99990853 13/12/2019 1200 1.4     
99990853 14/12/2019 1200 0       
99990853 15/12/2019 1200 2.4     
99990853 16/12/2019 1200 5.6     
99990853 17/12/2019 1200 0.2     
99990853 18/12/2019 1200 0       
99990853 19/12/2019 1200 0       
99990853 20/12/2019 1200 0       
99990853 21/12/2019 1200 10.8    
99990853 22/12/2019 1200 0.2     
99990853 23/12/2019 1200 0       
99990853 24/12/2019 1200 0       
99990853 25/12/2019 1200 0       
99990853 26/12/2019 1200 0       
99990853 27/12/2019 1200 0       
99990853 28/12/2019 1200 0       
99990853 29/12/2019 1200 0.6     
99990853 30/12/2019 1200 0       
99990853 31/12/2019 1200 0       
99990853 01/01/2020 1200 13.2    
99990853 02/01/2020 1200 0       
99990853 03/01/2020 1200 0       
99990853 04/01/2020 1200 0       
99990853 05/01/2020 1200 0       
99990853 06/01/2020 1200 0       
99990853 07/01/2020 1200 0       
99990853 08/01/2020 1200 0       
99990853 09/01/2020 1200 0       
99990853 10/01/2020 1200 30.6    
99990853 11/01/2020 1200 69.8    
99990853 12/01/2020 1200 0       
99990853 13/01/2020 1200 0       
99990853 14/01/2020 1200 0       
99990853 15/01/2020 1200 0       
99990853 16/01/2020 1200 21.4    
99990853 17/01/2020 1200 8.6     
99990853 18/01/2020 1200 0       
99990853 19/01/2020 1200 0       
99990853 20/01/2020 1200 0       
99990853 21/01/2020 1200 1.6     
99990853 22/01/2020 1200 3.6     
99990853 23/01/2020 1200 2       
99990853 24/01/2020 1200 0       
99990853 25/01/2020 1200 0       
99990853 26/01/2020 1200 0       
99990853 27/01/2020 1200 0       
