99990828 13/12/2019 1200 0       
99990828 14/12/2019 1200 0       
99990828 15/12/2019 1200 20.2    
99990828 16/12/2019 1200 42.2    
99990828 17/12/2019 1200 23.2    
99990828 18/12/2019 1200 0.2     
99990828 19/12/2019 1200 0       
99990828 20/12/2019 1200 0       
99990828 21/12/2019 1200 1.4     
99990828 22/12/2019 1200 0       
99990828 23/12/2019 1200 0       
99990828 24/12/2019 1200 0       
99990828 25/12/2019 1200 0       
99990828 26/12/2019 1200 0       
99990828 27/12/2019 1200 0       
99990828 28/12/2019 1200 0       
99990828 29/12/2019 1200 0       
99990828 30/12/2019 1200 15.8    
99990828 31/12/2019 1200 0       
99990828 01/01/2020 1200 0.8     
99990828 02/01/2020 1200 5.6     
99990828 03/01/2020 1200 0       
99990828 04/01/2020 1200 0       
99990828 05/01/2020 1200 25.2    
99990828 06/01/2020 1200 13.2    
99990828 07/01/2020 1200 0       
99990828 08/01/2020 1200 0       
99990828 09/01/2020 1200 0       
99990828 10/01/2020 1200 1.4     
99990828 11/01/2020 1200 14      
99990828 12/01/2020 1200 0.2     
99990828 13/01/2020 1200 0       
99990828 14/01/2020 1200 0       
99990828 15/01/2020 1200 0       
99990828 16/01/2020 1200 16.6    
99990828 17/01/2020 1200 18.4    
99990828 18/01/2020 1200 0       
99990828 19/01/2020 1200 0       
99990828 20/01/2020 1200 0       
99990828 21/01/2020 1200 0.2     
99990828 22/01/2020 1200 7.4     
99990828 23/01/2020 1200 5.8     
99990828 24/01/2020 1200 0       
99990828 25/01/2020 1200 0       
99990828 26/01/2020 1200 0       
99990828 27/01/2020 1200 0       
