99990815 13/12/2019 1200 0.8     
99990815 14/12/2019 1200 0       
99990815 15/12/2019 1200 0       
99990815 16/12/2019 1200 22.8    
99990815 17/12/2019 1200 19      
99990815 18/12/2019 1200 19      
99990815 19/12/2019 1200 0       
99990815 20/12/2019 1200 0       
99990815 21/12/2019 1200 0       
99990815 22/12/2019 1200 0.2     
99990815 23/12/2019 1200 0       
99990815 24/12/2019 1200 0       
99990815 25/12/2019 1200 0       
99990815 26/12/2019 1200 0       
99990815 27/12/2019 1200 0       
99990815 28/12/2019 1200 0       
99990815 29/12/2019 1200 0       
99990815 30/12/2019 1200 0       
99990815 31/12/2019 1200 0       
99990815 01/01/2020 1200 0       
99990815 02/01/2020 1200 29.4    
99990815 03/01/2020 1200 0.8     
99990815 04/01/2020 1200 0.8     
99990815 05/01/2020 1200 0.8     
99990815 06/01/2020 1200 0.6     
99990815 07/01/2020 1200 0       
99990815 08/01/2020 1200 24.2    
99990815 09/01/2020 1200 7.2     
99990815 10/01/2020 1200 0.6     
99990815 11/01/2020 1200 37      
99990815 12/01/2020 1200 1.6     
99990815 13/01/2020 1200 0       
99990815 14/01/2020 1200 0       
99990815 15/01/2020 1200 0       
99990815 16/01/2020 1200 30      
99990815 17/01/2020 1200 2.6     
99990815 18/01/2020 1200 0       
99990815 19/01/2020 1200 0.2     
99990815 20/01/2020 1200 0       
99990815 21/01/2020 1200 2.2     
99990815 22/01/2020 1200 4.4     
99990815 23/01/2020 1200 1.2     
99990815 24/01/2020 1200 1.6     
99990815 25/01/2020 1200 1.2     
99990815 26/01/2020 1200 0       
99990815 27/01/2020 1200 0       
