99990860 13/12/2019 1200 0       
99990860 14/12/2019 1200 0       
99990860 15/12/2019 1200 0       
99990860 16/12/2019 1200 16.8    
99990860 17/12/2019 1200 9.6     
99990860 18/12/2019 1200 2.4     
99990860 19/12/2019 1200 0       
99990860 20/12/2019 1200 0       
99990860 21/12/2019 1200 0.6     
99990860 22/12/2019 1200 0       
99990860 23/12/2019 1200 0       
99990860 24/12/2019 1200 0       
99990860 25/12/2019 1200 0       
99990860 26/12/2019 1200 0       
99990860 27/12/2019 1200 0       
99990860 28/12/2019 1200 0       
99990860 29/12/2019 1200 0       
99990860 30/12/2019 1200 0       
99990860 31/12/2019 1200 0       
99990860 01/01/2020 1200 1.4     
99990860 02/01/2020 1200 0.2     
99990860 03/01/2020 1200 0       
99990860 04/01/2020 1200 0       
99990860 05/01/2020 1200 18.6    
99990860 06/01/2020 1200 0.6     
99990860 07/01/2020 1200 0       
99990860 08/01/2020 1200 8.6     
99990860 09/01/2020 1200 0       
99990860 10/01/2020 1200 2.8     
99990860 11/01/2020 1200 20      
99990860 12/01/2020 1200 0       
99990860 13/01/2020 1200 0       
99990860 14/01/2020 1200 0       
99990860 15/01/2020 1200 0       
99990860 16/01/2020 1200 7.2     
99990860 17/01/2020 1200 6.8     
99990860 18/01/2020 1200 0       
99990860 19/01/2020 1200 0       
99990860 20/01/2020 1200 0       
99990860 21/01/2020 1200 0       
99990860 22/01/2020 1200 2.8     
99990860 23/01/2020 1200 2.4     
99990860 24/01/2020 1200 0.2     
99990860 25/01/2020 1200 0.6     
99990860 26/01/2020 1200 0       
99990860 27/01/2020 1200 0       
