ONS-Operador Nacional Do Sistema Eletrico
Modelo Computacional SMAP
Versao: 3.0.0 Data: 23/09/2019

Iniciando execucao: 27-01-2020 12:53:09

Parametros
   Amplitude inicial: 0.5
   dm alvo: 0 (nao e necessario multiplicar por 100)
   Limite de iteracoes: 10000
   Particulas: 24
   Pulso inicial: 0.1
   Uso de pesos: on
   Gerar graficos: off
   Semente: 9952

Sub bacia: BG
cef: 0.99883039
*dm: 0.023438374
ebin: 42.966525
mape: 0.023409173
somacoef: 1.9754212
supin: 15.886646
Iteracoes: 10000
Iteracao otima: 9783
Tempo: 9.323 s

Qcal
[34](0,0,0,58.853171,53.792946,49.636044,46.166222,43.220714,40.678801,50.162303,53.389113,59.799287,57.380991,57.534664,50.353176,44.480712,46.199877,47.100729,155.34511,283.81857,222.8192,175.34525,139.27528,111.8177,132.90398,107.90788,88.053721,72.875548,61.225376,52.233498,45.293611,39.831351,35.518383,32.070871)
Rsolo
[34](0,0,42.0732,40.286248,38.58965,36.981388,35.516459,34.256646,35.64732,36.120164,37.539894,37.392748,37.628023,36.605972,35.30704,35.363368,35.359733,46.499777,58.592908,57.165671,55.04777,53.133708,51.088662,55.575648,54.15367,52.006338,49.90765,47.813701,45.859363,44.403513,42.762856,41.152073,39.579446,37.921276)
Rsub
[34](0,0,9.0606448,8.8047657,8.54295,8.2771598,8.0091181,7.7406854,7.4770092,7.2275226,6.9895481,6.7691921,6.5553241,6.3503727,6.1454539,5.9392037,5.7403276,5.5482034,5.4530107,5.5076224,5.540452,5.5438954,5.5230047,5.4783478,5.4908076,5.4844726,5.4519339,5.3962188,5.3196854,5.2259214,5.1214297,5.0056844,4.8802415,4.7466177)
Rsup
[34](0,0,0.47128424,0.35716666,0.27068171,0.20513838,0.15546582,0.11782106,0.43624633,0.56706799,0.79070602,0.74996513,0.78461014,0.60040003,0.45501814,0.53503246,0.58973385,3.8278779,7.6524901,5.8352348,4.4222811,3.3517652,2.540163,3.1719789,2.428706,1.8406149,1.3949253,1.0571557,0.80117418,0.60848982,0.46114905,0.34948563,0.26486058,0.20072678)
Peso chuva 
[34](1.6753419,0.5,0.53452055,0.5,0.5,0.5,0.5,0.5,1.2283362,0.86077997,2,2,0.60645617,0.5,0.5,0.67452972,0.8908571,1.3817065,0.92416185,0.5,0.5,0.5,0.5,0.84109253,0.5,0.5,0.5,0.5,0.5,0.5,0.5,0.5,0.5,1)
Previsao ETA40_LIMITES
[13] (2.2875,2.795,7.5625,19.46,14.54125,0.15,0.2625,0.4125,0.39375,27.51125,7.537625,7.537625,7.537625)
Previsao PMEDIA_ORIG
[13] (1.2,2.4,2.5,5.2,3.4,3.6,6.7,1.7,3.4,3.4,4.6,1.5,3.3)
Previsao PRECMEDIA_ETA40.GEFS
[13] (1.59,2.47,4.23,9.15,6.8,2.77,6.83,4.06,4.02,4.74,4.666,4.666,4.666)
Previsao PRECZERADA_ETA40
[13] (0,0,0,0,0,0,0,0,0,0,0,0,0)


Sub bacia: CN
cef: 0.99659924
*dm: 0.01542055
ebin: 52.072047
mape: 0.015040884
somacoef: 1.9815584
supin: 32.044003
Iteracoes: 10000
Iteracao otima: 8428
Tempo: 8.824 s

Qcal
[34](0,0,0,84.11605,78.10689,72.811204,68.163707,64.111455,60.562738,58.018858,56.271068,59.421296,65.55739,69.500846,79.273121,72.478309,77.084731,81.464777,88.118831,167.85406,229.81008,199.45499,173.80943,152.10689,141.46867,128.42861,114.06442,101.55391,90.863452,81.698714,73.824825,67.665311,63.481928,61.970039)
Rsolo
[34](0,0,108.1837,105.42414,102.79222,100.33204,97.964691,95.780667,94.653596,93.812607,94.598536,96.481252,97.999021,101.06499,99.388283,101.38419,103.46259,106.14855,116.81368,125.81646,122.96963,120.11021,117.35489,117.86111,117.28887,115.42171,112.62792,109.98966,107.56991,105.5537,104.28459,103.56188,103.4526,100.89361)
Rsub
[34](0,0,14.913268,14.652405,14.363566,14.065013,13.772666,13.486396,13.206076,12.931582,12.662794,12.399593,12.141862,11.889488,11.642361,11.40037,11.163408,10.931372,10.72848,10.66991,10.75039,10.783675,10.772349,10.720647,10.677355,10.626675,10.550508,10.437654,10.292587,10.120192,9.9270868,9.7231635,9.5210636,9.3231645)
Rsup
[34](0,0,1.1989289,1.008175,0.84777073,0.71288737,0.59946444,0.50408749,0.44552923,0.41599558,0.56897627,0.83294353,1.0141583,1.412759,1.1908155,1.3947791,1.5896156,1.8688909,4.8786965,7.2044376,6.0581857,5.0943066,4.2837842,3.8925087,3.4102695,2.8794532,2.4213218,2.0360809,1.7121331,1.4400526,1.2348214,1.1049405,1.0747755,0.90377487)
Peso chuva 
[34](0.5,2,1.9667459,0.5,0.60338511,0.5,0.5,0.5,0.5,0.5,0.93474512,0.8954402,0.80787826,1.3004055,0.5,2,1.7820238,1.0972925,1.1835835,1.805641,0.5,0.5,0.5,1.0296401,0.5,0.5,0.5,0.5,0.5,0.5,0.5,0.50874885,1.0743271,1)
Previsao ETA40_LIMITES
[13] (1.0525,2.6025,7.61875,17.68375,18.33375,2.85,2.43125,3.35875,3.77875,27.40875,8.711875,8.711875,8.711875)
Previsao PMEDIA_ORIG
[13] (0.5,1.6,1.7,4.4,3.6,2.1,6.9,2.9,2.5,2.8,3.1,1.9,2.8333333)
Previsao PRECMEDIA_ETA40.GEFS
[13] (0.93,2.38,4.24,8.46,7.77,4.07,9.24,4.36,3.56,4.21,4.922,4.922,4.922)
Previsao PRECZERADA_ETA40
[13] (0,0,0,0,0,0,0,0,0,0,0,0,0)


Sub bacia: FozChapeco
cef: 0.95084829
*dm: 0.05116932
ebin: 49.955791
mape: 0.014227042
somacoef: 1.9366212
supin: 7.9716803
Iteracoes: 10000
Iteracao otima: 9902
Tempo: 8.938 s

Qcal
[34](0,0,0,57.927471,56.17807,54.664327,53.346475,52.191535,51.172471,50.265924,49.45346,48.719478,48.051038,47.437409,47.314018,47.115125,46.485982,46.327559,46.187171,48.545814,47.562101,46.573217,45.865191,45.323209,45.993666,45.815361,44.852326,44.000563,43.241475,42.55964,42.045118,41.485671,40.948939,40.453082)
Rsolo
[34](0,0,70.1622,67.461871,64.851783,62.382228,60.130336,58.152465,56.015318,54.041367,51.945301,49.972621,48.28569,47.289749,46.289577,44.486064,43.560991,42.688244,42.793486,41.645072,40.054628,39.036253,38.130481,37.772147,37.169574,35.910633,34.662248,33.404084,32.262878,31.390557,30.428278,29.252173,28.124366,27.021491)
Rsub
[34](0,0,107.92587,107.08859,106.2578,105.43346,104.61552,103.80392,102.99861,102.19956,101.4067,100.62,99.839396,99.06485,98.296313,97.533738,96.777079,96.02629,95.281325,94.54214,93.80869,93.080929,92.358815,91.642302,90.931349,90.22591,89.525945,88.831409,88.142262,87.458462,86.779966,86.106734,85.438724,84.775897)
Rsup
[34](0,0,0.78208878,0.64848002,0.53769641,0.44583861,0.36967342,0.30655063,0.25418081,0.21075763,0.17475268,0.14489866,0.12014478,0.14321249,0.15859991,0.13150537,0.15032381,0.17064516,0.43587782,0.37293482,0.3092242,0.27280964,0.25242897,0.35074439,0.36553669,0.30308993,0.25131132,0.20837835,0.17277987,0.15335339,0.12927855,0.10719315,0.088880719,0.07369671)
Peso chuva 
[34](2,2,1.6119991,0.5,0.5,0.5,0.5,0.5,0.5,0.5,0.5,0.5,0.5,0.78226058,1.9718155,0.5,1.9058852,0.5,0.53033438,2,0.5,2,0.62315654,0.5,0.55393566,2,2,2,2,2,2,1.4881,2,1)
Previsao ETA40_LIMITES
[13] (0,0.35333333,12.996667,15.893333,9.59,0,0.54666667,0,0.16,33.203333,7.2743333,7.2743333,7.2743333)
Previsao PMEDIA_ORIG
[13] (0,0.8,3.9,6.2,3.7,0.8,13,2.5,1.6,2.4,2.6,0.8,3.1916667)
Previsao PRECMEDIA_ETA40.GEFS
[13] (0.08,1.11,7.75,11.37,4.94,6.76,13.85,5.88,2.69,4.52,5.895,5.895,5.895)
Previsao PRECZERADA_ETA40
[13] (0,0,0,0,0,0,0,0,0,0,0,0,0)


Sub bacia: Ita
cef: 0.98159502
*dm: 0.028657944
ebin: 56.65121
mape: 0.021966666
somacoef: 1.9596284
supin: 13.359201
Iteracoes: 10000
Iteracao otima: 9906
Tempo: 9.105 s

Qcal
[34](0,0,0,70.010412,66.550909,63.598551,61.028375,58.759977,56.722037,57.580009,57.217799,54.832077,57.342168,59.052244,55.724096,52.801531,50.260283,48.017683,60.672009,74.961157,83.272463,74.239024,66.955932,68.063733,74.378917,80.33131,81.899166,72.938046,65.154342,58.934569,53.965543,53.48993,49.521239,46.208995)
Rsolo
[34](0,0,124.2621,121.29403,118.41205,115.9171,113.56112,111.27312,110.71654,109.91861,107.60281,107.71052,107.78645,106.04477,103.96129,102.02639,100.04679,103.30271,107.35542,110.65728,109.37626,108.07594,109.19593,111.72802,114.37891,116.19729,114.78696,112.71414,110.62604,108.72422,108.43551,106.67419,104.81774,102.37194)
Rsub
[34](0,0,8.8952651,8.8120529,8.7075996,8.5844039,8.4471107,8.2980038,8.1386498,7.9824378,7.82752,7.6632294,7.5071077,7.3585655,7.204731,7.0438732,6.8776813,6.7064792,6.5637931,6.4548523,6.3742481,6.2880736,6.1966041,6.117168,6.0596328,6.0245325,6.005017,5.9754969,5.9316593,5.8744551,5.8062234,5.7390375,5.6626411,5.5771136)
Rsup
[34](0,0,0.4319647,0.33723881,0.26328543,0.20554935,0.16047427,0.12528374,0.18584157,0.20629828,0.16105896,0.27605406,0.36349871,0.28647351,0.2236525,0.17460756,0.13631772,0.58074604,1.0721635,1.3633405,1.0878465,0.87009625,0.92475285,1.1453101,1.3496267,1.4075509,1.1218153,0.87621124,0.68412469,0.53523314,0.53390525,0.41941469,0.32804679,0.25610914)
Peso chuva 
[34](2,0.5,1.852544,0.5,0.7843539,0.5,0.5,0.5,1.6696864,1.6331997,0.67008303,1.868115,1.1432948,0.5,0.53601786,1.2233641,2,0.86224322,0.78279314,1.6558916,2,2,1.6365015,0.72770539,0.83751065,1.8982705,2,1.5664916,0.99309208,0.5,1.9823826,1.3510378,2,1)
Previsao ETA40_LIMITES
[13] (0.1125,1.1125,11.2,13.275,10.3125,0.1,1.625,0.375,1.325,29.975,6.94125,6.94125,6.94125)
Previsao PMEDIA_ORIG
[13] (0.1,1,2.2,5.9,3,1.2,10.6,3.4,1.9,2.9,3.6,1,3.0666667)
Previsao PRECMEDIA_ETA40.GEFS
[13] (0.43,1.43,6.25,9.9,5.23,5.39,14.69,6.42,3.06,4.61,5.741,5.741,5.741)
Previsao PRECZERADA_ETA40
[13] (0,0,0,0,0,0,0,0,0,0,0,0,0)


Sub bacia: Machadinho
cef: 0.98951838
*dm: 0.01936889
ebin: 66.539871
mape: 0.016287709
somacoef: 1.9732307
supin: 0.29993704
Iteracoes: 10000
Iteracao otima: 9451
Tempo: 8.964 s

Qcal
[34](0,0,0,66.839808,65.308295,63.738643,62.125982,60.472589,58.786454,57.085037,65.994858,69.416549,61.622963,56.439781,52.787886,50.023086,47.770807,45.845202,97.252642,133.75301,167.17131,116.8428,85.819683,68.817018,90.271445,119.15002,127.32297,92.421653,71.943902,59.856664,64.596783,66.259346,56.486795,50.610008)
Rsolo
[34](0,0,194.1274,190.04771,186.08821,182.24713,178.57311,175.26845,172.10484,173.94864,175.33781,171.79689,168.58593,165.24784,161.86275,158.98426,156.46422,166.7731,177.08963,187.79238,185.91012,182.42623,180.67629,186.52894,194.05277,199.9019,195.96129,192.00315,188.17649,189.69467,190.84973,187.16613,183.69223,179.79507)
Rsub
[34](0,0,15.521409,15.193075,14.843895,14.477672,14.097834,13.707945,13.313075,12.91562,12.561612,12.244153,11.915494,11.580189,11.238337,10.890784,10.542842,10.197971,9.9618342,9.8348664,9.8213445,9.7896748,9.7255327,9.6486394,9.6347712,9.6998537,9.824047,9.8968932,9.9227641,9.9072753,9.9084193,9.9214632,9.8957746,9.8369971)
Rsup
[34](0,0,0.011337219,0.0066518892,0.0039028645,0.0022899286,0.0013435703,0.00078831332,0.00046252726,0.40164613,0.58834561,0.34520016,0.20253937,0.11883597,0.069724655,0.040909563,0.024505539,2.0235215,3.4414508,4.7251919,2.8250327,1.6575321,1.0252477,1.8486564,2.9424753,3.2408556,1.901508,1.1156722,0.65459861,0.8362786,0.89893588,0.52743286,0.3094608,0.18157001)
Peso chuva 
[34](2,0.5,2,0.56004733,1.1178671,0.66972321,0.5,0.5,0.5,0.83869762,1.4332041,0.5,0.5,0.5,0.5,0.5,0.5,0.64738063,0.56353249,1.777697,2,0.5,1.9222844,0.76557958,0.62392794,1.4221322,0.5,0.5,0.5,1.5958485,1.702984,0.5,2,1)
Previsao ETA40_LIMITES
[13] (0,0.7,10.1,13.95,10.125,0,1.625,0,0,34.35,7.085,7.085,7.085)
Previsao PMEDIA_ORIG
[13] (0,1.1,2.1,7.9,3.4,0.2,6.9,1,2.5,4.1,3.7,0.9,2.8166667)
Previsao PRECMEDIA_ETA40.GEFS
[13] (0.59,0.88,5.14,9.58,4.84,2.12,10.54,4.61,2.85,4.14,4.529,4.529,4.529)
Previsao PRECZERADA_ETA40
[13] (0,0,0,0,0,0,0,0,0,0,0,0,0)


Sub bacia: Monjolinho
cef: 0.99132377
*dm: 0.021694328
ebin: 19.955415
mape: 0.019883836
somacoef: 1.9714399
supin: 1.1081351
Iteracoes: 10000
Iteracao otima: 9386
Tempo: 9.373 s

Qcal
[34](0,0,0,21.063551,20.319437,19.660756,19.080147,18.781833,18.9931,18.555224,17.856053,17.24457,16.710778,16.760255,16.248277,15.694068,22.929301,43.108439,61.355613,63.386698,52.791138,44.739151,43.551058,51.761819,68.84228,66.993516,54.830778,45.87108,38.096397,36.877475,34.511917,28.169999,23.320574,19.676294)
Rsolo
[34](0,0,137.7066,134.5463,131.73022,129.43271,127.81081,126.84069,125.3213,123.0801,120.87975,118.80577,117.74568,116.00349,113.79724,117.82884,127.04156,136.4591,142.11553,142.1041,142.02336,144.68089,150.35354,158.15423,161.97773,161.44754,160.98231,159.91223,161.1915,161.76929,159.24492,156.0271,152.96757,149.39557)
Rsub
[34](0,0,19.854809,19.401324,18.958197,18.525191,18.102075,17.688624,17.284615,16.889834,16.504069,16.127116,15.758772,15.398841,15.047131,14.703454,14.367627,14.03947,13.718808,13.40547,13.099288,12.8001,12.507746,12.222068,11.942916,11.670139,11.403593,11.143135,10.888625,10.639928,10.396912,10.159446,9.9274043,9.7006621)
Rsup
[34](0,0,0.096782258,0.07160002,0.052970069,0.040270328,0.051357474,0.10610219,0.10332304,0.076912974,0.057369889,0.043838805,0.080493405,0.067373184,0.049843033,0.71192166,2.5038055,4.1262823,4.331821,3.4339314,2.757564,2.6800613,3.4228355,4.939685,4.8027219,3.7643976,3.0052734,2.3491116,2.2649944,2.0802221,1.547664,1.1449699,0.84705474,0.62665552)
Peso chuva 
[34](2,0.5,0.5,1.949293,2,1.0505487,0.5,0.5,0.5,0.79096959,1.3959465,0.77183832,0.76926885,1.7450676,1.9994138,1.6247972,0.64374377,0.68590964,1.8254376,2,2,1.3037768,0.50129835,0.80342841,2,2,2,2,1.5605926,1.9086372,2,1.5991498,2,1)
Previsao ETA40_LIMITES
[13] (0,0,17.2,14,5.7,0,0.7,0,0,28.6,6.62,6.62,6.62)
Previsao PMEDIA_ORIG
[13] (0,0.1,4.7,6.8,1.8,1,7.5,1.9,2,2.8,3.1,0.4,2.675)
Previsao PRECMEDIA_ETA40.GEFS
[13] (0.39,0.13,8.6,11.67,3.26,3.01,10.66,5.69,3.15,4.87,5.143,5.143,5.143)
Previsao PRECZERADA_ETA40
[13] (0,0,0,0,0,0,0,0,0,0,0,0,0)


Sub bacia: QQueixo
cef: 0.99256857
*dm: 0.013377045
ebin: 23.569069
mape: 0.011122911
somacoef: 1.9814457
supin: 15.606661
Iteracoes: 10000
Iteracao otima: 6867
Tempo: 8.911 s

Qcal
[34](0,0,0,39.17573,36.790296,34.700496,32.919994,31.504904,30.04988,28.749735,27.57642,26.509005,25.530309,24.629033,23.794992,23.015103,22.279469,28.118884,31.867081,29.784672,27.949725,26.323615,24.874375,25.922425,28.520746,31.052416,28.855825,26.932036,25.248644,23.75796,22.430075,21.24,20.165884,19.189747)
Rsolo
[34](0,0,192.7352,188.48899,184.64993,182.06601,180.19158,176.8211,173.2498,169.7517,166.36418,163.38319,160.8064,157.99972,155.13433,152.44528,160.73254,167.32379,164.12422,160.959,157.90686,155.139,158.51469,163.96223,169.42405,166.27565,163.59145,161.19197,158.11227,155.15488,152.22372,149.37531,146.57993,143.86397)
Rsub
[34](0,0,33.797509,33.708626,33.547657,33.325647,33.066372,32.782926,32.453145,32.076772,31.657805,31.200556,30.713044,30.202535,29.667627,29.10932,28.531443,28.069799,27.707884,27.310141,26.879349,26.419169,25.935114,25.504202,25.154599,24.889032,24.585155,24.25154,23.893657,23.504267,23.086983,22.644041,22.178237,21.69187)
Rsup
[34](0,0,3.4334073,2.9222566,2.4872038,2.1295601,1.8580227,1.5814084,1.3459752,1.1455923,0.97504153,0.82988161,0.706397,0.6012317,0.51172295,0.43553987,1.8088454,2.7042589,2.3016606,1.9589994,1.6673522,1.419124,1.7239533,2.3616834,2.9722764,2.5297769,2.1531704,1.8340127,1.5609729,1.3285821,1.1307886,0.96244173,0.81915761,0.697205)
Peso chuva 
[34](0.5,0.76757711,0.6119216,0.5,0.50002664,0.5,0.5,0.5,0.5,0.5,0.50233423,0.5,0.5,0.5,0.5,0.5,2,1.1343361,0.5,0.5,0.5,0.5,1.3928958,0.68355138,0.76893606,0.5,0.5,0.5,0.5,0.5,0.5,0.5,0.5,1)
Previsao ETA40_LIMITES
[13] (0,1.15,13.9,14.25,11.8,0.25,3.85,1.25,3.9,26,7.635,7.635,7.635)
Previsao PMEDIA_ORIG
[13] (0,1.5,2.8,4.2,3.3,2,10.2,3.3,1.8,2.5,3,1.4,3)
Previsao PRECMEDIA_ETA40.GEFS
[13] (0.15,2.31,7.78,9.34,5.92,8.33,17.88,7.28,3.13,4.6,6.672,6.672,6.672)
Previsao PRECZERADA_ETA40
[13] (0,0,0,0,0,0,0,0,0,0,0,0,0)


Sub bacia: SJoao
cef: 0.99058116
*dm: 0.023747122
ebin: 86.495872
mape: 0.021799342
somacoef: 1.9687818
supin: 10.991063
Iteracoes: 10000
Iteracao otima: 8864
Tempo: 8.843 s

Qcal
[33](0,0,97.486934,93.580475,90.301508,92.14159,88.945,89.744435,86.690762,83.461471,80.68838,78.248322,76.046698,74.057255,72.246058,70.5732,69.016463,73.206116,93.345074,109.73544,129.25062,147.10187,160.64705,178.86613,184.41674,184.74697,157.89576,136.31614,120.32102,108.82519,100.807,94.752886,89.568001)
Rsolo
[33](0,51.3339,49.33586,47.469698,47.316029,46.297957,46.086573,45.400794,44.071669,42.80827,41.50853,40.275819,39.092198,37.945118,36.831698,36.056273,37.246287,42.496089,47.768767,53.729088,59.582784,64.86553,70.419745,74.418016,77.439917,75.358151,71.832076,68.875748,66.833444,65.16296,63.562456,61.708338,59.23884)
Rsub
[33](0,38.514655,38.048608,37.530635,36.969424,36.414699,35.843236,35.277132,34.704168,34.10928,33.496184,32.866079,32.239325,31.624524,31.021447,30.429871,29.849576,29.280347,28.752287,28.366751,28.172504,28.197942,28.44787,28.960322,29.674929,30.546923,31.283477,31.814849,32.185626,32.450607,32.632951,32.740161,32.765586)
Rsup
[33](0,0.35869096,0.26536145,0.19631579,0.29749817,0.23383443,0.30180685,0.24364118,0.18024702,0.13334768,0.098651313,0.072982757,0.053993025,0.039944322,0.029551018,0.022104426,0.20136319,0.90031304,1.4739111,2.1390412,2.7358495,3.1760288,3.7522873,3.8958721,3.8542748,2.9140822,2.1558532,1.5949115,1.1925728,0.91148007,0.70054127,0.52347618,0.38727041)
Peso chuva 
[33](1.944601,2,0.5,0.5,1.621791,0.5,0.95575061,0.5,0.5,0.5,0.5759028,1.5382787,0.5,0.5,0.5,0.5,0.5,0.70722103,0.71951117,0.75749503,1.7562841,0.70941151,0.5,0.52261063,0.5,0.5,0.5,0.5,0.5,0.5,0.5,0.5,1)
Previsao ETA40_LIMITES
[13] (0,0,11.1225,11.15125,1.50375,0,0,0,0,32,5.57775,5.57775,5.57775)
Previsao PMEDIA_ORIG
[13] (0.1,0.1,6,8.7,1,1.1,6,3.6,3.6,6.9,3.1,0.5,3.3916667)
Previsao PRECMEDIA_ETA40.GEFS
[13] (0.05,0.06,9.88,11.81,1.31,2.33,6.46,5.51,4.01,6.73,4.815,4.815,4.815)
Previsao PRECZERADA_ETA40
[13] (0,0,0,0,0,0,0,0,0,0,0,0,0)


Tempo de execucao em: 29 s

Finalizando execucao: 27-01-2020 12:54:24

