02752032 23/01/2020 1000 1       
02752032 24/01/2020 1000 0       
02752032 25/01/2020 1000 0       
02752032 26/01/2020 1000 0       
02752032 27/01/2020 1000 0       
02752032 28/01/2020 1000 0       
02752032 29/01/2020 1000 0.8     
02752032 30/01/2020 1000 56.8    
02752032 31/01/2020 1000 0.8     
02752032 01/02/2020 1000 0.2     
02752032 02/02/2020 1000 0       
02752032 03/02/2020 1000 9.4     
02752032 04/02/2020 1000 0       
02752032 05/02/2020 1000 0       
02752032 06/02/2020 1000 0       
02752032 07/02/2020 1000 0       
02752032 08/02/2020 1000 0       
02752032 09/02/2020 1000 6.6     
02752032 10/02/2020 1000 25      
02752032 11/02/2020 1000 0       
02752032 12/02/2020 1000 0       
02752032 13/02/2020 1000 0       
02752032 14/02/2020 1000 0       
02752032 15/02/2020 1000 0       
02752032 16/02/2020 1000 9       
02752032 17/02/2020 1000 0       
02752032 18/02/2020 1000 0       
02752032 19/02/2020 1000 8       
02752032 20/02/2020 1000 0.2     
02752032 21/02/2020 1000 0       
02752032 22/02/2020 1000 0       
02752032 23/02/2020 1000 0       
02752032 24/02/2020 1000 0       
02752032 25/02/2020 1000 3.6     
02752032 26/02/2020 1000 74      
02752032 27/02/2020 1000 0.2     
02752032 28/02/2020 1000 0       
02752032 29/02/2020 1000 0       
02752032 01/03/2020 1000 0       
02752032 02/03/2020 1000 0       
02752032 03/03/2020 1000 0       
02752032 04/03/2020 1000 0       
02752032 05/03/2020 1000 0       
02752032 06/03/2020 1000 0       
02752032 07/03/2020 1000 0       
02752032 08/03/2020 1000 0       
02752032 09/03/2020 1000 19.636875000843165