02751034 23/01/2020 1000 6.6     
02751034 24/01/2020 1000 0       
02751034 25/01/2020 1000 1.6     
02751034 26/01/2020 1000 0       
02751034 27/01/2020 1000 0       
02751034 28/01/2020 1000 0       
02751034 29/01/2020 1000 0       
02751034 30/01/2020 1000 13.4    
02751034 31/01/2020 1000 0       
02751034 01/02/2020 1000 0.2     
02751034 02/02/2020 1000 0       
02751034 03/02/2020 1000 0       
02751034 04/02/2020 1000 0       
02751034 05/02/2020 1000 0       
02751034 06/02/2020 1000 0       
02751034 07/02/2020 1000 0       
02751034 08/02/2020 1000 0       
02751034 09/02/2020 1000 0       
02751034 10/02/2020 1000 21.2    
02751034 11/02/2020 1000 0       
02751034 12/02/2020 1000 0       
02751034 13/02/2020 1000 0       
02751034 14/02/2020 1000 0       
02751034 15/02/2020 1000 0       
02751034 16/02/2020 1000 0       
02751034 17/02/2020 1000 1.4     
02751034 18/02/2020 1000 0.4     
02751034 19/02/2020 1000 0       
02751034 20/02/2020 1000 0       
02751034 21/02/2020 1000 0       
02751034 22/02/2020 1000 0       
02751034 23/02/2020 1000 0       
02751034 24/02/2020 1000 0       
02751034 25/02/2020 1000 33      
02751034 26/02/2020 1000 146.4   
02751034 27/02/2020 1000 1.2     
02751034 28/02/2020 1000 0       
02751034 29/02/2020 1000 0       
02751034 01/03/2020 1000 0       
02751034 02/03/2020 1000 0       
02751034 03/03/2020 1000 0       
02751034 04/03/2020 1000 0       
02751034 05/03/2020 1000 0       
02751034 06/03/2020 1000 0       
02751034 07/03/2020 1000 0       
02751034 08/03/2020 1000 3.4     
02751034 09/03/2020 1000 1.0480859374683085