02851061 23/01/2020 1000 1       
02851061 24/01/2020 1000 0       
02851061 25/01/2020 1000 0       
02851061 26/01/2020 1000 0       
02851061 27/01/2020 1000 0       
02851061 28/01/2020 1000 1.4     
02851061 29/01/2020 1000 0       
02851061 30/01/2020 1000 16.8    
02851061 31/01/2020 1000 0.4     
02851061 01/02/2020 1000 0.2     
02851061 02/02/2020 1000 0       
02851061 03/02/2020 1000 0       
02851061 04/02/2020 1000 24.6    
02851061 05/02/2020 1000 0       
02851061 06/02/2020 1000 0       
02851061 07/02/2020 1000 0       
02851061 08/02/2020 1000 0       
02851061 09/02/2020 1000 0.4     
02851061 10/02/2020 1000 0       
02851061 11/02/2020 1000 0       
02851061 12/02/2020 1000 0       
02851061 13/02/2020 1000 0       
02851061 14/02/2020 1000 0       
02851061 15/02/2020 1000 0       
02851061 16/02/2020 1000 0       
02851061 17/02/2020 1000 0       
02851061 18/02/2020 1000 0       
02851061 19/02/2020 1000 0       
02851061 20/02/2020 1000 0       
02851061 21/02/2020 1000 0       
02851061 22/02/2020 1000 0       
02851061 23/02/2020 1000 0       
02851061 24/02/2020 1000 0       
02851061 25/02/2020 1000 1.6     
02851061 26/02/2020 1000 85.6    
02851061 27/02/2020 1000 2.8     
02851061 28/02/2020 1000 0       
02851061 29/02/2020 1000 0       
02851061 01/03/2020 1000 0       
02851061 02/03/2020 1000 0       
02851061 03/03/2020 1000 0       
02851061 04/03/2020 1000 8.2     
02851061 05/03/2020 1000 0       
02851061 06/03/2020 1000 0       
02851061 07/03/2020 1000 0       
02851061 08/03/2020 1000 0       
02851061 09/03/2020 1000 4.292943554663734