99990839 23/01/2020 1200 2.8     
99990839 24/01/2020 1200 0       
99990839 25/01/2020 1200 0       
99990839 26/01/2020 1200 0       
99990839 27/01/2020 1200 0       
99990839 28/01/2020 1200 16.6    
99990839 29/01/2020 1200 0.4     
99990839 30/01/2020 1200 18.4    
99990839 31/01/2020 1200 0.2     
99990839 01/02/2020 1200 0.2     
99990839 02/02/2020 1200 0       
99990839 03/02/2020 1200 0       
99990839 04/02/2020 1200 24      
99990839 05/02/2020 1200 0       
99990839 06/02/2020 1200 0       
99990839 07/02/2020 1200 0       
99990839 08/02/2020 1200 0       
99990839 09/02/2020 1200 0.4     
99990839 10/02/2020 1200 0       
99990839 11/02/2020 1200 0       
99990839 12/02/2020 1200 0       
99990839 13/02/2020 1200 0       
99990839 14/02/2020 1200 0       
99990839 15/02/2020 1200 0       
99990839 16/02/2020 1200 0       
99990839 17/02/2020 1200 0.4     
99990839 18/02/2020 1200 0       
99990839 19/02/2020 1200 9.4     
99990839 20/02/2020 1200 0       
99990839 21/02/2020 1200 0       
99990839 22/02/2020 1200 0       
99990839 23/02/2020 1200 0       
99990839 24/02/2020 1200 0       
99990839 25/02/2020 1200 1.6     
99990839 26/02/2020 1200 42.6    
99990839 27/02/2020 1200 0       
99990839 28/02/2020 1200 0       
99990839 29/02/2020 1200 0       
99990839 01/03/2020 1200 0       
99990839 02/03/2020 1200 0       
99990839 03/03/2020 1200 0       
99990839 04/03/2020 1200 0       
99990839 05/03/2020 1200 0       
99990839 06/03/2020 1200 0       
99990839 07/03/2020 1200 0       
99990839 08/03/2020 1200 0       
99990839 09/03/2020 1200 0.016744375002120747