99990829 23/01/2020 1200 1.8     
99990829 24/01/2020 1200 7.2     
99990829 25/01/2020 1200 1.4     
99990829 26/01/2020 1200 0       
99990829 27/01/2020 1200 0       
99990829 28/01/2020 1200 0.4     
99990829 29/01/2020 1200 8.2     
99990829 30/01/2020 1200 10.8    
99990829 31/01/2020 1200 1.4     
99990829 01/02/2020 1200 11.4    
99990829 02/02/2020 1200 0.2     
99990829 03/02/2020 1200 0       
99990829 04/02/2020 1200 0.2     
99990829 05/02/2020 1200 0.2     
99990829 06/02/2020 1200 0.2     
99990829 07/02/2020 1200 0.4     
99990829 08/02/2020 1200 0.2     
99990829 09/02/2020 1200 3.2     
99990829 10/02/2020 1200 5       
99990829 11/02/2020 1200 0       
99990829 12/02/2020 1200 0       
99990829 13/02/2020 1200 0       
99990829 14/02/2020 1200 0       
99990829 15/02/2020 1200 0       
99990829 16/02/2020 1200 0       
99990829 17/02/2020 1200 18.4    
99990829 18/02/2020 1200 0.2     
99990829 19/02/2020 1200 1.8     
99990829 20/02/2020 1200 0.2     
99990829 21/02/2020 1200 0       
99990829 22/02/2020 1200 0       
99990829 23/02/2020 1200 0.2     
99990829 24/02/2020 1200 0.2     
99990829 25/02/2020 1200 19      
99990829 26/02/2020 1200 11.8    
99990829 27/02/2020 1200 4.2     
99990829 28/02/2020 1200 0.2     
99990829 29/02/2020 1200 0.2     
99990829 01/03/2020 1200 0.2     
99990829 02/03/2020 1200 0       
99990829 03/03/2020 1200 0       
99990829 04/03/2020 1200 0       
99990829 05/03/2020 1200 0.2     
99990829 06/03/2020 1200 0.2     
99990829 07/03/2020 1200 0       
99990829 08/03/2020 1200 0.2     
99990829 09/03/2020 1200 0.07470022993716169