00083721 23/01/2020 1200 5       
00083721 24/01/2020 1200 11      
00083721 25/01/2020 1200 0       
00083721 26/01/2020 1200 0       
00083721 27/01/2020 1200 0       
00083721 28/01/2020 1200 0       
00083721 29/01/2020 1200 2       
00083721 30/01/2020 1200 0       
00083721 31/01/2020 1200 1       
00083721 01/02/2020 1200 18      
00083721 02/02/2020 1200 7       
00083721 03/02/2020 1200 21      
00083721 04/02/2020 1200 16      
00083721 05/02/2020 1200 37      
00083721 06/02/2020 1200 0.7     
00083721 07/02/2020 1200 1       
00083721 08/02/2020 1200 9       
00083721 09/02/2020 1200 0       
00083721 10/02/2020 1200 56      
00083721 11/02/2020 1200 20      
00083721 12/02/2020 1200 0.1     
00083721 13/02/2020 1200 0       
00083721 14/02/2020 1200 0       
00083721 15/02/2020 1200 0       
00083721 16/02/2020 1200 0       
00083721 17/02/2020 1200 0       
00083721 18/02/2020 1200 0       
00083721 19/02/2020 1200 0       
00083721 20/02/2020 1200 1       
00083721 21/02/2020 1200 6       
00083721 22/02/2020 1200 49      
00083721 23/02/2020 1200 8       
00083721 24/02/2020 1200 0       
00083721 25/02/2020 1200 25      
00083721 26/02/2020 1200 14      
00083721 27/02/2020 1200 24      
00083721 28/02/2020 1200 0       
00083721 29/02/2020 1200 13      
00083721 01/03/2020 1200 0       
00083721 02/03/2020 1200 0       
00083721 03/03/2020 1200 0       
00083721 04/03/2020 1200 0       
00083721 05/03/2020 1200 0       
00083721 06/03/2020 1200 0       
00083721 07/03/2020 1200 0       
00083721 08/03/2020 1200 0       
00083721 09/03/2020 1200 0.0