02150091 23/01/2020 1000 50.8    
02150091 24/01/2020 1000 18.6    
02150091 25/01/2020 1000 0       
02150091 26/01/2020 1000 0       
02150091 27/01/2020 1000 0       
02150091 28/01/2020 1000 0       
02150091 29/01/2020 1000 0       
02150091 30/01/2020 1000 3.2     
02150091 31/01/2020 1000 26      
02150091 01/02/2020 1000 10      
02150091 02/02/2020 1000 19.8    
02150091 03/02/2020 1000 5.8     
02150091 04/02/2020 1000 37.8    
02150091 05/02/2020 1000 4.6     
02150091 06/02/2020 1000 1       
02150091 07/02/2020 1000 5.6     
02150091 08/02/2020 1000 8.6     
02150091 09/02/2020 1000 0       
02150091 10/02/2020 1000 30      
02150091 11/02/2020 1000 15.6    
02150091 12/02/2020 1000 0       
02150091 13/02/2020 1000 0       
02150091 14/02/2020 1000 0       
02150091 15/02/2020 1000 0       
02150091 16/02/2020 1000 13.4    
02150091 17/02/2020 1000 26.8    
02150091 18/02/2020 1000 0.2     
02150091 19/02/2020 1000 0.6     
02150091 20/02/2020 1000 0       
02150091 21/02/2020 1000 25      
02150091 22/02/2020 1000 0       
02150091 23/02/2020 1000 0       
02150091 24/02/2020 1000 0       
02150091 25/02/2020 1000 2.6     
02150091 26/02/2020 1000 15      
02150091 27/02/2020 1000 1       
02150091 28/02/2020 1000 0       
02150091 29/02/2020 1000 0       
02150091 01/03/2020 1000 0       
02150091 02/03/2020 1000 0       
02150091 03/03/2020 1000 0       
02150091 04/03/2020 1000 0       
02150091 05/03/2020 1000 0       
02150091 06/03/2020 1000 0       
02150091 07/03/2020 1000 0       
02150091 08/03/2020 1000 0       
02150091 09/03/2020 1000 0.0