02347213 23/01/2020 1000 0.4     
02347213 24/01/2020 1000 0.6     
02347213 25/01/2020 1000 5.2     
02347213 26/01/2020 1000 0       
02347213 27/01/2020 1000 0       
02347213 28/01/2020 1000 0       
02347213 29/01/2020 1000 23.2    
02347213 30/01/2020 1000 0       
02347213 31/01/2020 1000 17.8    
02347213 01/02/2020 1000 11.2    
02347213 02/02/2020 1000 28.2    
02347213 03/02/2020 1000 34.2    
02347213 04/02/2020 1000 36.6    
02347213 05/02/2020 1000 5       
02347213 06/02/2020 1000 4       
02347213 07/02/2020 1000 22.2    
02347213 08/02/2020 1000 4.8     
02347213 09/02/2020 1000 0       
02347213 10/02/2020 1000 50      
02347213 11/02/2020 1000 82.6    
02347213 12/02/2020 1000 2.2     
02347213 13/02/2020 1000 0       
02347213 14/02/2020 1000 0       
02347213 15/02/2020 1000 0       
02347213 16/02/2020 1000 0       
02347213 17/02/2020 1000 0       
02347213 18/02/2020 1000 0       
02347213 19/02/2020 1000 13.2    
02347213 20/02/2020 1000 6.4     
02347213 21/02/2020 1000 30      
02347213 22/02/2020 1000 0       
02347213 23/02/2020 1000 0       
02347213 24/02/2020 1000 3.4     
02347213 25/02/2020 1000 20      
02347213 26/02/2020 1000 19      
02347213 27/02/2020 1000 3.4     
02347213 28/02/2020 1000 0.6     
02347213 29/02/2020 1000 9       
02347213 01/03/2020 1000 0.6     
02347213 02/03/2020 1000 1       
02347213 03/03/2020 1000 0       
02347213 04/03/2020 1000 0       
02347213 05/03/2020 1000 0       
02347213 06/03/2020 1000 0       
02347213 07/03/2020 1000 0       
02347213 08/03/2020 1000 0       
02347213 09/03/2020 1000 0.0029323437503456064