01547046 13/01/2020 1000 0       
01547046 14/01/2020 1000 0       
01547046 15/01/2020 1000 0       
01547046 16/01/2020 1000 0       
01547046 17/01/2020 1000 0       
01547046 18/01/2020 1000 1       
01547046 19/01/2020 1000 0       
01547046 20/01/2020 1000 0       
01547046 21/01/2020 1000 23      
01547046 22/01/2020 1000 6       
01547046 23/01/2020 1000 10      
01547046 24/01/2020 1000 13      
01547046 25/01/2020 1000 5       
01547046 26/01/2020 1000 19      
01547046 27/01/2020 1000 11      
01547046 28/01/2020 1000 1       
01547046 29/01/2020 1000 0       
01547046 30/01/2020 1000 1       
01547046 31/01/2020 1000 0       
01547046 01/02/2020 1000 0       
01547046 02/02/2020 1000 0       
01547046 03/02/2020 1000 0       
01547046 04/02/2020 1000 2       
01547046 05/02/2020 1000 3       
01547046 06/02/2020 1000 3       
01547046 07/02/2020 1000 0       
01547046 08/02/2020 1000 0       
01547046 09/02/2020 1000 0       
01547046 10/02/2020 1000 0       
01547046 11/02/2020 1000 1       
01547046 12/02/2020 1000 3       
01547046 13/02/2020 1000 11      
01547046 14/02/2020 1000 30      
01547046 15/02/2020 1000 0       
01547046 16/02/2020 1000 2       
01547046 17/02/2020 1000 0       
01547046 18/02/2020 1000 8       
01547046 19/02/2020 1000 0       
01547046 20/02/2020 1000 0       
01547046 21/02/2020 1000 5       
01547046 22/02/2020 1000 0       
01547046 23/02/2020 1000 10      
01547046 24/02/2020 1000 5       
01547046 25/02/2020 1000 6       
01547046 26/02/2020 1000 5       
01547046 27/02/2020 1000 5       
