01544012 13/01/2020 1000 0       
01544012 14/01/2020 1000 0       
01544012 15/01/2020 1000 0       
01544012 16/01/2020 1000 0       
01544012 17/01/2020 1000 0       
01544012 18/01/2020 1000 7.9     
01544012 19/01/2020 1000 15.4    
01544012 20/01/2020 1000 0       
01544012 21/01/2020 1000 35.5    
01544012 22/01/2020 1000 10.5    
01544012 23/01/2020 1000 12.6    
01544012 24/01/2020 1000 47.1    
01544012 25/01/2020 1000 5.1     
01544012 26/01/2020 1000 6.9     
01544012 27/01/2020 1000 21.1    
01544012 28/01/2020 1000 15.9    
01544012 29/01/2020 1000 16.4    
01544012 30/01/2020 1000 0       
01544012 31/01/2020 1000 0       
01544012 01/02/2020 1000 0       
01544012 02/02/2020 1000 0       
01544012 03/02/2020 1000 0       
01544012 04/02/2020 1000 0       
01544012 05/02/2020 1000 15.5    
01544012 06/02/2020 1000 6.5     
01544012 07/02/2020 1000 2.2     
01544012 08/02/2020 1000 18.9    
01544012 09/02/2020 1000 1.8     
01544012 10/02/2020 1000 0       
01544012 11/02/2020 1000 0       
01544012 12/02/2020 1000 0       
01544012 13/02/2020 1000 69.2    
01544012 14/02/2020 1000 0       
01544012 15/02/2020 1000 0       
01544012 16/02/2020 1000 0       
01544012 17/02/2020 1000 0       
01544012 18/02/2020 1000 0       
01544012 19/02/2020 1000 0       
01544012 20/02/2020 1000 7       
01544012 21/02/2020 1000 0       
01544012 22/02/2020 1000 0       
01544012 23/02/2020 1000 8.4     
01544012 24/02/2020 1000 0       
01544012 25/02/2020 1000 0       
01544012 26/02/2020 1000 0       
01544012 27/02/2020 1000 2.2     
