01845033 13/01/2020 1000 0       
01845033 14/01/2020 1000 0       
01845033 15/01/2020 1000 0       
01845033 16/01/2020 1000 3       
01845033 17/01/2020 1000 0       
01845033 18/01/2020 1000 0       
01845033 19/01/2020 1000 0       
01845033 20/01/2020 1000 9       
01845033 21/01/2020 1000 1       
01845033 22/01/2020 1000 15      
01845033 23/01/2020 1000 8       
01845033 24/01/2020 1000 31      
01845033 25/01/2020 1000 53      
01845033 26/01/2020 1000 18      
01845033 27/01/2020 1000 0       
01845033 28/01/2020 1000 2       
01845033 29/01/2020 1000 10      
01845033 30/01/2020 1000 0       
01845033 31/01/2020 1000 0       
01845033 01/02/2020 1000 0       
01845033 02/02/2020 1000 44      
01845033 03/02/2020 1000 1       
01845033 04/02/2020 1000 0       
01845033 05/02/2020 1000 0       
01845033 06/02/2020 1000 16      
01845033 07/02/2020 1000 12      
01845033 08/02/2020 1000 25      
01845033 09/02/2020 1000 15      
01845033 10/02/2020 1000 0       
01845033 11/02/2020 1000 2       
01845033 12/02/2020 1000 10      
01845033 13/02/2020 1000 23      
01845033 14/02/2020 1000 24      
01845033 15/02/2020 1000 3       
01845033 16/02/2020 1000 15      
01845033 17/02/2020 1000 3       
01845033 18/02/2020 1000 5       
01845033 19/02/2020 1000 30      
01845033 20/02/2020 1000 0       
01845033 21/02/2020 1000 0       
01845033 22/02/2020 1000 0       
01845033 23/02/2020 1000 0       
01845033 24/02/2020 1000 3       
01845033 25/02/2020 1000 15      
01845033 26/02/2020 1000 8       
01845033 27/02/2020 1000 5       
