01846032 13/01/2020 1000 0       
01846032 14/01/2020 1000 0       
01846032 15/01/2020 1000 0       
01846032 16/01/2020 1000 0       
01846032 17/01/2020 1000 5       
01846032 18/01/2020 1000 0       
01846032 19/01/2020 1000 0       
01846032 20/01/2020 1000 0       
01846032 21/01/2020 1000 5       
01846032 22/01/2020 1000 15      
01846032 23/01/2020 1000 15      
01846032 24/01/2020 1000 30      
01846032 25/01/2020 1000 50      
01846032 26/01/2020 1000 10      
01846032 27/01/2020 1000 0       
01846032 28/01/2020 1000 10      
01846032 29/01/2020 1000 0       
01846032 30/01/2020 1000 10      
01846032 31/01/2020 1000 0       
01846032 01/02/2020 1000 0       
01846032 02/02/2020 1000 0       
01846032 03/02/2020 1000 0       
01846032 04/02/2020 1000 5       
01846032 05/02/2020 1000 10      
01846032 06/02/2020 1000 15      
01846032 07/02/2020 1000 30      
01846032 08/02/2020 1000 15      
01846032 09/02/2020 1000 10      
01846032 10/02/2020 1000 5       
01846032 11/02/2020 1000 0       
01846032 12/02/2020 1000 5       
01846032 13/02/2020 1000 14      
01846032 14/02/2020 1000 2       
01846032 15/02/2020 1000 2       
01846032 16/02/2020 1000 1       
01846032 17/02/2020 1000 3       
01846032 18/02/2020 1000 5       
01846032 19/02/2020 1000 0       
01846032 20/02/2020 1000 0       
01846032 21/02/2020 1000 0       
01846032 22/02/2020 1000 0       
01846032 23/02/2020 1000 5       
01846032 24/02/2020 1000 10      
01846032 25/02/2020 1000 15      
01846032 26/02/2020 1000 5       
01846032 27/02/2020 1000 5       
