01943084 13/01/2020 1000 12      
01943084 14/01/2020 1000 0       
01943084 15/01/2020 1000 0       
01943084 16/01/2020 1000 0       
01943084 17/01/2020 1000 84      
01943084 18/01/2020 1000 21      
01943084 19/01/2020 1000 0       
01943084 20/01/2020 1000 25      
01943084 21/01/2020 1000 30      
01943084 22/01/2020 1000 10      
01943084 23/01/2020 1000 14      
01943084 24/01/2020 1000 150     
01943084 25/01/2020 1000 130     
01943084 26/01/2020 1000 5       
01943084 27/01/2020 1000 2       
01943084 28/01/2020 1000 2       
01943084 29/01/2020 1000 100     
01943084 30/01/2020 1000 10      
01943084 31/01/2020 1000 5       
01943084 01/02/2020 1000 2       
01943084 02/02/2020 1000 0       
01943084 03/02/2020 1000 29      
01943084 04/02/2020 1000 0       
01943084 05/02/2020 1000 20      
01943084 06/02/2020 1000 5       
01943084 07/02/2020 1000 73      
01943084 08/02/2020 1000 0       
01943084 09/02/2020 1000 18      
01943084 10/02/2020 1000 3       
01943084 11/02/2020 1000 13      
01943084 12/02/2020 1000 45      
01943084 13/02/2020 1000 2       
01943084 14/02/2020 1000 10      
01943084 15/02/2020 1000 0       
01943084 16/02/2020 1000 0       
01943084 17/02/2020 1000 9       
01943084 18/02/2020 1000 3       
01943084 19/02/2020 1000 0       
01943084 20/02/2020 1000 0       
01943084 21/02/2020 1000 13      
01943084 22/02/2020 1000 0       
01943084 23/02/2020 1000 1       
01943084 24/02/2020 1000 0       
01943084 25/02/2020 1000 11      
01943084 26/02/2020 1000 0       
01943084 27/02/2020 1000 23      
