02045034 13/01/2020 1000 0       
02045034 14/01/2020 1000 0       
02045034 15/01/2020 1000 0       
02045034 16/01/2020 1000 0       
02045034 17/01/2020 1000 40      
02045034 18/01/2020 1000 0       
02045034 19/01/2020 1000 0       
02045034 20/01/2020 1000 0       
02045034 21/01/2020 1000 8       
02045034 22/01/2020 1000 0       
02045034 23/01/2020 1000 2       
02045034 24/01/2020 1000 73      
02045034 25/01/2020 1000 22      
02045034 26/01/2020 1000 0       
02045034 27/01/2020 1000 0       
02045034 28/01/2020 1000 7       
02045034 29/01/2020 1000 26      
02045034 30/01/2020 1000 0       
02045034 31/01/2020 1000 0       
02045034 01/02/2020 1000 0       
02045034 02/02/2020 1000 0       
02045034 03/02/2020 1000 0       
02045034 04/02/2020 1000 28      
02045034 05/02/2020 1000 3       
02045034 06/02/2020 1000 43      
02045034 07/02/2020 1000 15      
02045034 08/02/2020 1000 8       
02045034 09/02/2020 1000 5       
02045034 10/02/2020 1000 0       
02045034 11/02/2020 1000 1       
02045034 12/02/2020 1000 12      
02045034 13/02/2020 1000 15      
02045034 14/02/2020 1000 4       
02045034 15/02/2020 1000 0       
02045034 16/02/2020 1000 0       
02045034 17/02/2020 1000 13      
02045034 18/02/2020 1000 34      
02045034 19/02/2020 1000 0       
02045034 20/02/2020 1000 0       
02045034 21/02/2020 1000 0       
02045034 22/02/2020 1000 8       
02045034 23/02/2020 1000 2       
02045034 24/02/2020 1000 0       
02045034 25/02/2020 1000 27      
02045034 26/02/2020 1000 6       
02045034 27/02/2020 1000 18      
