02044056 13/01/2020 1000 0       
02044056 14/01/2020 1000 1       
02044056 15/01/2020 1000 0       
02044056 16/01/2020 1000 0       
02044056 17/01/2020 1000 41      
02044056 18/01/2020 1000 0       
02044056 19/01/2020 1000 0       
02044056 20/01/2020 1000 0       
02044056 21/01/2020 1000 8       
02044056 22/01/2020 1000 0       
02044056 23/01/2020 1000 20      
02044056 24/01/2020 1000 140     
02044056 25/01/2020 1000 31      
02044056 26/01/2020 1000 1       
02044056 27/01/2020 1000 0       
02044056 28/01/2020 1000 0       
02044056 29/01/2020 1000 30      
02044056 30/01/2020 1000 1       
02044056 31/01/2020 1000 0       
02044056 01/02/2020 1000 0       
02044056 02/02/2020 1000 14      
02044056 03/02/2020 1000 8       
02044056 04/02/2020 1000 0       
02044056 05/02/2020 1000 8       
02044056 06/02/2020 1000 13      
02044056 07/02/2020 1000 35      
02044056 08/02/2020 1000 2       
02044056 09/02/2020 1000 1       
02044056 10/02/2020 1000 2       
02044056 11/02/2020 1000 10      
02044056 12/02/2020 1000 44      
02044056 13/02/2020 1000 5       
02044056 14/02/2020 1000 9       
02044056 15/02/2020 1000 0       
02044056 16/02/2020 1000 26      
02044056 17/02/2020 1000 4       
02044056 18/02/2020 1000 1       
02044056 19/02/2020 1000 0       
02044056 20/02/2020 1000 0       
02044056 21/02/2020 1000 0       
02044056 22/02/2020 1000 13      
02044056 23/02/2020 1000 1       
02044056 24/02/2020 1000 1       
02044056 25/02/2020 1000 29      
02044056 26/02/2020 1000 0       
02044056 27/02/2020 1000 11      
