99990513 13/01/2020 1200 48.2    
99990513 14/01/2020 1200 15      
99990513 15/01/2020 1200 2.6     
99990513 16/01/2020 1200 0.2     
99990513 17/01/2020 1200 19      
99990513 18/01/2020 1200 36.6    
99990513 19/01/2020 1200 0       
99990513 20/01/2020 1200 40.2    
99990513 21/01/2020 1200 15.4    
99990513 22/01/2020 1200 0.2     
99990513 23/01/2020 1200 35.8    
99990513 24/01/2020 1200 98.8    
99990513 25/01/2020 1200 30.4    
99990513 26/01/2020 1200 0.6     
99990513 27/01/2020 1200 0.2     
99990513 28/01/2020 1200 0       
99990513 29/01/2020 1200 27.8    
99990513 30/01/2020 1200 1.6     
99990513 31/01/2020 1200 18      
99990513 01/02/2020 1200 0.2     
99990513 02/02/2020 1200 0       
99990513 03/02/2020 1200 36      
99990513 04/02/2020 1200 0       
99990513 05/02/2020 1200 0       
99990513 06/02/2020 1200 9.6     
99990513 07/02/2020 1200 18.4    
99990513 08/02/2020 1200 0.2     
99990513 09/02/2020 1200 10      
99990513 10/02/2020 1200 0.8     
99990513 11/02/2020 1200 9.6     
99990513 12/02/2020 1200 10.2    
99990513 13/02/2020 1200 24.2    
99990513 14/02/2020 1200 12      
99990513 15/02/2020 1200 0.2     
99990513 16/02/2020 1200 9.6     
99990513 17/02/2020 1200 1.2     
99990513 18/02/2020 1200 3.4     
99990513 19/02/2020 1200 0       
99990513 20/02/2020 1200 1.8     
99990513 21/02/2020 1200 0       
99990513 22/02/2020 1200 0       
99990513 23/02/2020 1200 8.6     
99990513 24/02/2020 1200 0       
99990513 25/02/2020 1200 4.8     
99990513 26/02/2020 1200 27.6    
99990513 27/02/2020 1200 3.2     
