99990528 13/01/2020 1200 0       
99990528 14/01/2020 1200 0       
99990528 15/01/2020 1200 0       
99990528 16/01/2020 1200 0.6     
99990528 17/01/2020 1200 0       
99990528 18/01/2020 1200 0       
99990528 19/01/2020 1200 0       
99990528 20/01/2020 1200 10.4    
99990528 21/01/2020 1200 1       
99990528 22/01/2020 1200 17      
99990528 23/01/2020 1200 2       
99990528 24/01/2020 1200 78.8    
99990528 25/01/2020 0000 -       
99990528 26/01/2020 1200 38.4    
99990528 27/01/2020 1200 0.8     
99990528 28/01/2020 1200 7.4     
99990528 29/01/2020 1200 17      
99990528 30/01/2020 1200 0       
99990528 31/01/2020 1200 0       
99990528 01/02/2020 1200 0       
99990528 02/02/2020 1200 5.2     
99990528 03/02/2020 1200 1       
99990528 04/02/2020 1200 0       
99990528 05/02/2020 1200 0       
99990528 06/02/2020 1200 10.2    
99990528 07/02/2020 1200 36      
99990528 08/02/2020 1200 45      
99990528 09/02/2020 1200 18      
99990528 10/02/2020 1200 1       
99990528 11/02/2020 1200 0.6     
99990528 12/02/2020 1200 17.2    
99990528 13/02/2020 1200 39.2    
99990528 14/02/2020 1200 24.8    
99990528 15/02/2020 1200 28      
99990528 16/02/2020 1200 44.8    
99990528 17/02/2020 1200 1.2     
99990528 18/02/2020 1200 5.8     
99990528 19/02/2020 1200 31.6    
99990528 20/02/2020 1200 0       
99990528 21/02/2020 1200 0       
99990528 22/02/2020 1200 0       
99990528 23/02/2020 1200 1.4     
99990528 24/02/2020 1200 0.2     
99990528 25/02/2020 1200 20.4    
99990528 26/02/2020 1200 4.4     
99990528 27/02/2020 1200 17.8    
