01947032 13/01/2020 1000 0       
01947032 14/01/2020 1000 1       
01947032 15/01/2020 1000 0       
01947032 16/01/2020 1000 0       
01947032 17/01/2020 1000 79      
01947032 18/01/2020 1000 35      
01947032 19/01/2020 1000 15      
01947032 20/01/2020 1000 30      
01947032 21/01/2020 1000 10      
01947032 22/01/2020 1000 2       
01947032 23/01/2020 1000 31      
01947032 24/01/2020 1000 59      
01947032 25/01/2020 1000 50      
01947032 26/01/2020 1000 0       
01947032 27/01/2020 1000 0       
01947032 28/01/2020 1000 0       
01947032 29/01/2020 1000 0       
01947032 30/01/2020 1000 1       
01947032 31/01/2020 1000 3       
01947032 01/02/2020 1000 0       
01947032 02/02/2020 1000 12      
01947032 03/02/2020 1000 0       
01947032 04/02/2020 1000 14      
01947032 05/02/2020 1000 25      
01947032 06/02/2020 1000 5       
01947032 07/02/2020 1000 44      
01947032 08/02/2020 1000 0       
01947032 09/02/2020 1000 0       
01947032 10/02/2020 1000 0       
01947032 11/02/2020 1000 6       
01947032 12/02/2020 1000 25      
01947032 13/02/2020 1000 7       
01947032 14/02/2020 1000 1       
01947032 15/02/2020 1000 0       
01947032 16/02/2020 1000 0       
01947032 17/02/2020 1000 0       
01947032 18/02/2020 1000 3       
01947032 19/02/2020 1000 13      
01947032 20/02/2020 1000 0       
01947032 21/02/2020 1000 15      
01947032 22/02/2020 1000 20      
01947032 23/02/2020 1000 4       
01947032 24/02/2020 1000 16      
01947032 25/02/2020 1000 4       
01947032 26/02/2020 1000 15      
01947032 27/02/2020 1000 14      
