02048103 13/01/2020 1000 0       
02048103 14/01/2020 1000 0       
02048103 15/01/2020 1000 0       
02048103 16/01/2020 1000 0       
02048103 17/01/2020 1000 0       
02048103 18/01/2020 1000 3.8     
02048103 19/01/2020 1000 11.2    
02048103 20/01/2020 1000 8.8     
02048103 21/01/2020 1000 0       
02048103 22/01/2020 1000 4.8     
02048103 23/01/2020 1000 4       
02048103 24/01/2020 1000 41.6    
02048103 25/01/2020 1000 14.4    
02048103 26/01/2020 1000 0.2     
02048103 27/01/2020 1000 0       
02048103 28/01/2020 1000 0       
02048103 29/01/2020 1000 12.6    
02048103 30/01/2020 1000 0       
02048103 31/01/2020 1000 0.8     
02048103 01/02/2020 1000 0.4     
02048103 02/02/2020 1000 11.6    
02048103 03/02/2020 1000 0.2     
02048103 04/02/2020 1000 0       
02048103 05/02/2020 1000 6.8     
02048103 06/02/2020 1000 25.6    
02048103 07/02/2020 1000 3       
02048103 08/02/2020 1000 4.2     
02048103 09/02/2020 1000 0       
02048103 10/02/2020 1000 6       
02048103 11/02/2020 1000 6       
02048103 12/02/2020 1000 3.8     
02048103 13/02/2020 1000 0       
02048103 14/02/2020 1000 0.2     
02048103 15/02/2020 1000 3.8     
02048103 16/02/2020 1000 0.4     
02048103 17/02/2020 1000 3       
02048103 18/02/2020 1000 12.4    
02048103 19/02/2020 1000 0       
02048103 20/02/2020 1000 1       
02048103 21/02/2020 1000 18.8    
02048103 22/02/2020 1000 0.2     
02048103 23/02/2020 1000 22.2    
02048103 24/02/2020 1000 0       
02048103 25/02/2020 1000 2.8     
02048103 26/02/2020 1000 0.2     
02048103 27/02/2020 1000 7.8     
