02045004 13/01/2020 1000 0       
02045004 14/01/2020 1000 11.6    
02045004 15/01/2020 1000 0.2     
02045004 16/01/2020 1000 0       
02045004 17/01/2020 1000 19.8    
02045004 18/01/2020 1000 4.4     
02045004 19/01/2020 1000 0       
02045004 20/01/2020 1000 0.2     
02045004 21/01/2020 1000 3.4     
02045004 22/01/2020 1000 0       
02045004 23/01/2020 1000 10      
02045004 24/01/2020 1000 28.6    
02045004 25/01/2020 1000 30.8    
02045004 26/01/2020 1000 0.2     
02045004 27/01/2020 1000 0       
02045004 28/01/2020 1000 2.2     
02045004 29/01/2020 1000 1.2     
02045004 30/01/2020 1000 0.2     
02045004 31/01/2020 1000 0       
02045004 01/02/2020 1000 0       
02045004 02/02/2020 1000 15.6    
02045004 03/02/2020 1000 8.8     
02045004 04/02/2020 1000 20.4    
02045004 05/02/2020 1000 8.8     
02045004 06/02/2020 1000 12.4    
02045004 07/02/2020 1000 21.6    
02045004 08/02/2020 1000 4.6     
02045004 09/02/2020 1000 0.8     
02045004 10/02/2020 1000 0.2     
02045004 11/02/2020 1000 9.8     
02045004 12/02/2020 1000 70.2    
02045004 13/02/2020 1000 74.2    
02045004 14/02/2020 1000 9.4     
02045004 15/02/2020 1000 0.4     
02045004 16/02/2020 1000 3.6     
02045004 17/02/2020 1000 43.2    
02045004 18/02/2020 1000 2.8     
02045004 19/02/2020 1000 0       
02045004 20/02/2020 1000 0       
02045004 21/02/2020 1000 45.6    
02045004 22/02/2020 1000 11.4    
02045004 23/02/2020 1000 1.4     
02045004 24/02/2020 1000 0.2     
02045004 25/02/2020 1000 18.4    
02045004 26/02/2020 1000 0.8     
02045004 27/02/2020 1000 22      
