02146075 13/01/2020 1000 2.2     
02146075 14/01/2020 1000 18.4    
02146075 15/01/2020 1000 0.6     
02146075 16/01/2020 1000 0       
02146075 17/01/2020 1000 0       
02146075 18/01/2020 1000 5.8     
02146075 19/01/2020 1000 0       
02146075 20/01/2020 1000 0.8     
02146075 21/01/2020 1000 12.2    
02146075 22/01/2020 1000 0       
02146075 23/01/2020 1000 25.4    
02146075 24/01/2020 1000 16      
02146075 25/01/2020 1000 1       
02146075 26/01/2020 1000 0       
02146075 27/01/2020 1000 0       
02146075 28/01/2020 1000 0       
02146075 29/01/2020 1000 15      
02146075 30/01/2020 1000 0.6     
02146075 31/01/2020 1000 8.2     
02146075 01/02/2020 1000 0.2     
02146075 02/02/2020 1000 0       
02146075 03/02/2020 1000 0       
02146075 04/02/2020 1000 12      
02146075 05/02/2020 1000 13.4    
02146075 06/02/2020 1000 10.8    
02146075 07/02/2020 1000 16.6    
02146075 08/02/2020 1000 7.8     
02146075 09/02/2020 1000 0       
02146075 10/02/2020 1000 38.4    
02146075 11/02/2020 1000 110.8   
02146075 12/02/2020 1000 1.4     
02146075 13/02/2020 1000 0       
02146075 14/02/2020 1000 0       
02146075 15/02/2020 1000 0       
02146075 16/02/2020 1000 3.2     
02146075 17/02/2020 1000 0.2     
02146075 18/02/2020 1000 2.2     
02146075 19/02/2020 1000 2.4     
02146075 20/02/2020 1000 13.4    
02146075 21/02/2020 1000 7.8     
02146075 22/02/2020 1000 0       
02146075 23/02/2020 1000 0       
02146075 24/02/2020 1000 0       
02146075 25/02/2020 1000 3.6     
02146075 26/02/2020 1000 22.2    
02146075 27/02/2020 1000 33.2    
