61833000 13/01/2020 1000 5       
61833000 14/01/2020 1000 0       
61833000 15/01/2020 1000 0       
61833000 16/01/2020 1000 0       
61833000 17/01/2020 1000 0       
61833000 18/01/2020 1000 5       
61833000 19/01/2020 1000 5       
61833000 20/01/2020 1000 0.1     
61833000 21/01/2020 1000 5       
61833000 22/01/2020 1000 0       
61833000 23/01/2020 1000 10      
61833000 24/01/2020 1000 40      
61833000 25/01/2020 1000 2       
61833000 26/01/2020 1000 0       
61833000 27/01/2020 1000 0       
61833000 28/01/2020 1000 0       
61833000 29/01/2020 1000 5       
61833000 30/01/2020 1000 0.1     
61833000 31/01/2020 1000 2       
61833000 01/02/2020 1000 0       
61833000 02/02/2020 1000 10      
61833000 03/02/2020 1000 0       
61833000 04/02/2020 1000 2       
61833000 05/02/2020 1000 60      
61833000 06/02/2020 1000 15      
61833000 07/02/2020 1000 10      
61833000 08/02/2020 1000 15      
61833000 09/02/2020 1000 0       
61833000 10/02/2020 1000 5       
61833000 11/02/2020 1000 15      
61833000 12/02/2020 1000 8.8     
61833000 13/02/2020 1000 0.6     
61833000 14/02/2020 1000 15.1    
61833000 15/02/2020 1000 0       
61833000 16/02/2020 1000 0       
61833000 17/02/2020 1000 5       
61833000 18/02/2020 1000 9.9     
61833000 19/02/2020 1000 0       
61833000 20/02/2020 1000 0       
61833000 21/02/2020 1000 15      
61833000 22/02/2020 1000 10      
61833000 23/02/2020 1000 3.4     
61833000 24/02/2020 1000 0.2     
61833000 25/02/2020 1000 5       
61833000 26/02/2020 1000 5       
61833000 27/02/2020 1000 15      
