ONS-Operador Nacional Do Sistema Eletrico
Modelo Computacional SMAP
Versao: 3.0.0 Data: 23/09/2019

Iniciando execucao: 12-02-2020 13:49:27

Parametros
   Amplitude inicial: 0.5
   dm alvo: 0 (nao e necessario multiplicar por 100)
   Limite de iteracoes: 10000
   Particulas: 24
   Pulso inicial: 0.1
   Uso de pesos: on
   Gerar graficos: off
   Semente: 9952

Sub bacia: BG
cef: 0.98310835
*dm: 0.05528018
ebin: 48.324
mape: 0.052636209
somacoef: 1.9304721
supin: 222.70437
Iteracoes: 10000
Iteracao otima: 9979
Tempo: 9.462 s

Qcal
[34](0,0,0,271.02837,219.50348,178.52827,147.89918,122.87431,161.09218,146.79423,121.17018,101.04273,85.299077,73.115173,71.498413,63.497454,56.583537,50.74891,45.77413,41.769861,44.45464,52.858262,53.736082,50.869071,56.908369,52.057831,62.005389,82.755362,75.148746,64.174333,55.538057,53.754694,74.987062,66.521073)
Rsolo
[34](0,0,44.5324,44.065962,43.349732,42.777717,41.931008,48.636748,50.082122,48.836449,47.428823,45.703739,44.186779,44.333875,43.45004,42.423241,41.292152,39.879814,38.615055,38.540885,39.940066,40.068625,39.730145,41.477601,41.142143,43.641371,47.858203,47.991551,47.207144,46.394381,46.45427,50.343672,49.972193,47.9869)
Rsub
[34](0,0,10.190412,9.9180146,9.6505695,9.3857372,9.1248639,8.8655911,8.6796266,8.5159254,8.3440297,8.1630722,7.9709289,7.7709222,7.5790908,7.3857199,7.1898943,6.9911999,6.7879819,6.5821581,6.3828037,6.2007776,6.025954,5.8544595,5.7027887,5.5535186,5.4308712,5.3536244,5.2804126,5.2015261,5.1170868,5.0361233,4.9994926,4.9599136)
Rsup
[34](0,0,6.6066218,5.1164335,3.9385093,3.0671398,2.3614649,3.5316884,3.1336942,2.3965747,1.8236668,1.382081,1.0476702,1.0278446,0.81747887,0.63957728,0.49403863,0.37441127,0.28421091,0.39281064,0.67015221,0.72179996,0.6613424,0.86462605,0.74206928,1.0581667,1.6909773,1.4761905,1.160929,0.91582761,0.87480199,1.5160591,1.2700649,0.96252922)
Peso chuva 
[34](1.7367783,2,1.9025863,0.78634416,1.7097644,1.5346618,2,1.0483288,1.5163881,2,2,2,2,2,2,2,2,2,2,1.4453236,1.6361349,0.73694286,2,2,2,2,1.0876616,2,2,0.5545033,2,1.4141553,2,1)
Previsao ETA40_LIMITES
[13] (7.46125,0.15,0,10.855,2.65,12.49875,31,0.84,9.3075,2.40625,7.716875,7.716875,7.716875)
Previsao PMEDIA_ORIG
[13] (2.6,0.6,0.4,5,3.9,4.1,4.5,1.1,2.3,1.2,1.5,1.1,2.3583333)
Previsao PRECMEDIA_ETA40.GEFS
[13] (4.69,0.39,0.2,5.92,3.15,4.71,10.55,1.8,3.07,1.58,3.606,3.606,3.606)
Previsao PRECZERADA_ETA40
[13] (0,0,0,0,0,0,0,0,0,0,0,0,0)


Sub bacia: CN
cef: 0.99506459
*dm: 0.011467719
ebin: 54.032476
mape: 0.010351341
somacoef: 1.9847132
supin: 113.01833
Iteracoes: 10000
Iteracao otima: 9565
Tempo: 9.048 s

Qcal
[34](0,0,0,167.05081,222.82491,196.9748,173.16103,152.92266,147.385,134.198,120.45835,108.03475,97.365357,88.877374,80.987862,76.076103,77.988351,87.326887,79.828964,72.744213,67.057347,72.826594,83.549745,95.910378,90.57436,81.988888,76.785759,76.753013,76.587263,76.360981,75.721522,77.059436,77.886348,80.030025)
Rsolo
[34](0,0,102.1564,112.20657,111.31026,108.9346,106.63394,108.61735,108.21103,106.89896,104.46307,102.11032,100.91287,99.083906,98.470275,99.825972,103.00471,101.80899,99.414476,98.097945,100.27289,103.65748,107.50672,107.94274,106.89661,106.69249,107.98366,109.18849,110.32318,111.28249,112.72064,114.01004,115.59047,112.8631)
Rsub
[34](0,0,15.474729,15.153081,14.938937,14.717415,14.470003,14.199389,13.958766,13.718082,13.466303,13.19088,12.916702,12.648223,12.385325,12.127891,11.875808,11.628964,11.387252,11.150563,10.918794,10.691843,10.469608,10.292759,10.124952,9.9478291,9.7719176,9.6154421,9.4772757,9.3564546,9.2506031,9.1660099,9.1006503,9.0585701)
Rsup
[34](0,0,4.2285897,6.3574024,5.4181944,4.5561402,3.831242,3.6594033,3.1974459,2.7148188,2.2828814,1.9196668,1.637907,1.3777945,1.2283659,1.3335442,1.7158786,1.467591,1.234092,1.0522386,1.2983739,1.7292305,2.2207374,2.0441936,1.7448899,1.5733539,1.5951099,1.6093504,1.6189342,1.610793,1.6746796,1.7166699,1.8054144,1.5181665)
Peso chuva 
[34](1.9904581,0.5,0.5,1.8684591,2,0.5870904,0.58205212,1.3099457,0.5,0.63877496,0.63351807,0.5,1.9381855,0.51832068,0.72757306,0.94741188,2,2,0.5,2,2,0.91378604,1.2195955,2,2,2,1.7792869,1.7108298,2,1.1029626,1.4242495,1.5151712,0.71097298,1)
Previsao ETA40_LIMITES
[13] (6.68875,0.56625,0,14.835,8.175,9.1525,29.83625,2.31,2.51125,4.53125,7.860625,7.860625,7.860625)
Previsao PMEDIA_ORIG
[13] (3.1,0.3,0.2,3.8,2.5,3.7,9.3,1.4,2.1,1.1,1.5,1.3,2.525)
Previsao PRECMEDIA_ETA40.GEFS
[13] (4.1,0.46,0.15,6.99,4.61,4.05,9.79,2.12,2.81,1.62,3.67,3.67,3.67)
Previsao PRECZERADA_ETA40
[13] (0,0,0,0,0,0,0,0,0,0,0,0,0)


Sub bacia: FozChapeco
cef: 0.92521087
*dm: 0.077474051
ebin: 53.21299
mape: 0.02021915
somacoef: 1.9049917
supin: 0
Iteracoes: 10000
Iteracao otima: 9988
Tempo: 9.255 s

Qcal
[34](0,0,0,53.21299,52.800167,52.390548,51.984106,51.712144,52.722988,52.6417,51.930295,51.276175,50.670052,50.104221,49.878725,49.601549,49.031418,48.497371,47.993719,47.521066,55.838785,66.289604,84.727532,78.456845,72.797533,71.792532,68.862439,64.377831,60.578195,57.371828,54.661844,53.821897,54.732757,55.699993)
Rsolo
[34](0,0,42.822,41.275956,39.699609,38.280571,37.272909,36.922799,36.252288,35.024416,33.703948,32.409997,31.293454,30.599944,29.906149,28.740938,27.623635,26.568801,25.71358,30.751293,37.58402,48.155658,47.333079,46.493803,48.387803,48.330967,47.086064,45.529741,44.067851,42.851399,42.648303,43.773705,45.132305,43.582072)
Rsub
[34](0,0,114.96281,114.07093,113.18598,112.30789,111.43662,110.5721,109.71429,108.86314,108.01858,107.18059,106.34909,105.52404,104.70539,103.8931,103.0871,102.28736,101.49382,100.70644,99.925168,99.149957,98.380759,97.617529,96.86022,96.108786,95.363181,94.623361,93.889281,93.160895,92.43816,91.721032,91.009468,90.303423)
Rsup
[34](0,0,0,0,0,0,0.012884271,0.15131562,0.18229504,0.15115252,0.12533026,0.10391937,0.086166218,0.10150986,0.11149261,0.092445682,0.07665265,0.063557633,0.053222195,0.90501648,1.9658084,3.8099276,3.2296509,2.7090844,2.644876,2.3915331,1.9854144,1.6462346,1.3649988,1.1322038,1.0826184,1.2045473,1.3317546,1.1042432)
Peso chuva 
[34](1.9469161,0.5,0.5,0.5,0.5,0.5,0.5,0.5,0.5,2,0.67985417,0.5,1.259107,1.7781783,2,0.54584493,0.8206284,1.4672436,2,2,0.69781951,0.5,2,2,2,0.82230372,2,2,2,2,2,1.2137065,0.92012448,1)
Previsao ETA40_LIMITES
[13] (1.11,0,0,27.293333,6.1766667,11.026667,36,5.7333333,1.6033333,0,8.8943333,8.8943333,8.8943333)
Previsao PMEDIA_ORIG
[13] (0.4,0,0.1,5,1.8,3.3,4.7,1.9,2.3,1.4,1.6,1,1.9583333)
Previsao PRECMEDIA_ETA40.GEFS
[13] (1.42,0,0.09,10.44,3.25,3.86,12.9,3.33,3.96,2.4,4.165,4.165,4.165)
Previsao PRECZERADA_ETA40
[13] (0,0,0,0,0,0,0,0,0,0,0,0,0)


Sub bacia: Ita
cef: 0.98831375
*dm: 0.018527637
ebin: 53.208
mape: 0.014377238
somacoef: 1.9739365
supin: 21.780815
Iteracoes: 10000
Iteracao otima: 9965
Tempo: 9.555 s

Qcal
[34](0,0,0,74.988815,82.824779,75.583746,69.597082,77.983104,84.936527,90.749156,88.047118,79.119424,71.255102,65.072454,67.402489,65.053154,60.232821,55.654391,51.872868,48.703545,49.926572,76.085732,85.261551,76.120367,67.337009,61.18785,56.550016,55.573674,50.8471,47.288552,46.855508,44.850751,46.283469,44.55002)
Rsolo
[34](0,0,104.3073,107.23135,106.00814,104.76547,107.66758,110.55995,113.42312,114.37401,113.08057,111.26911,109.6593,110.73386,110.39208,109.07392,106.91797,104.73603,102.30585,102.24378,108.09393,111.69475,110.7555,108.81502,107.87293,107.07644,107.32324,105.58606,104.34321,104.14257,103.43604,103.95408,103.37805,101.19327)
Rsub
[34](0,0,8.3546187,8.1441249,7.9629596,7.7815824,7.6000175,7.4464513,7.3203626,7.2210994,7.1335119,7.0401166,6.9375375,6.8279471,6.7310501,6.6360534,6.5359057,6.4252009,6.3046913,6.1736768,6.0481789,5.9676686,5.91664,5.8610532,5.7940686,5.723488,5.6505638,5.58264,5.5058917,5.4242803,5.3450236,5.2646915,5.1913953,5.1176209)
Rsup
[34](0,0,0.70427438,1.0009941,0.80416533,0.64793967,0.95648804,1.2129481,1.4268626,1.3599344,1.0892977,0.85424063,0.6754511,0.77335977,0.71734884,0.5810478,0.45362936,0.3541526,0.27649019,0.34301602,1.2147062,1.5279823,1.2429139,0.97035426,0.78531761,0.64988963,0.6333372,0.49449273,0.39523315,0.39803701,0.34953523,0.41240435,0.37144778,0.28999269)
Peso chuva 
[34](0.5,2,1.9428209,1.5637284,2,2,2,0.71755129,0.81392982,1.5412915,2,1.9993569,1.5428473,2,1.7366058,2,1.1782965,1.9400814,0.5,2,1.0442304,0.74893938,0.60277912,0.5,0.5,0.54803423,2,1.8499395,2,2,1.1518986,1.1057035,0.77569476,1)
Previsao ETA40_LIMITES
[13] (3.15,0.0325,0,24.4475,5.71125,8.43375,31.99875,3.60875,4.75875,0.3275,8.246875,8.246875,8.246875)
Previsao PMEDIA_ORIG
[13] (1.6,0,0.1,4.9,1.4,2.9,3.7,1.8,2.5,1.7,1.7,1,1.9416667)
Previsao PRECMEDIA_ETA40.GEFS
[13] (2.6,0.01,0.11,10.18,3.01,4.16,12.03,2.93,4.43,2.31,4.177,4.177,4.177)
Previsao PRECZERADA_ETA40
[13] (0,0,0,0,0,0,0,0,0,0,0,0,0)


Sub bacia: Machadinho
cef: 0.99358348
*dm: 0.02180943
ebin: 55.808381
mape: 0.020844173
somacoef: 1.9727393
supin: 75.931058
Iteracoes: 10000
Iteracao otima: 9689
Tempo: 8.636 s

Qcal
[34](0,0,0,131.73944,164.68234,119.17907,91.610391,75.557795,96.426887,124.83471,141.2048,103.37638,80.600747,67.092736,75.356691,79.221558,66.467547,58.203563,53.109647,49.822227,47.70645,46.443864,54.79927,57.926837,51.408515,47.365105,49.411954,56.129629,58.765738,50.728737,45.768548,42.579573,40.396324,41.329997)
Rsolo
[34](0,0,170.9144,181.59062,179.81319,177.83978,176.24547,182.27112,190.06395,197.18821,194.5393,191.4678,188.56103,191.1079,193.32309,190.81812,187.25137,183.47546,179.64536,176.9975,174.76884,176.2986,177.28588,175.00391,172.86619,173.19505,175.48513,177.33667,174.39784,171.34247,168.13596,165.02844,164.4422,161.34651)
Rsub
[34](0,0,13.01813,12.629691,12.367194,12.10507,11.841663,11.580882,11.395268,11.300584,11.287829,11.247397,11.177221,11.08166,11.018825,10.983477,10.924198,10.832224,10.708592,10.555927,10.388307,10.211111,10.060021,9.9283279,9.7841125,9.6299019,9.4890203,9.3786933,9.2931062,9.1858244,9.0578721,8.9099779,8.7450631,8.5861906)
Rsup
[34](0,0,2.8700925,4.1782335,2.5008064,1.5012221,0.93713842,1.7682196,2.8720745,3.5061848,2.0783879,1.2240513,0.72483784,1.0526893,1.2089579,0.73260129,0.42983932,0.25219972,0.1479732,0.092737845,0.072175212,0.41671157,0.55941239,0.3343683,0.20490173,0.30725845,0.58400631,0.70152531,0.41160611,0.24150175,0.14169637,0.083137547,0.14515223,0.085165202)
Peso chuva 
[34](2,0.74748377,2,1.7499926,2,2,2,0.77175358,0.63239168,1.5898412,2,2,2,1.8493561,2,2,2,2,2,2,2,0.73332824,1.1292154,2,2,1.2193063,0.90961649,2,2,2,0.78708313,0.5,1.7796536,1)
Previsao ETA40_LIMITES
[13] (4.3,0,0,16.775,3.525,5.6,27.575,0.325,2.9,0.25,6.125,6.125,6.125)
Previsao PMEDIA_ORIG
[13] (2.3,0,0.2,3.9,1.8,2.9,3.5,0.4,2,1.6,1.3,0.7,1.7166667)
Previsao PRECMEDIA_ETA40.GEFS
[13] (3.11,0,0.23,8.07,2.57,3.62,10.4,1.86,3.19,1.44,3.449,3.449,3.449)
Previsao PRECZERADA_ETA40
[13] (0,0,0,0,0,0,0,0,0,0,0,0,0)


Sub bacia: Monjolinho
cef: 0.99507721
*dm: 0.034822678
ebin: 17.988
mape: 0.034472961
somacoef: 1.9606042
supin: 47.124748
Iteracoes: 10000
Iteracao otima: 8143
Tempo: 9.239 s

Qcal
[34](0,0,0,65.112748,52.813672,45.598717,43.715224,52.141359,65.618991,64.572679,53.717233,45.699484,38.68607,37.566073,31.772631,26.816893,23.074982,20.232793,18.05791,16.732558,18.819927,26.275928,28.944075,25.211136,21.660447,24.459984,27.922598,23.784643,20.049242,17.304967,15.643164,15.920003,15.425956,13.788982)
Rsolo
[34](0,0,139.0164,137.41634,137.34535,139.51566,145.33781,152.63424,156.53846,156.0378,155.60017,154.57272,155.83429,154.17797,151.09973,147.71336,144.8015,141.83166,140.15487,140.81619,144.42343,146.68533,145.62374,144.17402,146.55229,149.50259,148.35444,145.96574,144.02755,142.838,142.86627,142.48492,140.87439,137.91984)
Rsub
[34](0,0,17.897312,17.488537,17.089098,16.698783,16.317382,15.944692,15.580515,15.224656,14.876924,14.537135,14.205106,13.880661,13.563626,13.253832,12.951115,12.655311,12.366263,12.083817,11.807822,11.538131,11.2746,11.017088,10.765457,10.519574,10.279306,10.044527,9.8151094,9.590932,9.3718748,9.1578209,8.948656,8.7442684)
Rsup
[34](0,0,4.1157795,3.0774857,2.4824092,2.3521709,3.1215719,4.3313957,4.2719806,3.3551255,2.6853958,2.1026854,2.0340127,1.5565053,1.1515107,0.85189364,0.63023537,0.46625142,0.3758706,0.58297039,1.2583893,1.5150935,1.2121991,0.92469366,1.1912878,1.5152892,1.1749795,0.86934624,0.6498052,0.52434512,0.5677526,0.54339332,0.41878397,0.30981857)
Peso chuva 
[34](1.7827738,0.55597498,0.66924298,0.98655765,2,1.2097696,0.50500059,0.75698935,2,2,2,2,1.5457748,0.89023815,0.87613661,0.5,1.8612781,0.5,0.5,0.76712722,0.54188851,1.4116422,2,1.0750018,1.1497665,1.0658593,1.429663,1.5295682,2,2,2,1.079398,2,1)
Previsao ETA40_LIMITES
[13] (0,0,0,26.9,2.6,8.3,32,0,0.9,0,7.07,7.07,7.07)
Previsao PMEDIA_ORIG
[13] (0.2,0.1,0.2,5.5,1.1,3.4,4.1,0.8,2.4,1.2,1,0.5,1.7083333)
Previsao PRECMEDIA_ETA40.GEFS
[13] (1.15,0.07,0.25,11.67,1.94,4.67,12.03,2.31,3.79,1.81,3.969,3.969,3.969)
Previsao PRECZERADA_ETA40
[13] (0,0,0,0,0,0,0,0,0,0,0,0,0)


Sub bacia: QQueixo
cef: 0.99692028
*dm: 0.010706443
ebin: 16.620448
mape: 0.010253937
somacoef: 1.9866663
supin: 15.705539
Iteracoes: 10000
Iteracao otima: 9993
Tempo: 8.819 s

Qcal
[34](0,0,0,32.325987,29.871407,27.73171,25.860617,28.260267,30.200336,33.655695,30.956457,28.617559,27.279944,25.430617,23.808752,22.378935,21.110185,19.97808,18.959796,18.040075,18.08621,59.071166,88.862208,79.750777,70.914256,63.302497,60.136333,53.560621,47.945726,43.143165,39.028745,35.598794,33.786451,32.339985)
Rsolo
[34](0,0,174.0904,170.60494,167.48132,164.42729,169.50659,174.14424,180.18752,176.69597,173.74276,173.23719,169.78869,166.48206,163.19774,160.12606,157.00362,154.02649,151.79558,152.44607,177.13074,196.47193,197.07148,196.20114,195.1833,198.57967,195.00311,191.39768,187.92224,184.33315,182.31946,183.01156,183.83386,180.2044)
Rsub
[34](0,0,23.833344,23.666418,23.451863,23.197631,22.907014,22.693966,22.553871,22.510466,22.413381,22.273675,22.129614,21.938372,21.704752,21.431635,21.124267,20.784187,20.415333,20.028379,19.657921,19.632697,19.934764,20.240942,20.524161,20.782382,21.097131,21.339001,21.511038,21.618972,21.664169,21.675352,21.697548,21.732718)
Rsup
[34](0,0,3.4551601,2.940771,2.5029618,2.1303318,2.7028314,3.1623245,3.9439834,3.3568204,2.857166,2.5843289,2.1995853,1.8721207,1.5934075,1.356188,1.1542846,0.98243976,0.8366931,0.90620783,9.9795802,16.537368,14.486545,12.495571,10.777561,10.041402,8.5464817,7.2741188,6.1911798,5.269464,4.5079533,4.1075289,3.7859066,3.2222773)
Peso chuva 
[34](0.60430752,2,2,0.5,1.5871879,0.5,1.7331035,0.64227316,0.83611648,0.5,0.52589829,1.7753356,0.58824546,0.56745716,0.5,2,0.67366828,1.9424868,1.0231441,0.5,0.8408044,0.56389971,0.84571155,1.7176427,0.5,0.84365619,2,2,2,1.484608,2,1.7139142,1.771583,1)
Previsao ETA40_LIMITES
[13] (3.55,0,0,6.8,4.25,6.75,27.75,12.8,4.1,0.25,6.625,6.625,6.625)
Previsao PMEDIA_ORIG
[13] (2.3,0,0,2.6,1.4,2.9,6.3,5.6,2.5,1.8,2.1,1.1,2.3833333)
Previsao PRECMEDIA_ETA40.GEFS
[13] (2.93,0,0,4.63,2.63,3.82,11.07,4.54,4.59,2.71,3.692,3.692,3.692)
Previsao PRECZERADA_ETA40
[13] (0,0,0,0,0,0,0,0,0,0,0,0,0)


Sub bacia: SJoao
cef: 0.98732045
*dm: 0.037747594
ebin: 41.968
mape: 0.035554322
somacoef: 1.9517661
supin: 78.304566
Iteracoes: 10000
Iteracao otima: 9612
Tempo: 8.875 s

Qcal
[33](0,0,120.27257,110.20967,123.54499,146.37877,164.34382,178.37285,175.5378,202.16367,165.96936,137.54486,116.60737,101.58307,91.082385,86.690004,79.526427,74.055034,69.898124,66.682466,64.318645,77.659675,76.024809,75.333935,70.502277,66.741664,63.746552,61.299476,59.242647,57.461737,55.874291,54.422676,53.065085)
Rsolo
[33](0,41.7165,44.355677,50.557562,57.791083,64.356678,70.198336,73.867883,79.704316,77.468067,73.759753,70.65144,68.492209,66.721868,65.848042,63.850275,61.229128,58.798274,56.577047,55.156263,57.888228,57.391951,56.914597,54.776312,52.694506,50.742264,48.912966,47.195332,45.579435,44.084164,42.683519,41.357923,40.065245)
Rsub
[33](0,18.687401,18.344174,18.068138,17.967891,18.118104,18.537342,19.227529,20.09761,21.286505,22.320102,23.125323,23.751111,24.256797,24.667709,25.029946,25.294837,25.442206,25.488733,25.450075,25.360878,25.37381,25.367684,25.34382,25.243287,25.074073,24.845904,24.567357,24.245845,23.887799,23.499479,23.085881,22.651085)
Rsup
[33](0,2.5554526,2.2522077,2.7076339,3.4601565,4.0354329,4.4625408,4.3194351,5.1245957,3.8562669,2.8528864,2.1105803,1.5744011,1.1946512,1.0211907,0.76086028,0.56288841,0.41642779,0.30807545,0.23376593,0.67568489,0.62138365,0.59928604,0.44335494,0.3279963,0.24265338,0.17951624,0.13280705,0.098251348,0.072686861,0.053774119,0.039782374,0.029431208)
Peso chuva 
[33](1.8498786,2,0.5,0.76731778,2,0.80817229,0.51438297,0.5,0.70113018,0.5,0.5,0.5,0.5,0.5,0.87535914,0.5,0.5,0.5,0.5,0.5,1.5211686,0.80218975,0.91676823,0.5,0.5,2,0.5,1.1034474,0.5,0.5,0.5,0.5,1)
Previsao ETA40_LIMITES
[13] (0.01375,0,0,22.17875,0.5175,32,32,0,0,0,8.671,8.671,8.671)
Previsao PMEDIA_ORIG
[13] (0.4,0.1,1.2,7.5,2.1,13.3,5.2,1.9,3.2,1.5,0.9,0.8,3.175)
Previsao PRECMEDIA_ETA40.GEFS
[13] (0.92,0.14,1.14,11.22,2.39,11.28,12.82,2.95,4.51,1.7,4.907,4.907,4.907)
Previsao PRECZERADA_ETA40
[13] (0,0,0,0,0,0,0,0,0,0,0,0,0)


Tempo de execucao em: 75 s

Finalizando execucao: 12-02-2020 13:50:42

