00083916 09/02/2020 1200 0.4     
00083916 10/02/2020 1200 0       
00083916 11/02/2020 1200 0       
00083916 12/02/2020 1200 0       
00083916 13/02/2020 1200 0       
00083916 14/02/2020 1200 0       
00083916 15/02/2020 1200 0       
00083916 16/02/2020 1200 0       
00083916 17/02/2020 1200 0       
00083916 18/02/2020 1200 0       
00083916 19/02/2020 1200 0       
00083916 20/02/2020 1200 0       
00083916 21/02/2020 1200 0       
00083916 22/02/2020 1200 0       
00083916 23/02/2020 1200 0       
00083916 24/02/2020 1200 0       
00083916 25/02/2020 1200 5       
00083916 26/02/2020 1200 77      
00083916 27/02/2020 1200 0.1     
00083916 28/02/2020 1200 0       
00083916 29/02/2020 1200 0       
00083916 01/03/2020 1200 0       
00083916 02/03/2020 1200 0       
00083916 03/03/2020 1200 0       
00083916 04/03/2020 1200 8       
00083916 05/03/2020 1200 0       
00083916 06/03/2020 1200 0       
00083916 07/03/2020 1200 0       
00083916 08/03/2020 1200 0       
00083916 09/03/2020 1200 0       
00083916 10/03/2020 1200 0       
00083916 11/03/2020 1200 0       
00083916 12/03/2020 1200 0       
00083916 13/03/2020 1200 0       
00083916 14/03/2020 1200 0       
00083916 15/03/2020 1200 0       
00083916 16/03/2020 1200 0       
00083916 17/03/2020 1200 0       
00083916 18/03/2020 1200 0.9     
00083916 19/03/2020 1200 7       
00083916 20/03/2020 1200 0       
00083916 21/03/2020 1200 0       
00083916 22/03/2020 1200 0       
00083916 23/03/2020 1200 0       
00083916 24/03/2020 1200 0       
00083916 25/03/2020 1200 0       
00083916 26/03/2020 1200 0.0