02749054 09/02/2020 1000 9.2     
02749054 10/02/2020 1000 0       
02749054 11/02/2020 1000 1.2     
02749054 12/02/2020 1000 0       
02749054 13/02/2020 1000 22.2    
02749054 14/02/2020 1000 0       
02749054 15/02/2020 1000 0       
02749054 16/02/2020 1000 0       
02749054 17/02/2020 1000 0       
02749054 18/02/2020 1000 0       
02749054 19/02/2020 1000 0       
02749054 20/02/2020 1000 0       
02749054 21/02/2020 1000 0       
02749054 22/02/2020 1000 0       
02749054 23/02/2020 1000 0       
02749054 24/02/2020 1000 0       
02749054 25/02/2020 1000 5.2     
02749054 26/02/2020 1000 24      
02749054 27/02/2020 1000 1.8     
02749054 28/02/2020 1000 0       
02749054 29/02/2020 1000 0       
02749054 01/03/2020 1000 0       
02749054 02/03/2020 1000 0       
02749054 03/03/2020 1000 0       
02749054 04/03/2020 1000 0       
02749054 05/03/2020 1000 0       
02749054 06/03/2020 1000 0       
02749054 07/03/2020 1000 0       
02749054 08/03/2020 1000 0       
02749054 09/03/2020 1000 0       
02749054 10/03/2020 1000 0       
02749054 11/03/2020 1000 0       
02749054 12/03/2020 1000 0       
02749054 13/03/2020 1000 0       
02749054 14/03/2020 1000 0       
02749054 15/03/2020 1000 0       
02749054 16/03/2020 1000 0       
02749054 17/03/2020 1000 0.6     
02749054 18/03/2020 1000 0       
02749054 19/03/2020 1000 3       
02749054 20/03/2020 1000 0       
02749054 21/03/2020 1000 0       
02749054 22/03/2020 1000 0       
02749054 23/03/2020 1000 0       
02749054 24/03/2020 1000 0       
02749054 25/03/2020 1000 0       
02749054 26/03/2020 1000 0.037277390782056795