02752034 09/02/2020 1000 4.8     
02752034 10/02/2020 1000 7.1     
02752034 11/02/2020 1000 0       
02752034 12/02/2020 1000 0.3     
02752034 13/02/2020 1000 0       
02752034 14/02/2020 1000 0       
02752034 15/02/2020 1000 0       
02752034 16/02/2020 1000 1.3     
02752034 17/02/2020 1000 19.3    
02752034 18/02/2020 1000 0       
02752034 19/02/2020 1000 1.8     
02752034 20/02/2020 1000 0       
02752034 21/02/2020 1000 0       
02752034 22/02/2020 1000 0.3     
02752034 23/02/2020 1000 0       
02752034 24/02/2020 1000 0       
02752034 25/02/2020 1000 6.9     
02752034 26/02/2020 1000 48      
02752034 27/02/2020 1000 0.3     
02752034 28/02/2020 1000 0.3     
02752034 29/02/2020 1000 0       
02752034 01/03/2020 1000 0       
02752034 02/03/2020 1000 0       
02752034 03/03/2020 1000 0       
02752034 04/03/2020 1000 0       
02752034 05/03/2020 1000 0       
02752034 06/03/2020 1000 0       
02752034 07/03/2020 1000 0       
02752034 08/03/2020 1000 1       
02752034 09/03/2020 1000 0       
02752034 10/03/2020 1000 0       
02752034 11/03/2020 1000 0       
02752034 12/03/2020 1000 0       
02752034 13/03/2020 1000 0       
02752034 14/03/2020 1000 0       
02752034 15/03/2020 1000 0       
02752034 16/03/2020 1000 0       
02752034 17/03/2020 1000 0       
02752034 18/03/2020 1000 0       
02752034 19/03/2020 1000 34.3    
02752034 20/03/2020 1000 0.3     
02752034 21/03/2020 1000 0       
02752034 22/03/2020 1000 0       
02752034 23/03/2020 1000 0       
02752034 24/03/2020 1000 0       
02752034 25/03/2020 1000 0       
02752034 26/03/2020 1000 0.034368749996101164