02849046 09/02/2020 1000 10.8    
02849046 10/02/2020 1000 0.6     
02849046 11/02/2020 1000 0       
02849046 12/02/2020 1000 0.2     
02849046 13/02/2020 1000 0.2     
02849046 14/02/2020 1000 0.2     
02849046 15/02/2020 1000 0       
02849046 16/02/2020 1000 0.2     
02849046 17/02/2020 1000 39.2    
02849046 18/02/2020 1000 0.2     
02849046 19/02/2020 1000 10.4    
02849046 20/02/2020 1000 0.2     
02849046 21/02/2020 1000 0       
02849046 22/02/2020 1000 0.2     
02849046 23/02/2020 1000 0       
02849046 24/02/2020 1000 0.2     
02849046 25/02/2020 1000 15.7    
02849046 26/02/2020 1000 20      
02849046 27/02/2020 1000 10      
02849046 28/02/2020 1000 0.2     
02849046 29/02/2020 1000 0       
02849046 01/03/2020 1000 0       
02849046 02/03/2020 1000 0.2     
02849046 03/03/2020 1000 0.4     
02849046 04/03/2020 1000 0       
02849046 05/03/2020 1000 0       
02849046 06/03/2020 1000 0.2     
02849046 07/03/2020 1000 0       
02849046 08/03/2020 1000 0.2     
02849046 09/03/2020 1000 2.4     
02849046 10/03/2020 1000 0.2     
02849046 11/03/2020 1000 0.2     
02849046 12/03/2020 1000 0       
02849046 13/03/2020 1000 0.2     
02849046 14/03/2020 1000 0.2     
02849046 15/03/2020 1000 0.2     
02849046 16/03/2020 1000 3.8     
02849046 17/03/2020 1000 0.2     
02849046 18/03/2020 1000 0       
02849046 19/03/2020 1000 2       
02849046 20/03/2020 1000 0.2     
02849046 21/03/2020 1000 0       
02849046 22/03/2020 1000 0       
02849046 23/03/2020 1000 0.2     
02849046 24/03/2020 1000 0.2     
02849046 25/03/2020 1000 0       
02849046 26/03/2020 1000 0.1443566406265825