02854024 09/02/2020 1000 2       
02854024 10/02/2020 1000 0       
02854024 11/02/2020 1000 0       
02854024 12/02/2020 1000 0       
02854024 13/02/2020 1000 0       
02854024 14/02/2020 1000 0       
02854024 15/02/2020 1000 18      
02854024 16/02/2020 1000 2.2     
02854024 17/02/2020 1000 0       
02854024 18/02/2020 1000 1       
02854024 19/02/2020 1000 30      
02854024 20/02/2020 1000 0       
02854024 21/02/2020 1000 0       
02854024 22/02/2020 1000 0       
02854024 23/02/2020 1000 0       
02854024 24/02/2020 1000 0       
02854024 25/02/2020 1000 0       
02854024 26/02/2020 1000 6.4     
02854024 27/02/2020 1000 0       
02854024 28/02/2020 1000 0.8     
02854024 29/02/2020 1000 0       
02854024 01/03/2020 1000 0       
02854024 02/03/2020 1000 0       
02854024 03/03/2020 1000 0       
02854024 04/03/2020 1000 0       
02854024 05/03/2020 1000 0       
02854024 06/03/2020 1000 0       
02854024 07/03/2020 1000 0       
02854024 08/03/2020 1000 0       
02854024 09/03/2020 1000 0       
02854024 10/03/2020 1000 0       
02854024 11/03/2020 1000 0       
02854024 12/03/2020 1000 0       
02854024 13/03/2020 1000 0       
02854024 14/03/2020 1000 0       
02854024 15/03/2020 1000 0       
02854024 16/03/2020 1000 0       
02854024 17/03/2020 1000 0       
02854024 18/03/2020 1000 21.6    
02854024 19/03/2020 1000 5.4     
02854024 20/03/2020 1000 0       
02854024 21/03/2020 1000 0.2     
02854024 22/03/2020 1000 0       
02854024 23/03/2020 1000 0       
02854024 24/03/2020 1000 0       
02854024 25/03/2020 1000 0       
02854024 26/03/2020 1000 0.0007568750009754826