02850024 09/02/2020 1000 21.3    
02850024 10/02/2020 1000 1.6     
02850024 11/02/2020 1000 0       
02850024 12/02/2020 1000 0       
02850024 13/02/2020 1000 0       
02850024 14/02/2020 1000 0       
02850024 15/02/2020 1000 0       
02850024 16/02/2020 1000 0       
02850024 17/02/2020 1000 0       
02850024 18/02/2020 1000 4.6     
02850024 19/02/2020 1000 0       
02850024 20/02/2020 1000 0       
02850024 21/02/2020 1000 0       
02850024 22/02/2020 1000 0       
02850024 23/02/2020 1000 0       
02850024 24/02/2020 1000 0       
02850024 25/02/2020 1000 3.1     
02850024 26/02/2020 1000 35.5    
02850024 27/02/2020 1000 0       
02850024 28/02/2020 1000 0.2     
02850024 29/02/2020 1000 0       
02850024 01/03/2020 1000 0       
02850024 02/03/2020 1000 0       
02850024 03/03/2020 1000 0       
02850024 04/03/2020 1000 18      
02850024 05/03/2020 1000 0       
02850024 06/03/2020 1000 0       
02850024 07/03/2020 1000 0       
02850024 08/03/2020 1000 0       
02850024 09/03/2020 1000 0       
02850024 10/03/2020 1000 0       
02850024 11/03/2020 1000 0       
02850024 12/03/2020 1000 0       
02850024 13/03/2020 1000 0       
02850024 14/03/2020 1000 0       
02850024 15/03/2020 1000 0       
02850024 16/03/2020 1000 0       
02850024 17/03/2020 1000 0       
02850024 18/03/2020 1000 0.2     
02850024 19/03/2020 1000 1.8     
02850024 20/03/2020 1000 0       
02850024 21/03/2020 1000 0       
02850024 22/03/2020 1000 0       
02850024 23/03/2020 1000 0       
02850024 24/03/2020 1000 0       
02850024 25/03/2020 1000 0       
02850024 26/03/2020 1000 0.0726601562494058