99990839 09/02/2020 1200 0.4     
99990839 10/02/2020 1200 0       
99990839 11/02/2020 1200 0       
99990839 12/02/2020 1200 0       
99990839 13/02/2020 1200 0       
99990839 14/02/2020 1200 0       
99990839 15/02/2020 1200 0       
99990839 16/02/2020 1200 0       
99990839 17/02/2020 1200 0.4     
99990839 18/02/2020 1200 0       
99990839 19/02/2020 1200 9.4     
99990839 20/02/2020 1200 0       
99990839 21/02/2020 1200 0       
99990839 22/02/2020 1200 0       
99990839 23/02/2020 1200 0       
99990839 24/02/2020 1200 0       
99990839 25/02/2020 1200 1.6     
99990839 26/02/2020 1200 42.6    
99990839 27/02/2020 1200 0       
99990839 28/02/2020 1200 0       
99990839 29/02/2020 1200 0       
99990839 01/03/2020 1200 0       
99990839 02/03/2020 1200 0       
99990839 03/03/2020 1200 0       
99990839 04/03/2020 1200 0       
99990839 05/03/2020 1200 0       
99990839 06/03/2020 1200 0       
99990839 07/03/2020 1200 0       
99990839 08/03/2020 1200 0       
99990839 09/03/2020 1200 0       
99990839 10/03/2020 1200 0       
99990839 11/03/2020 1200 0       
99990839 12/03/2020 1200 0       
99990839 13/03/2020 1200 0       
99990839 14/03/2020 1200 0       
99990839 15/03/2020 1200 0       
99990839 16/03/2020 1200 0       
99990839 17/03/2020 1200 0.2     
99990839 18/03/2020 1200 9.2     
99990839 19/03/2020 1200 5.6     
99990839 20/03/2020 1200 0       
99990839 21/03/2020 1200 0       
99990839 22/03/2020 1200 0       
99990839 23/03/2020 1200 0       
99990839 24/03/2020 1200 0       
99990839 25/03/2020 1200 0       
99990839 26/03/2020 1200 0.01671156791951968