99990829 09/02/2020 1200 3.2     
99990829 10/02/2020 1200 5       
99990829 11/02/2020 1200 0       
99990829 12/02/2020 1200 0       
99990829 13/02/2020 1200 0       
99990829 14/02/2020 1200 0       
99990829 15/02/2020 1200 0       
99990829 16/02/2020 1200 0       
99990829 17/02/2020 1200 18.4    
99990829 18/02/2020 1200 0.2     
99990829 19/02/2020 1200 1.8     
99990829 20/02/2020 1200 0.2     
99990829 21/02/2020 1200 0       
99990829 22/02/2020 1200 0       
99990829 23/02/2020 1200 0.2     
99990829 24/02/2020 1200 0.2     
99990829 25/02/2020 1200 19      
99990829 26/02/2020 1200 11.8    
99990829 27/02/2020 1200 4.2     
99990829 28/02/2020 1200 0.2     
99990829 29/02/2020 1200 0.2     
99990829 01/03/2020 1200 0.2     
99990829 02/03/2020 1200 0       
99990829 03/03/2020 1200 0       
99990829 04/03/2020 1200 0       
99990829 05/03/2020 1200 0.2     
99990829 06/03/2020 1200 0.2     
99990829 07/03/2020 1200 0       
99990829 08/03/2020 1200 0.2     
99990829 09/03/2020 1200 0.4     
99990829 10/03/2020 1200 0       
99990829 11/03/2020 1200 0       
99990829 12/03/2020 1200 0       
99990829 13/03/2020 1200 0       
99990829 14/03/2020 1200 0       
99990829 15/03/2020 1200 0       
99990829 16/03/2020 1200 0.2     
99990829 17/03/2020 1200 0       
99990829 18/03/2020 1200 0.2     
99990829 19/03/2020 1200 13.2    
99990829 20/03/2020 1200 0.2     
99990829 21/03/2020 1200 0.2     
99990829 22/03/2020 1200 0.2     
99990829 23/03/2020 1200 0.2     
99990829 24/03/2020 1200 0.2     
99990829 25/03/2020 1200 0.2     
99990829 26/03/2020 1200 0.1996410922691502