01948001 08/02/2020 1000 0.2     
01948001 09/02/2020 1000 1.8     
01948001 10/02/2020 1000 3.2     
01948001 11/02/2020 1000 6       
01948001 12/02/2020 1000 3.2     
01948001 13/02/2020 1000 33      
01948001 14/02/2020 1000 0.8     
01948001 15/02/2020 1000 4.6     
01948001 16/02/2020 1000 0.2     
01948001 17/02/2020 1000 0       
01948001 18/02/2020 1000 2.6     
01948001 19/02/2020 1000 0       
01948001 20/02/2020 1000 11.2    
01948001 21/02/2020 1000 26.4    
01948001 22/02/2020 1000 0.2     
01948001 23/02/2020 1000 46      
01948001 24/02/2020 1000 0.6     
01948001 25/02/2020 1000 0.6     
01948001 26/02/2020 1000 5       
01948001 27/02/2020 1000 14.4    
01948001 28/02/2020 1000 8.2     
01948001 29/02/2020 1000 112.4   
01948001 01/03/2020 1000 1.2     
01948001 02/03/2020 1000 6.2     
01948001 03/03/2020 1000 0       
01948001 04/03/2020 1000 0       
01948001 05/03/2020 1000 0       
01948001 06/03/2020 1000 0       
01948001 07/03/2020 1000 0       
01948001 08/03/2020 1000 0       
01948001 09/03/2020 1000 0.2     
01948001 10/03/2020 1000 0       
01948001 11/03/2020 1000 1       
01948001 12/03/2020 1000 0       
01948001 13/03/2020 1000 0       
01948001 14/03/2020 1000 0       
01948001 15/03/2020 1000 0.6     
01948001 16/03/2020 1000 14.4    
01948001 17/03/2020 1000 0.2     
01948001 18/03/2020 1000 0       
01948001 19/03/2020 1000 0       
01948001 20/03/2020 1000 2       
01948001 21/03/2020 1000 24.8    
01948001 22/03/2020 1000 1.6     
01948001 23/03/2020 1000 0.2     
01948001 24/03/2020 1000 0       
01948001 25/03/2020 1000 0.0