02046027 08/02/2020 1000 0       
02046027 09/02/2020 1000 2.8     
02046027 10/02/2020 1000 0       
02046027 11/02/2020 1000 15.2    
02046027 12/02/2020 1000 38.2    
02046027 13/02/2020 1000 17      
02046027 14/02/2020 1000 4.2     
02046027 15/02/2020 1000 0       
02046027 16/02/2020 1000 4       
02046027 17/02/2020 1000 11.8    
02046027 18/02/2020 1000 2.6     
02046027 19/02/2020 1000 34.6    
02046027 20/02/2020 1000 0       
02046027 21/02/2020 1000 10.6    
02046027 22/02/2020 1000 3.8     
02046027 23/02/2020 1000 0.8     
02046027 24/02/2020 1000 0       
02046027 25/02/2020 1000 1.8     
02046027 26/02/2020 1000 23.6    
02046027 27/02/2020 1000 15.8    
02046027 28/02/2020 1000 5.4     
02046027 29/02/2020 1000 30.4    
02046027 01/03/2020 1000 16.6    
02046027 02/03/2020 1000 44.8    
02046027 03/03/2020 1000 0.2     
02046027 04/03/2020 1000 1       
02046027 05/03/2020 1000 0       
02046027 06/03/2020 1000 0       
02046027 07/03/2020 1000 0       
02046027 08/03/2020 1000 10.4    
02046027 09/03/2020 1000 0.2     
02046027 10/03/2020 1000 0       
02046027 11/03/2020 1000 0       
02046027 12/03/2020 1000 0       
02046027 13/03/2020 1000 0       
02046027 14/03/2020 1000 0       
02046027 15/03/2020 1000 0       
02046027 16/03/2020 1000 0       
02046027 17/03/2020 1000 14.4    
02046027 18/03/2020 1000 31.8    
02046027 19/03/2020 1000 0       
02046027 20/03/2020 1000 0.2     
02046027 21/03/2020 1000 41.4    
02046027 22/03/2020 1000 1.2     
02046027 23/03/2020 1000 0       
02046027 24/03/2020 1000 0       
02046027 25/03/2020 1000 0.0