02551054 23/01/2020 1000 1.2     
02551054 24/01/2020 1000 4.4     
02551054 25/01/2020 1000 0       
02551054 26/01/2020 1000 0       
02551054 27/01/2020 1000 0       
02551054 28/01/2020 1000 0       
02551054 29/01/2020 1000 29.6    
02551054 30/01/2020 1000 2.2     
02551054 31/01/2020 1000 18.4    
02551054 01/02/2020 1000 0       
02551054 02/02/2020 1000 0       
02551054 03/02/2020 1000 17.4    
02551054 04/02/2020 1000 0       
02551054 05/02/2020 1000 0.2     
02551054 06/02/2020 1000 0.4     
02551054 07/02/2020 1000 1.8     
02551054 08/02/2020 1000 0.6     
02551054 09/02/2020 1000 0       
02551054 10/02/2020 1000 2.4     
02551054 11/02/2020 1000 0       
02551054 12/02/2020 1000 0       
02551054 13/02/2020 1000 0       
02551054 14/02/2020 1000 0       
02551054 15/02/2020 1000 0       
02551054 16/02/2020 1000 0       
02551054 17/02/2020 1000 0       
02551054 18/02/2020 1000 0       
02551054 19/02/2020 1000 0       
02551054 20/02/2020 1000 0       
02551054 21/02/2020 1000 0       
02551054 22/02/2020 1000 0       
02551054 23/02/2020 1000 0       
02551054 24/02/2020 1000 0       
02551054 25/02/2020 1000 19.6    
02551054 26/02/2020 1000 63.6    
02551054 27/02/2020 1000 2.6     
02551054 28/02/2020 1000 0       
02551054 29/02/2020 1000 0       
02551054 01/03/2020 1000 0       
02551054 02/03/2020 1000 0       
02551054 03/03/2020 1000 0.2     
02551054 04/03/2020 1000 0       
02551054 05/03/2020 1000 0.2     
02551054 06/03/2020 1000 0       
02551054 07/03/2020 1000 0       
02551054 08/03/2020 1000 0.2     
02551054 09/03/2020 1000 1.4099554218188346