02651058 23/01/2020 1000 1.6     
02651058 24/01/2020 1000 0       
02651058 25/01/2020 1000 0       
02651058 26/01/2020 1000 0       
02651058 27/01/2020 1000 0       
02651058 28/01/2020 1000 0       
02651058 29/01/2020 1000 0       
02651058 30/01/2020 1000 9.8     
02651058 31/01/2020 1000 19.2    
02651058 01/02/2020 1000 0.2     
02651058 02/02/2020 1000 0       
02651058 03/02/2020 1000 2.2     
02651058 04/02/2020 1000 0       
02651058 05/02/2020 1000 0.2     
02651058 06/02/2020 1000 0       
02651058 07/02/2020 1000 0       
02651058 08/02/2020 1000 3.2     
02651058 09/02/2020 1000 0.6     
02651058 10/02/2020 1000 4       
02651058 11/02/2020 1000 0       
02651058 12/02/2020 1000 0       
02651058 13/02/2020 1000 0       
02651058 14/02/2020 1000 0       
02651058 15/02/2020 1000 0       
02651058 16/02/2020 1000 0       
02651058 17/02/2020 1000 0       
02651058 18/02/2020 1000 0.2     
02651058 19/02/2020 1000 0.2     
02651058 20/02/2020 1000 0       
02651058 21/02/2020 1000 0       
02651058 22/02/2020 1000 0.2     
02651058 23/02/2020 1000 0       
02651058 24/02/2020 1000 0       
02651058 25/02/2020 1000 62.4    
02651058 26/02/2020 1000 104.2   
02651058 27/02/2020 1000 0.4     
02651058 28/02/2020 1000 0       
02651058 29/02/2020 1000 0       
02651058 01/03/2020 1000 0       
02651058 02/03/2020 1000 0       
02651058 03/03/2020 1000 0       
02651058 04/03/2020 1000 0       
02651058 05/03/2020 1000 0       
02651058 06/03/2020 1000 0       
02651058 07/03/2020 1000 0       
02651058 08/03/2020 1000 7.6     
02651058 09/03/2020 1000 17.24057299413962