02651059 23/01/2020 1000 1.4     
02651059 24/01/2020 1000 0.2     
02651059 25/01/2020 1000 0       
02651059 26/01/2020 1000 0       
02651059 27/01/2020 1000 0       
02651059 28/01/2020 1000 0       
02651059 29/01/2020 1000 0.2     
02651059 30/01/2020 1000 9.4     
02651059 31/01/2020 1000 26.4    
02651059 01/02/2020 1000 0       
02651059 02/02/2020 1000 0       
02651059 03/02/2020 1000 0       
02651059 04/02/2020 1000 0       
02651059 05/02/2020 1000 0       
02651059 06/02/2020 1000 0       
02651059 07/02/2020 1000 0       
02651059 08/02/2020 1000 4.4     
02651059 09/02/2020 1000 16.4    
02651059 10/02/2020 1000 4.2     
02651059 11/02/2020 1000 0       
02651059 12/02/2020 1000 0       
02651059 13/02/2020 1000 0       
02651059 14/02/2020 1000 0       
02651059 15/02/2020 1000 0       
02651059 16/02/2020 1000 0.2     
02651059 17/02/2020 1000 0       
02651059 18/02/2020 1000 0       
02651059 19/02/2020 1000 1.8     
02651059 20/02/2020 1000 0       
02651059 21/02/2020 1000 0       
02651059 22/02/2020 1000 0       
02651059 23/02/2020 1000 0       
02651059 24/02/2020 1000 0       
02651059 25/02/2020 1000 30.6    
02651059 26/02/2020 1000 96.8    
02651059 27/02/2020 1000 0.2     
02651059 28/02/2020 1000 0       
02651059 29/02/2020 1000 0       
02651059 01/03/2020 1000 0       
02651059 02/03/2020 1000 0       
02651059 03/03/2020 1000 0       
02651059 04/03/2020 1000 0       
02651059 05/03/2020 1000 0       
02651059 06/03/2020 1000 0       
02651059 07/03/2020 1000 0       
02651059 08/03/2020 1000 3.4     
02651059 09/03/2020 1000 8.047382796561807