99990843 23/01/2020 1200 3.6     
99990843 24/01/2020 1200 1.6     
99990843 25/01/2020 1200 0       
99990843 26/01/2020 1200 0       
99990843 27/01/2020 1200 0       
99990843 28/01/2020 1200 0       
99990843 29/01/2020 1200 1.4     
99990843 30/01/2020 1200 12      
99990843 31/01/2020 1200 19.6    
99990843 01/02/2020 1200 0       
99990843 02/02/2020 1200 0       
99990843 03/02/2020 1200 18.6    
99990843 04/02/2020 1200 0.2     
99990843 05/02/2020 1200 0       
99990843 06/02/2020 1200 0       
99990843 07/02/2020 1200 0       
99990843 08/02/2020 1200 0       
99990843 09/02/2020 1200 0       
99990843 10/02/2020 1200 1       
99990843 11/02/2020 1200 7.2     
99990843 12/02/2020 1200 0       
99990843 13/02/2020 1200 0       
99990843 14/02/2020 1200 0       
99990843 15/02/2020 1200 0       
99990843 16/02/2020 1200 0       
99990843 17/02/2020 1200 0       
99990843 18/02/2020 1200 12      
99990843 19/02/2020 1200 9.4     
99990843 20/02/2020 1200 0.2     
99990843 21/02/2020 1200 0       
99990843 22/02/2020 1200 0       
99990843 23/02/2020 1200 0       
99990843 24/02/2020 1200 0       
99990843 25/02/2020 1200 1.2     
99990843 26/02/2020 1200 66.6    
99990843 27/02/2020 1200 0       
99990843 28/02/2020 1200 0       
99990843 29/02/2020 1200 0       
99990843 01/03/2020 1200 0       
99990843 02/03/2020 1200 0       
99990843 03/03/2020 1200 0       
99990843 04/03/2020 1200 3.6     
99990843 05/03/2020 1200 0       
99990843 06/03/2020 1200 0       
99990843 07/03/2020 1200 0       
99990843 08/03/2020 1200 0       
99990843 09/03/2020 1200 1.0735352756719336