99990875 23/01/2020 1200 1.4     
99990875 24/01/2020 1200 1.4     
99990875 25/01/2020 1200 1.8     
99990875 26/01/2020 1200 0       
99990875 27/01/2020 1200 0       
99990875 28/01/2020 1200 0       
99990875 29/01/2020 1200 3.8     
99990875 30/01/2020 1200 20.6    
99990875 31/01/2020 1200 4.6     
99990875 01/02/2020 1200 0.2     
99990875 02/02/2020 1200 0       
99990875 03/02/2020 1200 1.8     
99990875 04/02/2020 1200 0.2     
99990875 05/02/2020 1200 0.6     
99990875 06/02/2020 1200 0       
99990875 07/02/2020 1200 2       
99990875 08/02/2020 1200 0.2     
99990875 09/02/2020 1200 1.4     
99990875 10/02/2020 1200 10      
99990875 11/02/2020 1200 0.6     
99990875 12/02/2020 1200 0       
99990875 13/02/2020 1200 0       
99990875 14/02/2020 1200 0       
99990875 15/02/2020 1200 0       
99990875 16/02/2020 1200 0       
99990875 17/02/2020 1200 0       
99990875 18/02/2020 1200 0       
99990875 19/02/2020 1200 0       
99990875 20/02/2020 1200 0       
99990875 21/02/2020 1200 0       
99990875 22/02/2020 1200 0       
99990875 23/02/2020 1200 0       
99990875 24/02/2020 1200 0.2     
99990875 25/02/2020 1200 24.6    
99990875 26/02/2020 1200 45.4    
99990875 27/02/2020 1200 0.2     
99990875 28/02/2020 1200 0       
99990875 29/02/2020 1200 0       
99990875 01/03/2020 1200 0       
99990875 02/03/2020 1200 0       
99990875 03/03/2020 1200 0       
99990875 04/03/2020 1200 2.2     
99990875 05/03/2020 1200 0.2     
99990875 06/03/2020 1200 0       
99990875 07/03/2020 1200 0.2     
99990875 08/03/2020 1200 12      
99990875 09/03/2020 1200 16.145584268657277