ONS-Operador Nacional Do Sistema Eletrico
Modelo Computacional SMAP
Versao: 2.0.4 Data: 14/05/2019

Iniciando execucao: 25-03-2020 15:02:14

Parametros
   Amplitude inicial: 0.5
   somacoef alvo: 2 (nao e necessario multiplicar por 100)
   Limite de iteracoes: 10000
   Particulas: 24
   Pulso inicial: 0.1
   Uso de pesos: on
   Gerar graficos: off
   Semente: 9952

Sub bacia: CORUMBA1
cef: 0.99613031
dm: 0.0087223814
ebin: 264.50259
mape: 0.007816996
*somacoef: 1.9883133
supin: 159.5817
Iteracoes: 10000
Iteracao otima: 9982
Tempo: 12.529 s

Qcal
[33](0,0,424.0843,435.1141,509.54884,572.28741,715.31647,800.71373,724.77725,676.00429,659.3777,762.45773,786.1757,693.81723,699.80989,763.91077,716.4202,709.25218,650.99558,594.38946,544.88055,507.49772,479.11221,457.32091,440.39626,427.02417,416.26755,407.39365,410.52764,418.88859,431.79886,454.26865,488.37532)
Rsolo
[33](0,66.2921,69.24241,75.638669,80.932739,88.485337,93.164957,90.251571,88.472092,88.552737,93.359301,94.783087,88.992998,89.899993,93.007192,90.550374,90.320654,86.131411,81.150806,75.287106,70.54261,66.420539,63.008695,60.020467,57.536199,55.249654,53.295685,53.622408,55.051411,57.294228,60.699756,65.134869,61.76825)
Rsub
[33](0,128.18342,128.75398,129.69126,131.51308,134.14799,138.08362,142.88854,147.0822,150.90379,154.70743,159.40783,164.35594,168.12588,172.03472,176.51527,180.47614,184.35876,187.43095,189.61934,190.87202,191.44523,191.48568,191.12631,190.44795,189.52745,188.40249,187.11779,185.87173,184.76061,183.86598,183.32119,183.27723)
Rsup
[33](0,2.5641406,2.7224491,3.887382,4.8350546,7.0458674,8.2875325,6.9080836,5.9853619,5.5915009,7.1216672,7.3469202,5.6988573,5.6701522,6.5705178,5.6588895,5.4123897,4.3475986,3.3361976,2.4681364,1.8259402,1.3508401,0.99935856,0.73933068,0.5469607,0.40464438,0.29935803,0.39230974,0.56796646,0.81224679,1.202951,1.7690359,1.308742)
Peso chuva 
[33](0.5,0.5,1.0335227,1.4049924,1.3342075,1.8794504,1.7201762,0.90875199,0.85155054,0.88880856,0.99009587,1.2774596,0.81006259,1.2498231,1.68873,0.8567395,2,2,2,0.5,0.5,0.5,0.51311664,0.56336502,1.6042195,2,1.8508181,0.5681425,0.9173684,0.90720367,1.410658,0.83241408,1)
Previsao PMEDIA_ORIG
[13] (0.9,0.9,0.5,0.9,1.1,3,0.7,1.4,2.8,4.4,3,2.8,1.8666667)


Sub bacia: CORUMBAIV
cef: 0.95873273
dm: 0.04577238
ebin: 77.719723
mape: 0.019802097
*somacoef: 1.9389306
supin: 118.77693
Iteracoes: 10000
Iteracao otima: 9946
Tempo: 15.004 s

Qcal
[33](0,0,196.49665,218.04041,257.76332,291.47657,278.67912,288.62771,288.0116,285.55274,277.70625,311.43015,338.33587,309.32894,308.94179,344.96885,317.26986,289.34466,263.86276,241.94661,223.41176,207.79039,194.85301,184.07099,175.61663,167.91201,161.74137,157.72993,194.63561,257.24763,272.47733,253.90457,238.94063)
Rsolo
[33](0,50.492,56.027568,60.653054,61.808796,55.801565,57.802097,56.831692,56.065195,54.635512,60.218802,61.493254,51.502213,54.779319,60.804254,51.616447,46.438286,43.02682,40.569379,39.031781,38.044221,37.191877,36.346986,35.933152,35.036868,34.513477,34.443144,46.145611,58.215215,57.737612,48.864511,46.095447,42.020593)
Rsub
[33](0,109.39767,112.89331,119.23309,128.28071,137.99029,143.98142,151.0676,157.52651,163.49257,168.61732,176.95454,186.02888,189.33607,194.31007,202.78937,206.00462,206.83916,206.342,205.00623,203.20205,201.4043,199.62245,197.85636,196.1059,194.37092,192.6513,190.94689,191.794,198.70193,205.26603,207.15789,207.84104)
Rsup
[33](0,8.0201464,9.3071529,11.685232,13.527626,12.197734,12.582093,12.200565,11.724699,10.908689,12.939983,14.356792,11.962864,11.778076,13.972118,11.695049,9.6552263,7.8945847,6.4385942,5.2511475,4.2828969,3.4955682,2.8530124,2.3668708,1.9306037,1.5971725,1.4088005,3.9825349,8.1696351,8.8666101,7.2976443,6.1964842,5.0536727)
Peso chuva 
[33](1.9070305,0.52473306,1.715092,1.4896356,1.4487242,0.89228823,1.9495382,2,2,2,2,1.6679439,0.5,1.4017654,2,0.5,0.5,0.5,0.5,2,0.82644225,0.65629862,0.59348565,2,2,2,2,2,2,1.3637586,0.5,0.88043253,1)
Previsao PMEDIA_ORIG
[13] (2.6,2.6,1.9,1.2,1.1,2.4,0.8,1.5,2.8,5.1,3.2,2.9,2.3416667)


Sub bacia: EMBORCACAO
cef: 0.98576252
dm: 0.030177769
ebin: 313.984
mape: 0.026608116
*somacoef: 1.9591544
supin: 190.06132
Iteracoes: 10000
Iteracao otima: 9890
Tempo: 12.626 s

Qcal
[33](0,0,504.04532,551.22803,698.3331,844.35668,912.35924,883.06561,840.1795,771.15624,906.21645,1077.3218,1150.5028,1058.465,1021.8115,1003.5926,929.07807,844.97766,769.75502,705.3123,651.41403,606.45453,568.87188,537.37768,510.90916,488.58964,469.69597,453.65143,445.53096,440.30032,440.64009,449.88818,466.23)
Rsolo
[33](0,52.8896,60.518575,69.873834,73.575111,72.494799,68.004187,65.304073,60.448546,70.801603,75.630305,74.450154,66.40056,67.126803,68.015066,63.543824,58.737367,55.019182,52.84003,50.855267,48.978923,47.108737,45.53501,44.036145,42.414583,41.04658,39.855289,39.742038,39.938322,41.310416,44.257087,48.297474,46.437493)
Rsub
[33](0,204.81256,203.33908,204.37717,210.30382,218.45826,225.87182,230.56882,233.76462,234.55173,240.81266,250.08991,258.5225,262.10097,266.04947,270.46353,272.46986,272.21525,270.44329,268.49764,266.566,264.64825,262.74429,260.85404,258.97738,257.11422,255.26447,253.42803,251.6048,249.79468,247.99759,246.21342,244.4421)
Rsup
[33](0,5.0926781,6.4174621,10.316489,13.985727,15.472887,14.383436,13.041366,11.060617,14.647213,18.974785,20.554578,17.742041,16.612921,15.962553,13.784623,11.448744,9.443618,7.7896684,6.4253905,5.3000514,4.3718036,3.6061285,2.9745533,2.4535918,2.0238712,1.6699419,1.5277909,1.4625301,1.5459893,1.8676109,2.3787777,1.96216)
Peso chuva 
[33](0.5,0.89922625,1.2935865,1.1260348,1.6028796,1.5238251,1.5489008,0.98830381,0.58817786,0.88253416,1.2361166,2,2,2,2,2,2,0.50003024,0.5,0.5,1.9802771,1.6632034,0.5,0.70784256,0.5,0.5,0.5,0.5,0.5,0.5,0.74464986,1.7059845,1)
Previsao PMEDIA_ORIG
[13] (0.5,0.3,0,0,0.6,1.7,1.5,1.7,4.9,2.6,2.6,2.2,1.55)


Sub bacia: ITUMBIARA
cef: 0.99470752
dm: 0.022698588
ebin: 235.84712
mape: 0.02207296
*somacoef: 1.9726346
supin: 259.39811
Iteracoes: 10000
Iteracao otima: 9948
Tempo: 13.609 s

Qcal
[33](0,0,495.24523,504.50806,538.63774,567.64921,572.93783,736.60809,883.01181,998.34633,1033.9321,986.01411,873.88359,778.42809,697.9799,654.50486,609.49293,556.94959,512.69865,475.41116,443.98303,417.44134,394.99274,376.11932,360.21168,346.76454,335.35892,326.41907,333.241,380.01884,382.46635,402.96957,421.12049)
Rsolo
[33](0,54.264,56.559882,60.182207,62.824954,63.386039,71.221676,76.453081,79.316049,79.402829,76.015929,67.351643,60.234025,55.40561,55.040332,53.46119,49.682664,46.606023,44.260436,42.294425,40.406599,38.908505,37.455978,36.00965,34.514197,33.074389,32.251356,33.326914,39.410235,41.139874,45.093692,48.494022,45.542018)
Rsub
[33](0,169.60021,170.49262,171.7751,173.72635,176.20077,178.77972,183.15014,188.87042,195.36863,201.85743,207.35833,210.64751,212.40218,213.26006,214.05091,214.57499,214.51776,214.04157,213.2795,212.30057,211.17161,210.04866,208.93169,207.82065,206.71552,205.61626,204.52285,203.43526,202.35345,201.31173,200.71672,200.56569)
Rsup
[33](0,5.8064212,5.9859837,6.7100288,7.2986898,7.3400486,10.923401,14.064492,16.468105,17.06239,15.787803,13.10662,10.86754,9.0121527,8.0122943,6.9801208,5.7876663,4.7989257,3.9790974,3.2993251,2.7356822,2.2683298,1.8808178,1.5595068,1.2930872,1.0721816,0.90628729,1.093026,2.173965,2.2624248,2.7537993,3.1786147,2.6355935)
Peso chuva 
[33](2,1.8287811,1.9258146,0.67599639,2,2,1.2268352,1.2856025,0.59971623,1.6384684,0.5,0.5,0.5,0.51694386,1.2883981,1.1295517,0.5,0.5,0.50353262,0.5,0.55454256,0.5,0.5,0.5,0.5,0.5,2,2,1.94224,1.5637327,0.5,0.98199727,1)
Previsao PMEDIA_ORIG
[13] (1.8,1.1,0.2,0.5,1.6,2.8,2.7,2.5,4.3,3.7,3.3,2.7,2.2666667)


Sub bacia: NOVAPONTE
cef: 0.99946511
dm: 0.0038615513
ebin: 384.29269
mape: 0.0038243267
*somacoef: 1.9956408
supin: 238.58782
Iteracoes: 10000
Iteracao otima: 9869
Tempo: 12.455 s

Qcal
[33](0,0,622.88051,585.66181,552.53495,620.69866,771.85374,876.53363,1002.4152,1150.4357,1280.8167,1234.22,1048.2677,901.97005,790.32504,709.0063,690.24046,659.96215,615.99625,605.51588,574.33727,545.23544,524.07643,511.59286,498.69795,487.32371,484.58684,480.29864,474.35734,468.43095,488.85118,534.52697,511.21777)
Rsolo
[33](0,52.9868,50.925071,49.120094,56.04093,63.445518,65.34737,67.305132,69.168282,70.042555,65.585178,53.682422,48.125318,44.770517,43.378345,48.307861,49.306482,46.431203,48.405479,45.844423,43.563304,42.477213,42.202251,41.757324,41.356667,41.977524,42.145584,41.925351,41.716797,45.682202,51.011204,46.765772,43.461157)
Rsub
[33](0,288.85496,291.0126,292.23145,292.68362,296.29217,304.01763,312.87737,322.95235,334.22286,346.023,354.72349,356.71716,356.29297,354.6363,352.52672,352.20553,352.28842,351.25291,350.9798,349.7405,347.72748,345.38294,342.9708,340.44129,337.91335,335.48799,333.13193,330.72623,328.27547,327.14661,328.13448,327.40227)
Rsup
[33](0,5.117908,4.2579607,3.512578,4.9618425,8.101264,10.126264,12.573687,15.461329,17.936471,16.600178,12.36305,9.1679471,6.7851742,5.0880974,4.7457582,4.1054295,3.1599584,2.9646976,2.3036841,1.7147929,1.3183626,1.1174886,0.90972019,0.73792081,0.75135547,0.72858556,0.66837732,0.60990546,1.1178769,2.1298763,1.6016827,1.1849332)
Peso chuva 
[33](0.5,0.54667952,1.0856558,1.4396431,1.6927151,1.3944208,0.66136312,0.60906426,0.83035862,1.0459945,1.7424595,0.5,0.5,0.5,0.5,1.4254543,2,0.81951901,1.9315004,2,2,2,2,0.78760697,1.5139613,1.2838208,2,2,1.9739,0.60675721,1.3883346,0.5,1)
Previsao PMEDIA_ORIG
[13] (1.5,1.3,0.2,0.2,1,2.9,3.4,3.5,7.5,2.9,3,3,2.5333333)


Sub bacia: RVerde
cef: 0.9945896
dm: 0.008440564
ebin: 624.79472
mape: 0.0064784768
*somacoef: 1.9881111
supin: 37.840683
Iteracoes: 10000
Iteracao otima: 9934
Tempo: 10.238 s

Qcal
[32](0,662.6354,687.13398,730.92542,751.56675,734.50392,776.89095,914.18827,1006.8815,1073.1811,1052.6244,1189.9253,1111.0738,1080.0401,1105.0734,1099.7777,1042.3611,986.11525,937.63511,895.76307,859.51271,828.03964,800.6236,776.96989,756.35646,737.9061,721.55706,710.90906,719.71164,712.00863,698.45652,690.00001)
Rsolo
[32](95.069927,94.566915,96.089059,96.061922,92.043171,94.303762,101.38763,106.29877,110.25964,109.45594,115.50844,109.5038,108.33408,110.46879,110.79109,106.62589,100.5165,95.023574,90.085685,85.618823,81.560214,78.339,75.664131,73.225174,70.386412,67.861348,66.69991,68.324544,67.541867,65.870071,64.910495,62.489953)
Rsub
[32](251.19732,251.44492,251.65686,251.97068,252.28042,252.32008,252.50822,253.19349,254.24826,255.61467,256.90546,258.69957,259.97253,261.14157,262.47666,263.82906,264.83464,265.36909,265.51367,265.3353,264.88747,264.21373,263.37438,262.40718,261.33093,260.13471,258.84009,257.50753,256.25055,254.97023,253.63214,252.26637)
Rsup
[32](0.70480507,1.1496352,1.9554578,2.3253768,1.9932222,2.7808681,5.329396,7.0241164,8.210121,7.7639394,10.261451,8.7096794,8.0726866,8.4847884,8.324302,7.1922323,6.0980348,5.1703041,4.3837147,3.7167938,3.1513357,2.6719082,2.2702283,1.9310979,1.6373084,1.3882148,1.2498654,1.4755517,1.3903104,1.1972077,1.1016897,0.93408304)
Peso chuva 
[32](2,0.5,0.5,0.5,0.5,0.94639361,0.70566509,0.5497893,0.5273928,0.62688058,1.9446943,1.1687109,1.9536156,2,2,2,0.5,0.50462053,0.5,0.71140551,0.55662844,0.5,0.5,0.5,0.59351629,2,1.2936476,2,1.3602332,0.68268605,0.5,1)
Previsao PMEDIA_ORIG
[13] (3.4,1.8,2.4,4.3,3.2,4.1,1.3,1.3,3.6,2.3,2.6,2.7,2.75)


Sub bacia: SDOFACAO
cef: 0.98928957
dm: 0.0241147
ebin: 128.496
mape: 0.021605681
*somacoef: 1.9676839
supin: 178.23012
Iteracoes: 10000
Iteracao otima: 9936
Tempo: 8.049 s

Qcal
[33](0,0,306.72612,286.8258,274.1682,290.84479,299.61944,273.61172,298.43762,277.47103,319.16976,369.9135,434.44698,476.99149,484.29062,502.667,527.60463,561.56829,523.16867,465.60226,418.33069,379.44974,347.43818,321.0339,299.19538,281.06606,265.94652,253.26665,259.16597,252.05954,247.93711,246.58595,263.73329)
Rsolo
[33](0,108.7224,107.92312,107.95488,111.9233,114.38116,109.63684,113.93939,110.56918,116.39626,121.99885,127.44506,130.5979,130.97396,132.00571,133.26028,134.8038,130.99908,122.00987,114.20866,107.69428,102.19702,97.506407,93.452457,89.927511,86.844877,84.165919,88.419343,88.538287,89.352165,90.762603,95.997785,92.139243)
Rsub
[33](0,119.45602,121.62259,123.6657,125.6951,128.23779,131.10198,133.28788,136.04534,138.31309,141.37952,145.26619,149.99874,155.22473,160.47011,165.84944,171.40308,177.18452,182.24242,185.77384,188.11093,189.54352,190.2795,190.47017,190.22671,189.63439,188.75943,187.65645,186.94354,186.24798,185.63535,185.16419,185.235)
Rsup
[33](0,7.6400299,6.6870799,6.0502901,6.6715751,6.9304664,5.6835488,6.6469467,5.6210439,7.3039396,9.3377327,11.924817,13.530316,13.60223,14.14809,14.969027,16.168838,14.256214,11.555347,9.3661643,7.5917266,6.1534595,4.9876749,4.0427504,3.2768436,2.6560394,2.1528476,2.4565871,2.1848344,2.040194,2.0105234,2.7672885,2.2430204)
Peso chuva 
[33](0.50277294,0.62503621,0.5,0.63316459,1.3492579,0.98607621,0.5,2,0.5,0.98415581,0.81290147,1.1822644,1.6869608,0.77442617,1.350323,1.0690861,2,2,0.5,0.5,0.5,0.5,0.5,0.5,0.5,0.5,0.5,0.5,0.5,0.5,0.84040156,0.7008763,1)
Previsao PMEDIA_ORIG
[13] (0.5,0.7,0.2,0.1,0.3,0.6,0.6,0.9,3.4,4.9,3.8,3,1.5833333)


Sub bacia: SSIMAO2
cef: 0.98566367
dm: 0.022324775
ebin: 289.4294
mape: 0.017113303
*somacoef: 1.9685504
supin: 539.04042
Iteracoes: 10000
Iteracao otima: 9995
Tempo: 7.867 s

Qcal
[34](0,0,0,828.46982,867.18244,949.96243,1024.11,1056.0431,1220.3767,1352.868,1519.4803,1560.5077,1580.9009,1447.8797,1324.0954,1216.2631,1119.208,1033.9817,959.97967,895.59833,839.50036,790.52303,747.67206,710.22959,677.25646,648.12554,622.38902,599.58839,579.33034,590.79713,640.80351,810.59792,979.78255,941.93807)
Rsolo
[34](0,0,49.622955,53.663013,57.617893,59.389566,58.821889,67.740014,73.160579,59.068237,60.905338,61.1511,52.277915,47.744566,45.502502,43.576582,42.290513,41.035821,39.710812,38.263545,36.82864,35.450439,34.464099,33.479985,32.393606,31.204449,30.103431,29.101531,31.009115,36.169131,47.003662,56.68105,52.83446,47.531259)
Rsub
[34](0,0,128.18392,129.66294,132.78867,137.7364,143.55503,149.05869,159.61306,173.74055,179.24239,185.68314,192.22894,194.49885,195.00599,194.74822,193.92685,193.10895,192.29449,191.48347,190.67588,189.87168,189.07088,188.27346,187.4794,186.68869,185.90131,185.11726,184.33651,183.55905,182.78488,183.08173,187.36321,189.88832)
Rsup
[34](0,0,6.7632084,7.2070259,8.1570955,8.9472401,9.1830575,13.847811,17.763609,10.037362,10.671169,11.034445,9.3709672,7.9778729,6.819843,5.8046853,4.9408323,4.2055071,3.5794095,3.0465227,2.5929697,2.2069397,1.8800456,1.601082,1.3627199,1.1598441,0.9871716,0.84020581,1.0854981,1.8089333,4.0302718,6.2089945,5.6729769,4.8284089)
Peso chuva 
[34](2,1.9714443,0.54474325,0.6793297,1.7701833,1.889695,1.1126357,1.5088141,2,0.77615917,2,2,0.5,0.5,0.5,1.020809,1.9677297,2,2,2,1.1071129,2,2,2,2,0.84421328,2,2,1.7382554,1.2675863,1.0653952,2,1.1871646,1)
Previsao PMEDIA_ORIG
[13] (1.7,1.6,0.6,1.7,1.9,3.4,2.1,2,3.6,2.5,2.8,3.2,2.2583333)


Tempo de execucao em: 93 s

Finalizando execucao: 25-03-2020 15:03:47

