00083522 13/01/2020 1200 0       
00083522 14/01/2020 1200 0       
00083522 15/01/2020 1200 0       
00083522 16/01/2020 1200 0       
00083522 17/01/2020 1200 0       
00083522 18/01/2020 1200 12      
00083522 19/01/2020 1200 7       
00083522 20/01/2020 1200 3       
00083522 21/01/2020 1200 5       
00083522 22/01/2020 1200 26      
00083522 23/01/2020 1200 0.5     
00083522 24/01/2020 1200 12      
00083522 25/01/2020 1200 73      
00083522 26/01/2020 1200 10      
00083522 27/01/2020 1200 0       
00083522 28/01/2020 1200 0.6     
00083522 29/01/2020 1200 2       
00083522 30/01/2020 1200 1       
00083522 31/01/2020 1200 0       
00083522 01/02/2020 1200 0       
00083522 02/02/2020 1200 7       
00083522 03/02/2020 1200 3       
00083522 04/02/2020 1200 1       
00083522 05/02/2020 1200 0       
00083522 06/02/2020 1200 55      
00083522 07/02/2020 1200 8       
00083522 08/02/2020 1200 4       
00083522 09/02/2020 1200 1       
00083522 10/02/2020 1200 4       
00083522 11/02/2020 1200 3       
00083522 12/02/2020 1200 5       
00083522 13/02/2020 1200 1       
00083522 14/02/2020 1200 0       
00083522 15/02/2020 1200 0       
00083522 16/02/2020 1200 0       
00083522 17/02/2020 1200 0       
00083522 18/02/2020 1200 0       
00083522 19/02/2020 1200 0.3     
00083522 20/02/2020 1200 0       
00083522 21/02/2020 1200 4       
00083522 22/02/2020 1200 86      
00083522 23/02/2020 1200 5       
00083522 24/02/2020 1200 130     
00083522 25/02/2020 1200 14      
00083522 26/02/2020 1200 5       
00083522 27/02/2020 1200 51      
