00083526 13/01/2020 1200 0       
00083526 14/01/2020 1200 0       
00083526 15/01/2020 1200 0       
00083526 16/01/2020 1200 0       
00083526 17/01/2020 1200 2       
00083526 18/01/2020 1200 10      
00083526 19/01/2020 1200 2       
00083526 20/01/2020 1200 27      
00083526 21/01/2020 1200 15      
00083526 22/01/2020 1200 69      
00083526 23/01/2020 1200 2.3     
00083526 24/01/2020 1200 17      
00083526 25/01/2020 1200 59      
00083526 26/01/2020 1200 5       
00083526 27/01/2020 1200 0       
00083526 28/01/2020 1200 0       
00083526 29/01/2020 1200 153     
00083526 30/01/2020 1200 6       
00083526 31/01/2020 1200 1       
00083526 01/02/2020 1200 0       
00083526 02/02/2020 1200 22      
00083526 03/02/2020 1200 0.4     
00083526 04/02/2020 1200 9       
00083526 05/02/2020 1200 7       
00083526 06/02/2020 1200 44      
00083526 07/02/2020 1200 66      
00083526 08/02/2020 1200 4       
00083526 09/02/2020 1200 5       
00083526 10/02/2020 1200 14      
00083526 11/02/2020 1200 2       
00083526 12/02/2020 1200 30      
00083526 13/02/2020 1200 2       
00083526 14/02/2020 1200 1       
00083526 15/02/2020 1200 4       
00083526 16/02/2020 1200 1       
00083526 17/02/2020 1200 0.3     
00083526 18/02/2020 1200 75      
00083526 19/02/2020 1200 0.3     
00083526 20/02/2020 1200 14      
00083526 21/02/2020 1200 0.3     
00083526 22/02/2020 0000 -       
00083526 23/02/2020 0000 -       
00083526 24/02/2020 1200 12      
00083526 25/02/2020 1200 10      
00083526 26/02/2020 1200 6       
00083526 27/02/2020 1200 32      
