01648014 13/01/2020 1000 0       
01648014 14/01/2020 1000 0       
01648014 15/01/2020 1000 0       
01648014 16/01/2020 1000 0       
01648014 17/01/2020 1000 34      
01648014 18/01/2020 1000 0       
01648014 19/01/2020 1000 2.8     
01648014 20/01/2020 1000 4       
01648014 21/01/2020 1000 0.2     
01648014 22/01/2020 1000 44.2    
01648014 23/01/2020 1000 11.5    
01648014 24/01/2020 1000 1.2     
01648014 25/01/2020 1000 15      
01648014 26/01/2020 1000 1.2     
01648014 27/01/2020 1000 0.5     
01648014 28/01/2020 1000 2       
01648014 29/01/2020 1000 7       
01648014 30/01/2020 1000 12.8    
01648014 31/01/2020 1000 0       
01648014 01/02/2020 1000 0.5     
01648014 02/02/2020 1000 0.5     
01648014 03/02/2020 1000 0       
01648014 04/02/2020 1000 32.5    
01648014 05/02/2020 1000 7       
01648014 06/02/2020 1000 58.75   
01648014 07/02/2020 1000 54.75   
01648014 08/02/2020 1000 9.75    
01648014 09/02/2020 1000 13.75   
01648014 10/02/2020 1000 2.75    
01648014 11/02/2020 1000 0.5     
01648014 12/02/2020 1000 0       
01648014 13/02/2020 1000 58.25   
01648014 14/02/2020 1000 0.25    
01648014 15/02/2020 1000 40      
01648014 16/02/2020 1000 30.5    
01648014 17/02/2020 1000 1.2     
01648014 18/02/2020 1000 20      
01648014 19/02/2020 1000 0       
01648014 20/02/2020 1000 51.2    
01648014 21/02/2020 1000 0       
01648014 22/02/2020 1000 0       
01648014 23/02/2020 1000 25.8    
01648014 24/02/2020 1000 16      
01648014 25/02/2020 1000 20      
01648014 26/02/2020 1000 17.2    
01648014 27/02/2020 1000 8.2     
