01748018 13/01/2020 1000 0       
01748018 14/01/2020 1000 0       
01748018 15/01/2020 1000 0       
01748018 16/01/2020 1000 3.8     
01748018 17/01/2020 1000 0       
01748018 18/01/2020 1000 48.8    
01748018 19/01/2020 1000 5.6     
01748018 20/01/2020 1000 2       
01748018 21/01/2020 1000 12.2    
01748018 22/01/2020 1000 0.2     
01748018 23/01/2020 1000 0.8     
01748018 24/01/2020 1000 7       
01748018 25/01/2020 1000 19.6    
01748018 26/01/2020 1000 5.4     
01748018 27/01/2020 1000 0.2     
01748018 28/01/2020 1000 11.2    
01748018 29/01/2020 1000 15      
01748018 30/01/2020 1000 3.2     
01748018 31/01/2020 1000 10.2    
01748018 01/02/2020 1000 0       
01748018 02/02/2020 1000 0       
01748018 03/02/2020 1000 0.2     
01748018 04/02/2020 1000 0       
01748018 05/02/2020 1000 15.2    
01748018 06/02/2020 1000 25.6    
01748018 07/02/2020 1000 32      
01748018 08/02/2020 1000 13.6    
01748018 09/02/2020 1000 2.4     
01748018 10/02/2020 1000 5.8     
01748018 11/02/2020 1000 0.2     
01748018 12/02/2020 1000 0.6     
01748018 13/02/2020 1000 0.4     
01748018 14/02/2020 1000 0       
01748018 15/02/2020 1000 10.2    
01748018 16/02/2020 1000 0       
01748018 17/02/2020 1000 1.2     
01748018 18/02/2020 1000 3       
01748018 19/02/2020 1000 3.2     
01748018 20/02/2020 1000 2.8     
01748018 21/02/2020 1000 12.4    
01748018 22/02/2020 1000 6       
01748018 23/02/2020 1000 45.2    
01748018 24/02/2020 1000 4.8     
01748018 25/02/2020 1000 3.8     
01748018 26/02/2020 1000 12      
01748018 27/02/2020 1000 36      
