01749013 13/01/2020 1000 0       
01749013 14/01/2020 1000 5.4     
01749013 15/01/2020 1000 0       
01749013 16/01/2020 1000 0       
01749013 17/01/2020 1000 2.4     
01749013 18/01/2020 1000 1       
01749013 19/01/2020 1000 3.4     
01749013 20/01/2020 1000 13.8    
01749013 21/01/2020 1000 0       
01749013 22/01/2020 1000 10      
01749013 23/01/2020 1000 7       
01749013 24/01/2020 1000 6.4     
01749013 25/01/2020 1000 10      
01749013 26/01/2020 1000 30      
01749013 27/01/2020 1000 4.2     
01749013 28/01/2020 1000 0       
01749013 29/01/2020 1000 0.4     
01749013 30/01/2020 1000 6.6     
01749013 31/01/2020 1000 0       
01749013 01/02/2020 1000 0       
01749013 02/02/2020 1000 0       
01749013 03/02/2020 1000 2.4     
01749013 04/02/2020 1000 11      
01749013 05/02/2020 1000 3.6     
01749013 06/02/2020 1000 16.2    
01749013 07/02/2020 1000 13      
01749013 08/02/2020 1000 37.8    
01749013 09/02/2020 1000 5.4     
01749013 10/02/2020 1000 1       
01749013 11/02/2020 1000 2.2     
01749013 12/02/2020 1000 0       
01749013 13/02/2020 1000 4.8     
01749013 14/02/2020 1000 1.6     
01749013 15/02/2020 1000 2       
01749013 16/02/2020 1000 0       
01749013 17/02/2020 1000 13.2    
01749013 18/02/2020 1000 36      
01749013 19/02/2020 1000 6.2     
01749013 20/02/2020 1000 0.2     
01749013 21/02/2020 1000 1.6     
01749013 22/02/2020 1000 1.6     
01749013 23/02/2020 1000 13.4    
01749013 24/02/2020 1000 15      
01749013 25/02/2020 1000 6.2     
01749013 26/02/2020 1000 0.6     
01749013 27/02/2020 1000 10      
