01750016 13/01/2020 1000 0       
01750016 14/01/2020 1000 0       
01750016 15/01/2020 1000 0       
01750016 16/01/2020 1000 0.8     
01750016 17/01/2020 1000 0.4     
01750016 18/01/2020 1000 5       
01750016 19/01/2020 1000 5       
01750016 20/01/2020 1000 0       
01750016 21/01/2020 1000 20      
01750016 22/01/2020 1000 54.2    
01750016 23/01/2020 1000 5.8     
01750016 24/01/2020 1000 28.8    
01750016 25/01/2020 1000 15      
01750016 26/01/2020 1000 36.4    
01750016 27/01/2020 1000 0.6     
01750016 28/01/2020 1000 2.8     
01750016 29/01/2020 1000 0.8     
01750016 30/01/2020 1000 10      
01750016 31/01/2020 1000 0       
01750016 01/02/2020 1000 0       
01750016 02/02/2020 1000 0       
01750016 03/02/2020 1000 0       
01750016 04/02/2020 1000 10.2    
01750016 05/02/2020 1000 0       
01750016 06/02/2020 1000 26.4    
01750016 07/02/2020 1000 50.2    
01750016 08/02/2020 1000 39.6    
01750016 09/02/2020 1000 9.2     
01750016 10/02/2020 1000 2.6     
01750016 11/02/2020 1000 0       
01750016 12/02/2020 1000 12.8    
01750016 13/02/2020 1000 0.2     
01750016 14/02/2020 1000 4.6     
01750016 15/02/2020 1000 0.6     
01750016 16/02/2020 1000 0       
01750016 17/02/2020 1000 0       
01750016 18/02/2020 1000 0.2     
01750016 19/02/2020 1000 15.6    
01750016 20/02/2020 1000 0.4     
01750016 21/02/2020 1000 0       
01750016 22/02/2020 1000 0       
01750016 23/02/2020 1000 0       
01750016 24/02/2020 1000 20.4    
01750016 25/02/2020 1000 1       
01750016 26/02/2020 1000 0       
01750016 27/02/2020 1000 15      
