01846026 13/01/2020 1000 0       
01846026 14/01/2020 1000 0       
01846026 15/01/2020 1000 12      
01846026 16/01/2020 1000 0       
01846026 17/01/2020 1000 0       
01846026 18/01/2020 1000 0       
01846026 19/01/2020 1000 2       
01846026 20/01/2020 1000 0       
01846026 21/01/2020 1000 2       
01846026 22/01/2020 1000 10      
01846026 23/01/2020 1000 17      
01846026 24/01/2020 1000 71      
01846026 25/01/2020 1000 70      
01846026 26/01/2020 1000 4       
01846026 27/01/2020 1000 0       
01846026 28/01/2020 1000 9       
01846026 29/01/2020 1000 0       
01846026 30/01/2020 1000 13      
01846026 31/01/2020 1000 0       
01846026 01/02/2020 1000 8       
01846026 02/02/2020 1000 2       
01846026 03/02/2020 1000 5       
01846026 04/02/2020 1000 0       
01846026 05/02/2020 1000 67      
01846026 06/02/2020 1000 10      
01846026 07/02/2020 1000 44      
01846026 08/02/2020 1000 16      
01846026 09/02/2020 1000 11      
01846026 10/02/2020 1000 4       
01846026 11/02/2020 1000 8       
01846026 12/02/2020 1000 6       
01846026 13/02/2020 1000 7       
01846026 14/02/2020 1000 5       
01846026 15/02/2020 1000 52      
01846026 16/02/2020 1000 0       
01846026 17/02/2020 1000 0       
01846026 18/02/2020 1000 0       
01846026 19/02/2020 1000 0       
01846026 20/02/2020 1000 0       
01846026 21/02/2020 1000 0       
01846026 22/02/2020 1000 15      
01846026 23/02/2020 1000 5       
01846026 24/02/2020 1000 19      
01846026 25/02/2020 1000 35      
01846026 26/02/2020 1000 7       
01846026 27/02/2020 1000 10      
