01949009 13/01/2020 1000 0       
01949009 14/01/2020 1000 0       
01949009 15/01/2020 1000 0       
01949009 16/01/2020 1000 0       
01949009 17/01/2020 1000 3       
01949009 18/01/2020 1000 23.6    
01949009 19/01/2020 1000 0       
01949009 20/01/2020 1000 1       
01949009 21/01/2020 1000 5       
01949009 22/01/2020 1000 15.2    
01949009 23/01/2020 1000 15.6    
01949009 24/01/2020 1000 9.6     
01949009 25/01/2020 1000 15      
01949009 26/01/2020 1000 0.2     
01949009 27/01/2020 1000 0       
01949009 28/01/2020 1000 0       
01949009 29/01/2020 1000 0       
01949009 30/01/2020 1000 1.8     
01949009 31/01/2020 1000 19      
01949009 01/02/2020 1000 0.2     
01949009 02/02/2020 1000 0       
01949009 03/02/2020 1000 5       
01949009 04/02/2020 1000 11.2    
01949009 05/02/2020 1000 0       
01949009 06/02/2020 1000 14.6    
01949009 07/02/2020 1000 48.8    
01949009 08/02/2020 1000 0.2     
01949009 09/02/2020 1000 5.2     
01949009 10/02/2020 1000 6.2     
01949009 11/02/2020 1000 3.2     
01949009 12/02/2020 1000 14      
01949009 13/02/2020 1000 12.8    
01949009 14/02/2020 1000 0.4     
01949009 15/02/2020 1000 3       
01949009 16/02/2020 1000 0       
01949009 17/02/2020 1000 0       
01949009 18/02/2020 1000 29.4    
01949009 19/02/2020 1000 7.2     
01949009 20/02/2020 1000 0       
01949009 21/02/2020 1000 15.4    
01949009 22/02/2020 1000 39.8    
01949009 23/02/2020 1000 28      
01949009 24/02/2020 1000 2       
01949009 25/02/2020 1000 9.6     
01949009 26/02/2020 1000 4       
01949009 27/02/2020 1000 15      
