99990029 13/01/2020 1200 0       
99990029 14/01/2020 1200 0       
99990029 15/01/2020 1200 0       
99990029 16/01/2020 1200 0       
99990029 17/01/2020 1200 1       
99990029 18/01/2020 1200 1.6     
99990029 19/01/2020 1200 0.6     
99990029 20/01/2020 1200 0       
99990029 21/01/2020 1200 18.8    
99990029 22/01/2020 1200 0       
99990029 23/01/2020 1200 4       
99990029 24/01/2020 1200 0       
99990029 25/01/2020 1200 10.8    
99990029 26/01/2020 1200 5.4     
99990029 27/01/2020 1200 0       
99990029 28/01/2020 1200 0       
99990029 29/01/2020 1200 2.4     
99990029 30/01/2020 1200 6.2     
99990029 31/01/2020 1200 0       
99990029 01/02/2020 1200 0       
99990029 02/02/2020 1200 0       
99990029 03/02/2020 1200 0       
99990029 04/02/2020 1200 5.4     
99990029 05/02/2020 1200 0       
99990029 06/02/2020 1200 30      
99990029 07/02/2020 1200 30.4    
99990029 08/02/2020 1200 16.6    
99990029 09/02/2020 1200 3       
99990029 10/02/2020 1200 6.4     
99990029 11/02/2020 1200 5       
99990029 12/02/2020 1200 0       
99990029 13/02/2020 1200 13.8    
99990029 14/02/2020 1200 0       
99990029 15/02/2020 1200 0       
99990029 16/02/2020 1200 0       
99990029 17/02/2020 1200 0       
99990029 18/02/2020 1200 0       
99990029 19/02/2020 1200 1       
99990029 20/02/2020 1200 0.4     
99990029 21/02/2020 1200 0.4     
99990029 22/02/2020 1200 0       
99990029 23/02/2020 1200 22      
99990029 24/02/2020 1200 76.8    
99990029 25/02/2020 1200 0       
99990029 26/02/2020 1200 0       
99990029 27/02/2020 1200 17.4    
