99990047 13/01/2020 1200 0       
99990047 14/01/2020 1200 0       
99990047 15/01/2020 1200 0       
99990047 16/01/2020 1200 0       
99990047 17/01/2020 1200 0       
99990047 18/01/2020 1200 0.8     
99990047 19/01/2020 1200 0       
99990047 20/01/2020 1200 3.4     
99990047 21/01/2020 1200 12.6    
99990047 22/01/2020 1200 0.8     
99990047 23/01/2020 1200 4.4     
99990047 24/01/2020 1200 8.8     
99990047 25/01/2020 1200 18      
99990047 26/01/2020 1200 93.8    
99990047 27/01/2020 1200 37.6    
99990047 28/01/2020 1200 3       
99990047 29/01/2020 1200 0.8     
99990047 30/01/2020 1200 0.8     
99990047 31/01/2020 1200 0.2     
99990047 01/02/2020 1200 0       
99990047 02/02/2020 1200 0       
99990047 03/02/2020 1200 0       
99990047 04/02/2020 1200 58.4    
99990047 05/02/2020 1200 0       
99990047 06/02/2020 1200 108.8   
99990047 07/02/2020 1200 12.8    
99990047 08/02/2020 1200 23.6    
99990047 09/02/2020 1200 5       
99990047 10/02/2020 1200 2.6     
99990047 11/02/2020 1200 3.4     
99990047 12/02/2020 1200 3.8     
99990047 13/02/2020 1200 5.2     
99990047 14/02/2020 1200 40.2    
99990047 15/02/2020 1200 0.2     
99990047 16/02/2020 1200 30      
99990047 17/02/2020 1200 14.2    
99990047 18/02/2020 1200 1.2     
99990047 19/02/2020 1200 0       
99990047 20/02/2020 1200 0       
99990047 21/02/2020 1200 13.2    
99990047 22/02/2020 1200 49.2    
99990047 23/02/2020 1200 5.4     
99990047 24/02/2020 1200 15      
99990047 25/02/2020 1200 32.6    
99990047 26/02/2020 1200 2.8     
99990047 27/02/2020 1200 74.6    
