99990042 13/01/2020 1200 0       
99990042 14/01/2020 1200 0       
99990042 15/01/2020 1200 0       
99990042 16/01/2020 1200 0       
99990042 17/01/2020 1200 0       
99990042 18/01/2020 1200 12      
99990042 19/01/2020 1200 0       
99990042 20/01/2020 1200 10.2    
99990042 21/01/2020 1200 0       
99990042 22/01/2020 1200 6.6     
99990042 23/01/2020 1200 40      
99990042 24/01/2020 1200 20.6    
99990042 25/01/2020 1200 58      
99990042 26/01/2020 1200 47.6    
99990042 27/01/2020 1200 18.8    
99990042 28/01/2020 1200 9.6     
99990042 29/01/2020 1200 8       
99990042 30/01/2020 1200 0       
99990042 31/01/2020 1200 1.6     
99990042 01/02/2020 1200 3.6     
99990042 02/02/2020 1200 0       
99990042 03/02/2020 1200 0       
99990042 04/02/2020 1200 33.4    
99990042 05/02/2020 1200 0       
99990042 06/02/2020 1200 9.6     
99990042 07/02/2020 1200 77      
99990042 08/02/2020 1200 30.8    
99990042 09/02/2020 1200 23.2    
99990042 10/02/2020 1200 5.6     
99990042 11/02/2020 1200 0       
99990042 12/02/2020 1200 3.2     
99990042 13/02/2020 1200 7.6     
99990042 14/02/2020 1200 17.6    
99990042 15/02/2020 1200 4       
99990042 16/02/2020 1200 7.2     
99990042 17/02/2020 1200 15.4    
99990042 18/02/2020 1200 0       
99990042 19/02/2020 1200 0       
99990042 20/02/2020 1200 2.6     
99990042 21/02/2020 1200 2.2     
99990042 22/02/2020 1200 0       
99990042 23/02/2020 1200 7.4     
99990042 24/02/2020 1200 14      
99990042 25/02/2020 1200 55.6    
99990042 26/02/2020 1200 43      
99990042 27/02/2020 1200 15.8    
