99990046 13/01/2020 1200 0       
99990046 14/01/2020 1200 0       
99990046 15/01/2020 1200 0       
99990046 16/01/2020 1200 0       
99990046 17/01/2020 1200 0       
99990046 18/01/2020 1200 20.6    
99990046 19/01/2020 1200 0.4     
99990046 20/01/2020 1200 9.2     
99990046 21/01/2020 1200 1.4     
99990046 22/01/2020 1200 6.4     
99990046 23/01/2020 1200 52.8    
99990046 24/01/2020 1200 25.4    
99990046 25/01/2020 1200 18.2    
99990046 26/01/2020 1200 69.6    
99990046 27/01/2020 1200 7       
99990046 28/01/2020 1200 0.6     
99990046 29/01/2020 1200 5.6     
99990046 30/01/2020 1200 20.2    
99990046 31/01/2020 1200 0       
99990046 01/02/2020 1200 0       
99990046 02/02/2020 1200 0       
99990046 03/02/2020 1200 0       
99990046 04/02/2020 1200 8.4     
99990046 05/02/2020 1200 0       
99990046 06/02/2020 1200 52.2    
99990046 07/02/2020 1200 32.6    
99990046 08/02/2020 1200 8       
99990046 09/02/2020 1200 20.2    
99990046 10/02/2020 1200 1.8     
99990046 11/02/2020 1200 0       
99990046 12/02/2020 1200 29.4    
99990046 13/02/2020 1200 2.8     
99990046 14/02/2020 1200 3.6     
99990046 15/02/2020 1200 22      
99990046 16/02/2020 1200 0.6     
99990046 17/02/2020 1200 9.8     
99990046 18/02/2020 1200 0.2     
99990046 19/02/2020 1200 0       
99990046 20/02/2020 1200 28.6    
99990046 21/02/2020 1200 19.2    
99990046 22/02/2020 1200 0       
99990046 23/02/2020 1200 15.2    
99990046 24/02/2020 1200 6.2     
99990046 25/02/2020 1200 18.6    
99990046 26/02/2020 1200 3.8     
99990046 27/02/2020 1200 4       
