ONS-Operador Nacional Do Sistema Eletrico
Modelo Computacional SMAP
Versao: 2.0.4 Data: 14/05/2019

Iniciando execucao: 25-03-2020 12:56:18

Parametros
   Amplitude inicial: 0.5
   dm alvo: 0 (nao e necessario multiplicar por 100)
   Limite de iteracoes: 10000
   Particulas: 24
   Pulso inicial: 0.1
   Uso de pesos: on
   Gerar graficos: off
   Semente: 9952

Sub bacia: BG
cef: 0.99569248
*dm: 0.049724806
ebin: 16.68
mape: 0.04953788
somacoef: 1.9461546
supin: 6.9501141
Iteracoes: 10000
Iteracao otima: 9364
Tempo: 10.832 s

Qcal
[34](0,0,0,23.630114,21.551969,25.813727,32.128231,106.54694,87.88418,70.295255,56.896516,46.659949,38.812095,32.767674,29.248542,25.343362,22.27727,19.842851,17.884296,16.285116,14.956628,13.857857,12.939207,12.159991,11.489272,10.903511,10.384774,11.310528,10.551168,10.098153,9.4998053,8.9834326,8.5313282,8.13)
Rsolo
[34](0,0,40.078,38.630559,38.914486,40.019133,48.888727,48.457837,46.981009,45.450491,43.990595,42.588296,41.238534,40.833692,39.571276,38.335926,37.144593,36.023741,34.933746,33.883207,32.850233,31.832834,30.847143,29.898391,28.990682,28.205127,28.030826,27.275047,26.829329,26.106928,25.333181,24.667475,23.915256,23.173099)
Rsub
[34](0,0,3.5174256,3.4340801,3.342616,3.2563599,3.1814476,3.1918309,3.197214,3.1869734,3.1618738,3.1238756,3.0746529,3.0156975,2.9554507,2.8873299,2.812348,2.7315645,2.646118,2.5567871,2.4696935,2.3855667,2.3043055,2.2258124,2.1499931,2.0767564,2.0060145,1.9376823,1.8716777,1.8079215,1.746337,1.6868504,1.6293901,1.5738871)
Rsup
[34](0,0,0.20617815,0.15625382,0.29554761,0.4950043,2.713206,2.1581064,1.6355661,1.2395273,0.93938603,0.71192148,0.53953559,0.44343264,0.3360591,0.25468517,0.19301527,0.14627822,0.11085816,0.084014774,0.063671293,0.048253817,0.036569555,0.02771454,0.021003694,0.015917823,0.053332437,0.040418429,0.036264849,0.027483616,0.020828686,0.015785192,0.011962939,0.0090662123)
Peso chuva 
[34](2,0.53966544,2,0.5,1.7808884,0.79855542,0.59915835,0.5,0.5,0.5,0.5,0.5,0.5,2,0.5,0.5,0.5,0.5,0.5,1.8691142,1.6133453,0.5,0.5,0.5,0.5,0.68977875,2,0.5,0.5,0.5,0.53054895,1.8606015,0.51683508,1)
Previsao PMEDIA_ORIG
[13] (0.1,0.3,0.2,0.9,1.2,2,0.8,1.4,2.5,2.8,3.5,3.8,1.625)


Sub bacia: CN
cef: 0.99159953
*dm: 0.041973143
ebin: 21.864
mape: 0.041123921
somacoef: 1.9504756
supin: 19.272284
Iteracoes: 10000
Iteracao otima: 9962
Tempo: 10.452 s

Qcal
[34](0,0,0,41.136284,37.774522,34.810023,84.103647,144.18821,158.90842,137.77205,119.79729,104.623,91.813563,80.977641,71.778987,63.952012,57.268314,51.532712,46.586176,42.307761,38.589436,35.39966,32.656074,30.28896,28.23967,26.458857,24.905017,24.373295,26.361708,42.17671,48.590399,43.250562,38.753044,34.88)
Rsolo
[34](0,0,107.8941,105.50001,103.77498,112.04812,121.12131,125.96843,123.9634,121.60554,119.7263,117.78782,115.63341,113.61861,111.60985,109.5205,107.45605,105.70765,104.08753,102.32377,100.45501,98.643128,96.852506,95.074364,93.412361,92.180694,91.799978,92.674007,97.568552,100.75376,99.341161,98.22495,96.683738,94.871319)
Rsub
[34](0,0,6.2617799,6.1771576,6.0653749,5.9393036,5.9145681,6.019772,6.1993869,6.3429538,6.4466722,6.5197332,6.5626934,6.5739689,6.557142,6.5137733,6.4442819,6.3504801,6.2375528,6.1080469,5.9810887,5.8567693,5.735034,5.615829,5.4991018,5.3848007,5.2728755,5.1632766,5.0559559,4.9508658,4.84796,4.7471932,4.6485209,4.5518995)
Rsup
[34](0,0,0.721074,0.60634854,0.51003496,2.3708298,4.6221301,5.1591439,4.3448599,3.6535771,3.0722799,2.5834692,2.17243,1.8267886,1.53614,1.2917346,1.086215,0.91339429,0.76806998,0.64586729,0.54310749,0.45669714,0.38403499,0.32293365,0.27155375,0.22834905,0.22307665,0.31179134,0.91753134,1.1712291,0.98488232,0.82977156,0.69775193,0.5867371)
Peso chuva 
[34](2,0.5,1.9029258,0.5,0.5,1.6205919,0.52281831,0.5,0.5,0.5,0.5,0.5,0.5,0.5,0.5,0.5,0.50904552,1.9144951,2,2,2,2,1.9965708,2,2,2,1.7475862,2,1.6342381,2,1.8917046,2,0.5,1)
Previsao PMEDIA_ORIG
[13] (0.1,0.2,0.2,0.9,1.7,1.2,0.8,1.4,2.2,2.8,4.3,4.1,1.6583333)


Sub bacia: FozChapeco
cef: 0.96178912
*dm: 0.050793025
ebin: 40.760021
mape: 0.03346431
somacoef: 1.9283248
supin: 38.211986
Iteracoes: 10000
Iteracao otima: 9855
Tempo: 9.331 s

Qcal
[34](0,0,0,78.972007,72.268263,85.331225,166.97987,197.66815,162.31174,140.97628,123.23607,108.47732,96.191549,86.07716,77.521119,70.379052,64.409772,59.413293,55.223789,51.703763,48.739201,46.235566,44.11447,42.31091,40.770989,39.450012,38.310918,38.44002,41.053498,44.273925,42.138957,40.326603,38.782076,37.459946)
Rsolo
[34](0,0,30.012,29.382112,40.037402,66.090507,81.350339,79.28179,76.718238,74.196073,72.22117,70.619893,69.470273,67.534933,65.653508,63.831601,62.070764,60.386857,58.69473,57.050019,55.451395,53.896816,52.385821,50.917186,49.489724,48.146578,48.056997,50.716272,54.217778,52.930907,51.49222,50.201594,48.794427,47.426477)
Rsub
[34](0,0,88.05907,87.375915,86.698059,86.025463,85.358084,84.695883,84.038819,83.386852,82.739943,82.098054,81.461143,80.829174,80.202108,79.579906,78.962531,78.349946,77.742114,77.138996,76.540558,75.946763,75.357574,74.772955,74.192873,73.61729,73.046173,72.479487,71.917196,71.359268,70.805669,70.256364,69.711321,69.170506)
Rsup
[34](0,0,3.7489167,3.1222464,4.434615,12.475577,14.724813,12.077972,10.014622,8.3037663,6.8851857,5.7089976,4.7456141,3.9348933,3.2626727,2.7052914,2.2431307,1.8599237,1.5421821,1.2787222,1.0602707,0.87913849,0.72895016,0.60441938,0.50116291,0.41554634,0.45414767,0.73628588,1.0777713,0.89364938,0.74098207,0.6143958,0.509435,0.42240527)
Peso chuva 
[34](0.81166451,0.59746444,0.5,2,2,1.4624169,0.71658524,2,0.5,0.5,0.5,0.5,0.5,0.5,0.5,0.5,0.5,0.5,0.5,0.5,0.5,2,0.5,0.5,0.71460697,0.5,1.3910159,0.69452777,0.5,1.8882962,0.5,2,0.54044818,1)
Previsao PMEDIA_ORIG
[13] (0,0,0,1.9,2.2,0.8,0.5,1,1.8,3.2,5.7,3.8,1.7416667)


Sub bacia: Ita
cef: 0.98057881
*dm: 0.062364959
ebin: 19.656
mape: 0.059263863
somacoef: 1.9213149
supin: 7.7064072
Iteracoes: 10000
Iteracao otima: 9812
Tempo: 7.759 s

Qcal
[34](0,0,0,27.362407,25.192612,23.538119,157.05998,241.97185,203.02073,163.74155,133.01013,108.99679,90.2552,75.611204,64.151218,55.163385,48.09227,42.505281,38.073649,34.537558,31.688299,29.36498,27.445432,25.834577,24.459581,23.264382,22.205887,21.253532,31.233572,44.7595,44.072898,38.39688,34.543698,30.850006)
Rsolo
[34](0,0,86.526,84.770288,83.80594,101.81926,116.63688,118.39167,116.80522,115.06772,112.95592,110.88206,108.87778,106.93617,105.0288,103.14916,101.48889,99.920689,98.261562,96.555631,94.880812,93.221558,91.59665,90.007255,88.45235,87.008717,85.750479,89.650446,94.842617,96.596694,95.220083,94.708116,93.061522,91.440123)
Rsub
[34](0,0,3.0863476,3.0110024,2.9305704,2.8492345,2.8711385,2.9974575,3.1319596,3.2478197,3.344962,3.4217193,3.4797188,3.5207157,3.5462975,3.5577543,3.5562562,3.5441239,3.5226756,3.4920187,3.4525594,3.4051544,3.3505202,3.289435,3.2226319,3.1507891,3.07492,2.9963043,2.9408691,2.9163525,2.9031312,2.8824862,2.8598371,2.8289389)
Rsup
[34](0,0,0.24918375,0.19454004,0.15760592,4.4917339,7.2328163,5.947334,4.6495585,3.6320109,2.8355443,2.2137355,1.7282836,1.3492869,1.0534007,0.82239957,0.64205489,0.50125815,0.39133684,0.30552026,0.23852248,0.18621669,0.14538108,0.11350034,0.088610759,0.069179233,0.054008863,0.39289895,0.84167044,0.82451809,0.64370885,0.52336911,0.40859907,0.31899704)
Peso chuva 
[34](1.8765982,1.9078178,2,0.5,0.5,0.99725049,0.76613516,0.5,0.5,0.5,0.5,0.5,0.5,0.5,0.5,0.5,0.5,0.5,0.5,0.5,0.5,0.54796171,0.5,0.5,0.5,1.1733752,0.5299675,0.69872336,0.71936015,0.99599422,0.5,2,2,1)
Previsao PMEDIA_ORIG
[13] (0,0,0,1.6,2.2,1.1,0.6,1.3,2.2,2.9,4.6,4.5,1.75)


Sub bacia: Machadinho
cef: 0.9493947
*dm: 0.085559163
ebin: 24.958632
mape: 0.068988941
somacoef: 1.8804058
supin: 0
Iteracoes: 10000
Iteracao otima: 9909
Tempo: 6.595 s

Qcal
[34](0,0,0,24.958632,24.259816,29.719527,73.189868,213.08489,207.54314,137.97243,95.25889,67.076309,50.7006,41.199899,38.293735,34.617416,31.98996,30.424874,29.445238,28.780089,28.272442,27.826474,27.393345,26.946666,26.474223,25.971462,25.438248,24.896294,24.426232,35.749991,44.674485,35.663754,30.235119,26.890003)
Rsolo
[34](0,0,137.9992,135.60161,137.52968,148.67381,170.02981,181.94069,182.26622,181.63504,178.60369,175.75247,172.94428,172.82179,171.47904,168.68727,165.95644,163.41245,160.96375,158.39302,155.87826,153.39552,150.96602,148.59114,146.27647,144.07825,142.51866,141.20226,145.79575,150.90336,148.63708,146.39179,144.11285,141.8785)
Rsub
[34](0,0,5.82197,5.6589608,5.4912313,5.347276,5.2906922,5.4118244,5.636102,5.8485443,6.0405935,6.1905648,6.3036156,6.3831957,6.4563297,6.5123943,6.5398123,6.5415881,6.5215503,6.4824122,6.4248982,6.351156,6.2629745,6.1621654,6.0504015,5.9292556,5.8005614,5.6695852,5.5383156,5.448008,5.4013024,5.3408298,5.2680329,5.1838627)
Rsup
[34](0,0,0,0,0.23354899,1.8999966,7.1970104,6.967911,4.3018889,2.6529497,1.5565658,0.91328419,0.53585144,0.413107,0.26229629,0.15389716,0.090296117,0.052979461,0.031084651,0.018238305,0.010700965,0.0062785795,0.0036838324,0.0021614158,0.001268168,0.0007440725,0.0011127989,0.0045687257,0.45386286,0.80583042,0.47280507,0.27740903,0.16276426,0.095498712)
Peso chuva 
[34](0.5,2,2,0.5,2,1.9257994,0.5,0.55141831,2,2,2,1.9911216,1.4430217,2,2,0.5,0.5,0.5,1.1145996,1.9764331,2,0.6060047,0.7239565,2,2,2,2,2,1.0600779,2,0.56530755,0.5,2,1)
Previsao PMEDIA_ORIG
[13] (0,0,0,1,1,1,0.6,1.2,2.1,2.6,3.6,3.4,1.375)


Sub bacia: Monjolinho
cef: 0.96838351
*dm: 0.068975908
ebin: 13.566702
mape: 0.06130313
somacoef: 1.9070804
supin: 1.6759534
Iteracoes: 10000
Iteracao otima: 8946
Tempo: 6.04 s

Qcal
[34](0,0,0,15.242656,14.496718,18.013235,48.688126,52.58613,41.857092,33.852925,27.859086,23.349549,19.950805,17.375261,15.410121,13.897925,12.722153,11.797275,11.057877,10.457645,9.9615836,9.5437768,9.1850237,8.8710928,8.59143,8.3382019,8.632447,14.568468,16.7943,15.998393,13.869332,12.228034,10.776223,9.62)
Rsolo
[34](0,0,121.0566,118.62412,120.90514,132.78217,138.83086,136.76854,134.74138,132.69971,130.39344,128.13259,125.93677,123.77719,121.62805,119.99306,118.48348,116.94824,115.04872,113.19841,111.35545,109.41419,107.50923,105.63883,103.81449,103.55126,108.47555,111.85189,113.02601,112.37051,111.68165,110.56213,108.64586,106.75092)
Rsub
[34](0,0,13.498305,13.190003,12.888743,12.594364,12.306708,12.025622,11.750957,11.482565,11.220302,10.96403,10.713612,10.468912,10.229802,9.9961531,9.7678406,9.5447428,9.3267406,9.1137176,8.90556,8.7021567,8.5033992,8.3091813,8.1193993,7.933952,7.7527403,7.5756674,7.4026389,7.2335624,7.0683476,6.9069064,6.7491524,6.5950015)
Rsup
[34](0,0,0.14637436,0.10828851,0.44185878,3.146782,3.5124763,2.6000978,1.9251404,1.4252104,1.0543781,0.78003443,0.57707355,0.42692202,0.31583914,0.23365945,0.17292389,0.12793,0.094643279,0.070017592,0.05179938,0.038321452,0.02835041,0.020973782,0.015516513,0.057493939,0.59184077,0.80178397,0.7474596,0.57635338,0.44750836,0.33488155,0.24774712,0.18328462)
Peso chuva 
[34](2,0.59584996,0.5,0.5,0.66394476,0.5,1.1205191,0.5,0.5,0.5,2,1.9940693,1.9144684,2,2,2,0.60191286,2,1.7515743,1.9753357,2,0.54822287,2,2,2,2,0.97159488,0.55653641,1.394414,2,2,2,2,1)
Previsao PMEDIA_ORIG
[13] (0,0,0,1.2,1.5,1.4,0.8,1.4,2.1,2.9,5.4,3.5,1.6833333)


Sub bacia: QQueixo
cef: 0.99686513
*dm: 0.020992223
ebin: 14.660694
mape: 0.020756831
somacoef: 1.9761083
supin: 5.0176703
Iteracoes: 10000
Iteracao otima: 9988
Tempo: 5.712 s

Qcal
[34](0,0,0,19.678365,18.780068,17.992666,40.566319,67.817136,60.028914,53.378339,47.691589,42.821569,38.688308,35.336519,32.246036,29.58355,27.282292,25.290224,23.563526,22.055535,20.729567,19.556956,18.513589,17.578707,16.735155,15.96846,15.26643,14.657964,17.291669,19.202292,17.958289,16.861786,15.888759,15.019998)
Rsolo
[34](0,0,166.1772,163.18013,161.26865,178.79871,196.73687,192.96703,189.25224,185.63471,182.49779,180.58004,179.51435,176.72198,173.92381,171.34943,169.27181,167.29884,164.62635,162.0146,159.47551,156.96201,154.51725,152.13845,149.82297,147.56834,146.47594,152.54306,157.84246,155.92316,153.90645,151.9381,149.62793,147.37838)
Rsub
[34](0,0,21.023102,20.806158,20.553329,20.28092,20.267467,20.559894,20.777482,20.924988,21.007673,21.036747,21.034251,21.014874,20.952348,20.848724,20.709363,20.543146,20.35279,20.129858,19.876951,19.596695,19.290986,18.96217,18.612435,18.243816,17.858213,17.469377,17.158514,16.919545,16.662088,16.385937,16.092687,15.779392)
Rsup
[34](0,0,1.1038688,0.93952962,0.80509229,5.8130041,11.810146,10.051903,8.5554198,7.2817263,6.1976547,5.283892,4.5468938,3.8699721,3.2938276,2.8034569,2.3865899,2.032223,1.7296746,1.4721682,1.2529982,1.0664573,0.90768779,0.7725552,0.65754055,0.55964879,0.48494665,1.1240059,1.5920274,1.3550133,1.1532849,0.98158884,0.83545418,0.71107541)
Peso chuva 
[34](1.9103443,2,2,0.5,0.5,1.5994833,1.341201,0.5,0.5,0.5,0.5,0.5,0.5,0.5,1.899669,2,1.2608029,0.88039792,1.9410219,2,2,2,0.5,2,2,1.1298374,2,1.2190798,0.72444528,2,2,1.9968198,2,1)
Previsao PMEDIA_ORIG
[13] (0,0,0,2.1,3.2,0.9,0.9,1.1,1.3,3.9,5.8,4.7,1.9916667)


Sub bacia: SJoao
cef: 0.99624362
*dm: 0.0094792193
ebin: 46.709381
mape: 0.0087031743
somacoef: 1.9875405
supin: 24.675543
Iteracoes: 10000
Iteracao otima: 9621
Tempo: 5.405 s

Qcal
[33](0,0,71.384924,64.569939,59.31785,55.209951,52.68905,53.060078,52.09488,49.096583,46.639997,44.582963,42.864052,41.403957,40.138928,39.021735,38.017369,37.099866,36.249951,35.453302,34.69926,33.97988,33.289224,32.622839,31.977374,31.350294,37.517457,41.833098,43.241424,41.219449,37.68641,34.734524,32.419999)
Rsolo
[33](0,49.7858,48.015313,46.358511,45.035748,44.357403,44.21254,43.892312,42.473202,41.240265,40.040439,38.878389,37.750064,36.654486,35.590703,34.557793,33.554861,32.581035,31.635471,30.71735,29.825874,28.960271,28.119789,27.303699,26.511294,28.369536,30.150323,31.281733,31.209928,30.722802,29.834453,28.977065,28.136096)
Rsub
[33](0,20.798631,20.622952,20.39933,20.134874,19.841469,19.536921,19.234667,18.930486,18.599284,18.247553,17.899574,17.55823,17.223396,16.894948,16.572763,16.256721,15.946707,15.642605,15.344302,15.051687,14.764653,14.483092,14.206901,13.935977,13.670219,13.409529,13.15381,12.902968,12.65691,12.415544,12.17878,11.946532)
Rsup
[33](0,0.80528103,0.59575111,0.44073978,0.32606159,0.26529643,0.29972548,0.29037891,0.21482383,0.15892779,0.11757561,0.086983052,0.064350516,0.047606848,0.035219795,0.026055788,0.019276208,0.01426064,0.010550096,0.0078050158,0.0057741915,0.004271777,0.0031602829,0.0023379938,0.00172966,0.22247133,0.38241756,0.4471198,0.39951754,0.30225142,0.22360718,0.16542576,0.12238284)
Peso chuva 
[33](1.9604992,0.7381728,0.5,0.5,0.5,1.2123949,1.9735006,1.7761044,0.5,1.633055,1.912435,0.51451144,0.5,0.53984283,2,2,1.9185092,0.58642001,2,0.5392722,1.7383595,0.54500648,1.7106622,0.5,0.5,1.6675571,0.92021412,0.74806106,0.54005426,1.0426026,0.73182148,2,1)
Previsao PMEDIA_ORIG
[13] (0,0,0,1.3,1.2,0.7,1.2,1.2,1.6,2.4,5.9,2.6,1.5083333)


Tempo de execucao em: 63 s

Finalizando execucao: 25-03-2020 12:57:21

