00083011 13/01/2020 1200 0       
00083011 14/01/2020 1200 0       
00083011 15/01/2020 1200 0       
00083011 16/01/2020 1200 0       
00083011 17/01/2020 1200 25      
00083011 18/01/2020 1200 0       
00083011 19/01/2020 1200 0       
00083011 20/01/2020 1200 0       
00083011 21/01/2020 1200 0       
00083011 22/01/2020 1200 0       
00083011 23/01/2020 1200 0       
00083011 24/01/2020 1200 0       
00083011 25/01/2020 1200 0       
00083011 26/01/2020 1200 0       
00083011 27/01/2020 1200 0       
00083011 28/01/2020 1200 0       
00083011 29/01/2020 1200 8       
00083011 30/01/2020 1200 0       
00083011 31/01/2020 1200 6       
00083011 01/02/2020 1200 0       
00083011 02/02/2020 1200 1       
00083011 03/02/2020 1200 9       
00083011 04/02/2020 1200 0       
00083011 05/02/2020 1200 0       
00083011 06/02/2020 1200 0       
00083011 07/02/2020 1200 0       
00083011 08/02/2020 1200 0       
00083011 09/02/2020 1200 0       
00083011 10/02/2020 1200 0       
00083011 11/02/2020 1200 0       
00083011 12/02/2020 1200 0       
00083011 13/02/2020 1200 0       
00083011 14/02/2020 1200 0       
00083011 15/02/2020 1200 0       
00083011 16/02/2020 1200 0       
00083011 17/02/2020 1200 0       
00083011 18/02/2020 1200 0       
00083011 19/02/2020 1200 5       
00083011 20/02/2020 1200 6       
00083011 21/02/2020 1200 0       
00083011 22/02/2020 1200 6       
00083011 23/02/2020 1200 0       
00083011 24/02/2020 1200 0       
00083011 25/02/2020 1200 0       
00083011 26/02/2020 1200 12      
00083011 27/02/2020 1200 15      
