02553062 13/01/2020 1000 0       
02553062 14/01/2020 1000 1.6     
02553062 15/01/2020 1000 0.2     
02553062 16/01/2020 1000 0       
02553062 17/01/2020 1000 32.6    
02553062 18/01/2020 1000 0       
02553062 19/01/2020 1000 0       
02553062 20/01/2020 1000 0       
02553062 21/01/2020 1000 0       
02553062 22/01/2020 1000 0       
02553062 23/01/2020 1000 4       
02553062 24/01/2020 1000 2       
02553062 25/01/2020 1000 0       
02553062 26/01/2020 1000 0       
02553062 27/01/2020 1000 0       
02553062 28/01/2020 1000 0       
02553062 29/01/2020 1000 50.8    
02553062 30/01/2020 1000 51.8    
02553062 31/01/2020 1000 22      
02553062 01/02/2020 1000 0       
02553062 02/02/2020 1000 0       
02553062 03/02/2020 1000 48.2    
02553062 04/02/2020 1000 0.4     
02553062 05/02/2020 1000 0       
02553062 06/02/2020 1000 0       
02553062 07/02/2020 1000 21.6    
02553062 08/02/2020 1000 0       
02553062 09/02/2020 1000 0       
02553062 10/02/2020 1000 0       
02553062 11/02/2020 1000 0       
02553062 12/02/2020 1000 0       
02553062 13/02/2020 1000 0       
02553062 14/02/2020 1000 0       
02553062 15/02/2020 1000 0       
02553062 16/02/2020 1000 0       
02553062 17/02/2020 1000 0       
02553062 18/02/2020 1000 0.4     
02553062 19/02/2020 1000 33.4    
02553062 20/02/2020 1000 0       
02553062 21/02/2020 1000 0       
02553062 22/02/2020 1000 0       
02553062 23/02/2020 1000 0       
02553062 24/02/2020 1000 0       
02553062 25/02/2020 1000 0       
02553062 26/02/2020 1000 61.4    
02553062 27/02/2020 1000 0.4     
