02553068 13/01/2020 1000 0       
02553068 14/01/2020 1000 0.2     
02553068 15/01/2020 1000 2       
02553068 16/01/2020 1000 0.2     
02553068 17/01/2020 1000 13.6    
02553068 18/01/2020 1000 0       
02553068 19/01/2020 1000 0       
02553068 20/01/2020 1000 0       
02553068 21/01/2020 1000 0       
02553068 22/01/2020 1000 0.2     
02553068 23/01/2020 1000 5.4     
02553068 24/01/2020 1000 2.2     
02553068 25/01/2020 1000 0       
02553068 26/01/2020 1000 0       
02553068 27/01/2020 1000 0       
02553068 28/01/2020 1000 0       
02553068 29/01/2020 1000 0.4     
02553068 30/01/2020 1000 29.2    
02553068 31/01/2020 1000 29.8    
02553068 01/02/2020 1000 0       
02553068 02/02/2020 1000 0       
02553068 03/02/2020 1000 18.8    
02553068 04/02/2020 1000 0       
02553068 05/02/2020 1000 0       
02553068 06/02/2020 1000 0       
02553068 07/02/2020 1000 0       
02553068 08/02/2020 1000 0       
02553068 09/02/2020 1000 0       
02553068 10/02/2020 1000 0       
02553068 11/02/2020 1000 0       
02553068 12/02/2020 1000 0       
02553068 13/02/2020 1000 0       
02553068 14/02/2020 1000 0       
02553068 15/02/2020 1000 0       
02553068 16/02/2020 1000 0       
02553068 17/02/2020 1000 0       
02553068 18/02/2020 1000 0.8     
02553068 19/02/2020 1000 7.4     
02553068 20/02/2020 1000 0       
02553068 21/02/2020 1000 0       
02553068 22/02/2020 1000 0       
02553068 23/02/2020 1000 0       
02553068 24/02/2020 1000 0       
02553068 25/02/2020 1000 0       
02553068 26/02/2020 1000 27.6    
02553068 27/02/2020 1000 2.4     
