02550069 13/01/2020 1000 0       
02550069 14/01/2020 1000 0       
02550069 15/01/2020 1000 0       
02550069 16/01/2020 1000 3.8     
02550069 17/01/2020 1000 26.4    
02550069 18/01/2020 1000 0       
02550069 19/01/2020 1000 0       
02550069 20/01/2020 1000 0       
02550069 21/01/2020 1000 0       
02550069 22/01/2020 1000 0       
02550069 23/01/2020 1000 0.2     
02550069 24/01/2020 1000 0.4     
02550069 25/01/2020 1000 0       
02550069 26/01/2020 1000 0       
02550069 27/01/2020 1000 0       
02550069 28/01/2020 1000 0       
02550069 29/01/2020 1000 0       
02550069 30/01/2020 1000 1       
02550069 31/01/2020 1000 12.4    
02550069 01/02/2020 1000 0       
02550069 02/02/2020 1000 0       
02550069 03/02/2020 1000 2.4     
02550069 04/02/2020 1000 0       
02550069 05/02/2020 1000 3.6     
02550069 06/02/2020 1000 4.2     
02550069 07/02/2020 1000 0.8     
02550069 08/02/2020 1000 0       
02550069 09/02/2020 1000 0       
02550069 10/02/2020 1000 3.8     
02550069 11/02/2020 1000 0       
02550069 12/02/2020 1000 0       
02550069 13/02/2020 1000 0       
02550069 14/02/2020 1000 0       
02550069 15/02/2020 1000 0       
02550069 16/02/2020 1000 0       
02550069 17/02/2020 1000 0       
02550069 18/02/2020 1000 0       
02550069 19/02/2020 1000 0       
02550069 20/02/2020 1000 0.6     
02550069 21/02/2020 1000 0       
02550069 22/02/2020 1000 0       
02550069 23/02/2020 1000 0       
02550069 24/02/2020 1000 0       
02550069 25/02/2020 1000 0       
02550069 26/02/2020 1000 99.6    
02550069 27/02/2020 1000 9.6     
