02652035 13/01/2020 1200 5.6     
02652035 14/01/2020 1200 0       
02652035 15/01/2020 1200 0       
02652035 16/01/2020 1200 7       
02652035 17/01/2020 1200 22.6    
02652035 18/01/2020 1200 0       
02652035 19/01/2020 1200 0       
02652035 20/01/2020 1200 0       
02652035 21/01/2020 1200 0       
02652035 22/01/2020 1200 0.6     
02652035 23/01/2020 1200 2.2     
02652035 24/01/2020 1200 0       
02652035 25/01/2020 1200 0       
02652035 26/01/2020 1200 0       
02652035 27/01/2020 1200 0       
02652035 28/01/2020 1200 0       
02652035 29/01/2020 1200 4       
02652035 30/01/2020 1200 27.2    
02652035 31/01/2020 1200 20      
02652035 01/02/2020 1200 0       
02652035 02/02/2020 1200 0       
02652035 03/02/2020 1200 33.8    
02652035 04/02/2020 1200 0.4     
02652035 05/02/2020 1200 0       
02652035 06/02/2020 1200 0       
02652035 07/02/2020 1200 1       
02652035 08/02/2020 1200 0.8     
02652035 09/02/2020 1200 0       
02652035 10/02/2020 1200 0.2     
02652035 11/02/2020 1200 0       
02652035 12/02/2020 1200 0.2     
02652035 13/02/2020 1200 0       
02652035 14/02/2020 1200 0       
02652035 15/02/2020 1200 0       
02652035 16/02/2020 1200 0       
02652035 17/02/2020 1200 0       
02652035 18/02/2020 1200 0       
02652035 19/02/2020 1200 1       
02652035 20/02/2020 1200 0       
02652035 21/02/2020 1200 0       
02652035 22/02/2020 1200 0       
02652035 23/02/2020 1200 0       
02652035 24/02/2020 1200 0       
02652035 25/02/2020 1200 15.6    
02652035 26/02/2020 1200 69.8    
02652035 27/02/2020 1200 0       
