02651055 13/01/2020 1000 3.2     
02651055 14/01/2020 1000 0       
02651055 15/01/2020 1000 0       
02651055 16/01/2020 1000 0       
02651055 17/01/2020 1000 18.4    
02651055 18/01/2020 1000 0       
02651055 19/01/2020 1000 0       
02651055 20/01/2020 1000 0       
02651055 21/01/2020 1000 0       
02651055 22/01/2020 1000 0       
02651055 23/01/2020 1000 0.6     
02651055 24/01/2020 1000 0.6     
02651055 25/01/2020 1000 0.4     
02651055 26/01/2020 1000 0       
02651055 27/01/2020 1000 0       
02651055 28/01/2020 1000 0       
02651055 29/01/2020 1000 2.4     
02651055 30/01/2020 1000 12.4    
02651055 31/01/2020 1000 15.2    
02651055 01/02/2020 1000 0       
02651055 02/02/2020 1000 0       
02651055 03/02/2020 1000 33.4    
02651055 04/02/2020 1000 0       
02651055 05/02/2020 1000 0       
02651055 06/02/2020 1000 0       
02651055 07/02/2020 1000 6       
02651055 08/02/2020 1000 0       
02651055 09/02/2020 1000 0.4     
02651055 10/02/2020 1000 0       
02651055 11/02/2020 1000 0       
02651055 12/02/2020 1000 0       
02651055 13/02/2020 1000 0       
02651055 14/02/2020 1000 0       
02651055 15/02/2020 1000 0       
02651055 16/02/2020 1000 0       
02651055 17/02/2020 1000 0       
02651055 18/02/2020 1000 0       
02651055 19/02/2020 1000 0.4     
02651055 20/02/2020 1000 0       
02651055 21/02/2020 1000 0       
02651055 22/02/2020 1000 0       
02651055 23/02/2020 1000 0       
02651055 24/02/2020 1000 0       
02651055 25/02/2020 1000 0.8     
02651055 26/02/2020 1000 70.2    
02651055 27/02/2020 1000 0.6     
