99999804 13/01/2020 1200 0.4     
99999804 14/01/2020 1200 3.4     
99999804 15/01/2020 1200 0.6     
99999804 16/01/2020 1200 0       
99999804 17/01/2020 1200 3.8     
99999804 18/01/2020 1200 12.2    
99999804 19/01/2020 1200 0       
99999804 20/01/2020 1200 0       
99999804 21/01/2020 1200 0       
99999804 22/01/2020 1200 0       
99999804 23/01/2020 1200 2.4     
99999804 24/01/2020 1200 0.6     
99999804 25/01/2020 1200 0       
99999804 26/01/2020 1200 0       
99999804 27/01/2020 1200 0       
99999804 28/01/2020 1200 0       
99999804 29/01/2020 1200 1.6     
99999804 30/01/2020 1200 4       
99999804 31/01/2020 1200 7       
99999804 01/02/2020 1200 0       
99999804 02/02/2020 1200 0.6     
99999804 03/02/2020 1200 52.4    
99999804 04/02/2020 1200 0.2     
99999804 05/02/2020 1200 0       
99999804 06/02/2020 1200 0       
99999804 07/02/2020 1200 0       
99999804 08/02/2020 1200 0.4     
99999804 09/02/2020 1200 0       
99999804 10/02/2020 1200 0.2     
99999804 11/02/2020 1200 0       
99999804 12/02/2020 1200 0       
99999804 13/02/2020 1200 0       
99999804 14/02/2020 1200 0       
99999804 15/02/2020 1200 0       
99999804 16/02/2020 1200 0       
99999804 17/02/2020 1200 0       
99999804 18/02/2020 1200 0       
99999804 19/02/2020 1200 14.6    
99999804 20/02/2020 1200 0.2     
99999804 21/02/2020 1200 0       
99999804 22/02/2020 1200 0       
99999804 23/02/2020 1200 0       
99999804 24/02/2020 1200 0       
99999804 25/02/2020 1200 0       
99999804 26/02/2020 1200 21.8    
99999804 27/02/2020 1200 0.8     
