ONS-Operador Nacional Do Sistema Eletrico
Modelo Computacional SMAP
Versao: 3.0.0 Data: 23/09/2019

Iniciando execucao: 02-03-2020 13:31:13

Parametros
   Amplitude inicial: 0.5
   dm alvo: 0 (nao e necessario multiplicar por 100)
   Limite de iteracoes: 10000
   Particulas: 24
   Pulso inicial: 0.1
   Uso de pesos: on
   Gerar graficos: off
   Semente: 9952

Sub bacia: QM
cef: 0.98524345
*dm: 0.015205319
ebin: 20.134992
mape: 0.003666866
somacoef: 1.9815766
supin: 37.167352
Iteracoes: 10000
Iteracao otima: 9646
Tempo: 8.998 s

Qcal
[34](0,0,0,57.302344,52.553528,48.461271,44.907872,49.569735,46.334671,47.700397,47.343661,47.158367,45.900767,46.138088,47.205961,49.048349,51.215154,53.451487,54.168738,54.429739,54.631781,53.584646,52.993041,52.787837,53.472826,53.43554,55.317838,56.261389,57.91909,58.340628,57.704865,56.512005,55.301059,54.769405)
Rsolo
[34](0,0,169.68886,163.03061,156.68435,151.29254,156.45995,153.01069,155.39339,155.73722,156.04321,154.7603,155.2818,156.51904,158.30116,160.16452,161.89309,162.17117,161.9488,161.63587,159.84677,158.66985,157.97502,158.27719,157.73137,159.15256,159.60161,160.66983,160.49454,159.0968,156.9009,154.66905,153.58229,148.72107)
Rsub
[34](0,0,70.986693,75.092686,78.196393,80.410598,81.918257,84.078547,85.778217,87.773408,89.800527,91.854564,93.727874,95.656707,97.735255,100.03796,102.57918,105.34358,108.12894,110.86497,113.53941,115.94904,118.18279,120.30837,122.46072,124.52577,126.76907,129.05894,131.48063,133.86235,136.03722,137.90312,139.46448,140.87595)
Rsup
[34](0,0,5.3679388,4.5138805,3.7957059,3.1917955,3.8033283,3.2476026,3.375221,3.2419645,3.1321608,2.8663855,2.8239193,2.8991321,3.0800721,3.2986835,3.5175655,3.5079097,3.431501,3.3485979,3.0878038,2.9036484,2.7825043,2.7943586,2.7008009,2.8880581,2.9324333,3.0780426,3.0397171,2.8503276,2.5889523,2.3376222,2.196875,1.8473443)
Peso chuva 
[34](0.5,2,0.5,0.5,0.5,0.5,0.5,0.5,0.5,0.5,0.5,0.78258195,1.260153,0.99984331,1.0251028,1.7009009,0.5,0.81546304,0.6916449,1.1028894,0.61106981,2,1.6909332,1.2106718,1.7158106,0.5,1.2751274,0.83224186,0.89640197,0.71216418,1.4963794,0.68682164,0.72713815,1)
Previsao ETA40_LIMITES
[13] (11.2,11.66,8.57,12.42,4.225,3.67,11.075,2.875,0.12,1.135,6.695,6.695,6.695)
Previsao PMEDIA_ORIG
[13] (18.3,20,13.9,13.9,11.6,12.9,8.1,5.5,3.4,10.2,9.4,4.8,11)
Previsao PRECMEDIA_ETA40.GEFS
[13] (13.07,14.74,10.64,11.01,8.57,8.39,6.88,4.31,2.79,6.42,8.682,8.682,8.682)
Previsao PRECZERADA_
[13] (0,0,0,0,0,0,0,0,0,0,0,0,0)


Sub bacia: RB-SMAP
cef: 0.97703671
*dm: 0.026163687
ebin: 100.632
mape: 0.012538973
somacoef: 1.9644977
supin: 389.84512
Iteracoes: 10000
Iteracao otima: 9794
Tempo: 8.649 s

Qcal
[34](0,0,0,490.47712,460.55714,444.90402,406.98242,365.93056,339.75606,330.87944,327.91943,337.66324,352.41532,353.23823,350.69105,340.28034,339.39648,338.21732,333.53532,321.22104,307.3354,306.30989,312.17576,315.62368,309.30632,280.49046,257.37808,239.68569,244.27357,247.91458,256.46103,272.39526,296.89387,318.73152)
Rsolo
[34](0,0,113.22763,111.5547,113.944,113.44884,111.65728,111.04195,111.82316,112.76946,114.47756,116.2407,116.68062,116.69637,115.89365,115.91953,115.84732,115.39471,114.08967,112.5135,112.41991,112.98057,113.24862,112.43496,107.42965,103.21499,99.965495,101.10627,102.01195,103.51094,105.77085,108.68823,111.11925,105.44741)
Rsub
[34](0,0,106.04453,108.83362,111.36512,114.21834,116.97914,119.46517,121.84701,124.32058,126.90991,129.72646,132.78253,135.88204,138.96114,141.89766,144.81645,147.70307,150.50145,153.08825,155.42983,157.74093,160.11486,162.50971,164.77093,166.33048,167.34013,167.95118,168.69269,169.53772,170.56047,171.86138,173.53644,175.53178)
Rsup
[34](0,0,14.629973,13.407821,12.730244,11.205525,9.5666272,8.4958261,8.077885,7.8787135,8.1521639,8.6054713,8.5275194,8.3215495,7.8212065,7.6834609,7.5352652,7.2567618,6.6949791,6.0817616,5.9598878,6.0977166,6.1425684,5.8202066,4.6582881,3.7353952,3.0354857,3.1858974,3.2961289,3.5867636,4.1483154,5.0213625,5.7812258,4.5885619)
Peso chuva 
[34](1.4533446,1.0701421,1.8584835,0.98515814,1.0725238,1.2224447,1.2087575,1.2432705,1.5102374,0.85379426,1.1805249,1.0156016,0.94567377,0.86120812,0.89863028,0.98294552,0.80103508,0.76133407,0.69273502,0.79099964,1.1092922,2,2,2,2,2,2,2,1.4971962,1.2678297,1.0654929,0.97609487,1.0715601,1)
Previsao ETA40_LIMITES
[13] (11.878571,15.632857,7.4742857,3.5028571,1.2314286,0.56285714,4.3271429,8.4471429,0.92428571,0.78,5.4761429,5.4761429,5.4761429)
Previsao PMEDIA_ORIG
[13] (18.9,14.7,7.8,1.8,0.8,1.9,3.9,3.4,2.5,0.8,1.2,2.6,5.025)
Previsao PRECMEDIA_ETA40.GEFS
[13] (17.18,12.54,6.75,2.16,0.89,1.46,3.99,3.95,2.37,0.88,5.217,5.217,5.217)
Previsao PRECZERADA_
[13] (0,0,0,0,0,0,0,0,0,0,0,0,0)


Sub bacia: SFR2
cef: 0.73727459
*dm: 0.29436887
ebin: 72.696
mape: 0.13277194
somacoef: 1.6045026
supin: 1020.9736
Iteracoes: 10000
Iteracao otima: 9998
Tempo: 8.723 s

Qcal
[34](0,0,0,1093.6696,978.75168,870.49843,773.94684,689.37588,619.20562,560.79493,507.45872,524.36691,619.12286,620.63266,665.19402,616.17403,667.60803,628.30715,588.41136,539.95068,494.57883,450.57727,413.68712,383.45013,355.04702,333.6922,321.22207,302.55929,283.81651,276.40417,260.56308,250.38697,429.54709,450.99909)
Rsolo
[34](0,0,87.617204,83.490523,78.412213,72.845835,68.310972,65.344704,63.028953,60.634788,64.043083,71.058625,72.829947,76.604522,74.130252,77.907857,75.836227,73.642512,70.557898,67.418239,63.05312,60.242389,58.04287,55.728393,54.105902,53.154774,51.556007,49.731857,48.990327,47.326353,46.274514,57.985448,61.011306,57.349264)
Rsub
[34](0,0,26.936009,29.631605,31.927646,33.772729,35.170313,36.236298,37.099823,37.813631,38.381957,39.147523,40.373551,41.718753,43.34243,44.761868,46.466342,47.99276,49.339357,50.450739,51.338437,51.943237,52.379777,52.692667,52.883914,52.994588,53.059759,53.052241,52.966807,52.851672,52.672108,52.454651,52.763911,53.237729)
Rsup
[34](0,0,22.671614,19.958214,17.416754,15.162165,13.200435,11.578358,10.229547,9.0023905,9.343792,11.40205,11.362101,12.271007,11.085168,12.142238,11.167378,10.189979,9.0331648,7.9590378,6.9287448,6.0733207,5.3757201,4.7262525,4.2405884,3.9570455,3.5387164,3.1229671,2.9634897,2.6186245,2.4034163,6.3948564,6.8526827,5.9656068)
Peso chuva 
[34](0.53730478,2,0.5,2,2,2,2,0.5,0.5,0.5,1.2770098,2,2,1.5515051,1.4738892,1.5329191,2,2,2,2,2,2,2,2,2,2,2,2,2,2,2,1.2917006,0.60107862,1)
Previsao ETA40_LIMITES
[13] (12.343125,10.555625,11.1625,11.858125,6.890625,3.79375,5.165,4.935,2.805625,2.490625,7.2,7.2,7.2)
Previsao PMEDIA_ORIG
[13] (17.8,17,17.4,16,15.9,14.3,6.4,6.2,5.1,11.4,6.3,4.7,11.541667)
Previsao PRECMEDIA_ETA40.GEFS
[13] (11.81,11.1,10.1,9.41,9.39,7.48,4.43,4.16,3.78,6.04,7.77,7.77,7.77)
Previsao PRECZERADA_
[13] (0,0,0,0,0,0,0,0,0,0,0,0,0)


Sub bacia: SRM2
cef: 0.95534515
*dm: 0.052584336
ebin: 230.2867
mape: 0.027767903
somacoef: 1.9275772
supin: 4480.0454
Iteracoes: 10000
Iteracao otima: 9943
Tempo: 8.736 s

Qcal
[34](0,0,0,4710.3321,4114.3568,3552.4209,3076.8414,2711.1448,2346.0667,2037.7816,1808.8409,1847.9309,2302.482,2683.8498,2594.421,2272.6212,2001.5957,1840.2701,2198.5515,2280.4286,2113.9037,1999.1475,1885.3817,1664.4072,1459.2434,1285.8469,1145.847,1024.0089,993.51251,1112.8348,1590.2128,1782.0193,1707.8287,1804.1568)
Rsolo
[34](0,0,81.523086,76.643197,73.49124,72.080302,71.349122,69.444761,67.580609,66.498432,69.911789,78.334754,83.219837,79.568741,73.96606,72.237718,71.842736,78.948334,79.761419,76.087612,75.168094,74.465834,71.850789,68.593448,65.229668,62.81605,60.244374,59.699947,62.296713,70.340307,75.029106,74.587463,77.386875,71.54388)
Rsub
[34](0,0,27.927554,31.973988,33.204153,32.965273,32.728112,32.492656,32.258895,32.026816,31.796406,31.567654,33.730353,38.779715,41.593127,41.36205,41.06448,40.76905,43.21233,46.10542,46.937048,47.280542,47.261048,46.921039,46.583476,46.248341,45.915618,45.585288,45.257335,44.931741,44.608489,44.896854,44.95647,46.497157)
Rsup
[34](0,0,24.567095,21.115992,17.978896,15.381776,13.38714,11.395818,9.7158547,8.470913,8.6956881,11.19864,13.192144,12.473426,10.581566,9.1058004,8.234599,10.212655,10.551163,9.5071766,8.8402869,8.2009012,6.9900309,5.8803548,4.9447693,4.1922095,3.5391344,3.3868391,4.0559924,6.6884988,7.7549192,7.3350436,7.860579,6.6099327)
Peso chuva 
[34](0.5,2,0.90880678,2,2,2,1.2868097,0.5,0.5,0.5,0.88812985,0.86077665,1.3968299,0.9163054,0.5,0.5,0.50491747,1.9545577,2,2,2,2,1.2671999,0.5,0.5,0.5,0.5,0.95310488,1.3087408,2,1.8644636,0.95929897,0.84961577,1)
Previsao ETA40_LIMITES
[13] (13.236226,13.443774,15.354528,5.0237736,3.7643396,2.6886792,5.2750943,5.2924528,1.0090566,0.62566038,6.5713585,6.5713585,6.5713585)
Previsao PMEDIA_ORIG
[13] (14,17.4,15,6.8,5.9,5.5,4.2,3.8,3.8,3.7,4.3,4.1,7.375)
Previsao PRECMEDIA_ETA40.GEFS
[13] (13.95,13.52,12.48,5.34,4.61,4.8,4.44,3.85,2.64,2.34,6.797,6.797,6.797)
Previsao PRECZERADA_
[13] (0,0,0,0,0,0,0,0,0,0,0,0,0)


Sub bacia: TM-SMAP
cef: 0.95662789
*dm: 0.044295488
ebin: 369.576
mape: 0.0089972422
somacoef: 1.9476306
supin: 1276.4898
Iteracoes: 10000
Iteracao otima: 9908
Tempo: 8.391 s

Qcal
[33](0,0,1646.0658,1527.253,1458.5245,1406.0876,1300.5012,1200.5664,1118.8628,1105.8875,1147.6025,1217.7512,1293.0448,1345.6345,1349.9978,1355.635,1405.0399,1425.2689,1463.4408,1449.3846,1539.4774,1624.569,1591.6606,1496.6752,1399.3441,1380.4485,1309.6192,1389.9228,1395.8084,1393.1411,1405.1258,1478.0538,1600.5602)
Rsolo
[33](0,26.765352,23.409842,23.337333,23.745529,21.222604,19.58254,18.947751,21.23827,24.998964,27.663446,28.860853,28.756512,27.376455,27.020576,28.274195,27.90393,28.376861,26.912393,29.448508,30.182079,27.176274,23.607182,21.550643,23.621501,22.050552,26.875928,26.740722,26.381527,26.764465,28.728001,30.568497,23.145185)
Rsub
[33](0,98.19151,100.0986,100.47172,100.8127,101.31664,100.8719,100.04295,99.220817,98.798569,99.859321,102.21636,105.20985,108.11987,110.25824,112.19547,114.78026,117.14295,119.74351,121.54774,124.71995,128.30204,130.17083,130.37677,129.80523,130.02002,129.62832,131.33285,132.95522,134.38585,135.99505,138.63607,142.33993)
Rsup
[33](0,25.545431,23.024074,21.620557,20.545492,18.394513,16.428092,14.855458,14.657719,15.524335,16.848269,18.177524,19.004486,18.872615,18.824359,19.667146,19.877279,20.463221,19.986044,21.653105,23.117039,22.188656,20.147022,18.183695,17.848603,16.41497,18.051529,18.040923,17.865344,17.997426,19.33567,21.588371,19.233052)
Peso chuva 
[33](1.8363408,2,1.1878399,2,1.6231149,0.5,0.5,0.5,0.57763368,0.95725903,0.99238797,1.3515691,1.4376698,0.63992511,0.85139866,0.72586553,0.97309416,1.1803944,0.88451279,1.740607,2,2,2,2,2,2,1.1594803,1.3004514,0.96342924,0.86956855,0.87077881,1.4889145,1)
Previsao ETA40_LIMITES
[13] (13.26619,7.3338095,6.0019048,2.6985714,1.1290476,1.4419048,7.6180952,4.4466667,0.65666667,0.61190476,4.5204762,4.5204762,4.5204762)
Previsao PMEDIA_ORIG
[13] (14.7,6.8,6.7,2,1.2,2.6,5,2.1,1.7,0.8,1.5,3.6,4.0583333)
Previsao PRECMEDIA_ETA40.GEFS
[13] (12.29,7.94,6.69,2.47,1.57,2.89,6.3,3.31,1.48,1.02,4.596,4.596,4.596)
Previsao PRECZERADA_
[13] (0,0,0,0,0,0,0,0,0,0,0,0,0)


Tempo de execucao em: 44 s

Finalizando execucao: 02-03-2020 13:31:57

