00083587 17/01/2020 1200 72      
00083587 18/01/2020 1200 14      
00083587 19/01/2020 1200 0       
00083587 20/01/2020 1200 48      
00083587 21/01/2020 1200 13      
00083587 22/01/2020 1200 0       
00083587 23/01/2020 1200 8       
00083587 24/01/2020 1200 172     
00083587 25/01/2020 1200 141     
00083587 26/01/2020 1200 2       
00083587 27/01/2020 1200 0       
00083587 28/01/2020 1200 5       
00083587 29/01/2020 1200 117     
00083587 30/01/2020 1200 3       
00083587 31/01/2020 1200 0       
00083587 01/02/2020 1200 0       
00083587 02/02/2020 1200 21      
00083587 03/02/2020 1200 34      
00083587 04/02/2020 1200 0       
00083587 05/02/2020 1200 36      
00083587 06/02/2020 1200 6.1     
00083587 07/02/2020 1200 65      
00083587 08/02/2020 1200 0       
00083587 09/02/2020 1200 10      
00083587 10/02/2020 1200 1       
00083587 11/02/2020 1200 6       
00083587 12/02/2020 1200 37      
00083587 13/02/2020 1200 0       
00083587 14/02/2020 1200 7       
00083587 15/02/2020 1200 2       
00083587 16/02/2020 1200 20      
00083587 17/02/2020 1200 9       
00083587 18/02/2020 1200 0       
00083587 19/02/2020 1200 0       
00083587 20/02/2020 1200 0       
00083587 21/02/2020 1200 0       
00083587 22/02/2020 1200 0       
00083587 23/02/2020 1200 9       
00083587 24/02/2020 1200 0       
00083587 25/02/2020 1200 6       
00083587 26/02/2020 1200 2       
00083587 27/02/2020 1200 2       
00083587 28/02/2020 1200 71      
00083587 29/02/2020 1200 25      
00083587 01/03/2020 1200 7       
00083587 02/03/2020 1200 28      
