01845026 17/01/2020 0000 -       
01845026 18/01/2020 0000 -       
01845026 19/01/2020 0000 -       
01845026 20/01/2020 0000 -       
01845026 21/01/2020 0000 -       
01845026 22/01/2020 0000 -       
01845026 23/01/2020 0000 -       
01845026 24/01/2020 0000 -       
01845026 25/01/2020 1000 -       
01845026 26/01/2020 1000 25      
01845026 27/01/2020 1000 0       
01845026 28/01/2020 1000 10      
01845026 29/01/2020 1000 0       
01845026 30/01/2020 1000 0       
01845026 31/01/2020 1000 0       
01845026 01/02/2020 1000 0       
01845026 02/02/2020 1000 0       
01845026 03/02/2020 1000 0       
01845026 04/02/2020 1000 0       
01845026 05/02/2020 1000 0       
01845026 06/02/2020 1000 5       
01845026 07/02/2020 1000 20      
01845026 08/02/2020 1000 20      
01845026 09/02/2020 1000 15      
01845026 10/02/2020 1000 5       
01845026 11/02/2020 1000 0       
01845026 12/02/2020 1000 0       
01845026 13/02/2020 1000 5       
01845026 14/02/2020 1000 10      
01845026 15/02/2020 1000 0       
01845026 16/02/2020 1000 0       
01845026 17/02/2020 1000 5       
01845026 18/02/2020 1000 0       
01845026 19/02/2020 1000 0       
01845026 20/02/2020 1000 0       
01845026 21/02/2020 1000 0       
01845026 22/02/2020 1000 0       
01845026 23/02/2020 1000 0       
01845026 24/02/2020 1000 10      
01845026 25/02/2020 1000 15      
01845026 26/02/2020 1000 0       
01845026 27/02/2020 1000 0       
01845026 28/02/2020 1000 2       
01845026 29/02/2020 1000 20      
01845026 01/03/2020 1000 10      
01845026 02/03/2020 1000 40      
