01945043 17/01/2020 1000 20      
01945043 18/01/2020 1000 1       
01945043 19/01/2020 1000 0       
01945043 20/01/2020 1000 15      
01945043 21/01/2020 1000 10      
01945043 22/01/2020 1000 15      
01945043 23/01/2020 1000 8       
01945043 24/01/2020 1000 29      
01945043 25/01/2020 1000 50      
01945043 26/01/2020 1000 11      
01945043 27/01/2020 1000 0       
01945043 28/01/2020 1000 0       
01945043 29/01/2020 1000 0       
01945043 30/01/2020 1000 2       
01945043 31/01/2020 1000 2       
01945043 01/02/2020 1000 0       
01945043 02/02/2020 1000 0       
01945043 03/02/2020 1000 2       
01945043 04/02/2020 1000 0       
01945043 05/02/2020 1000 0       
01945043 06/02/2020 1000 10      
01945043 07/02/2020 1000 22      
01945043 08/02/2020 1000 1       
01945043 09/02/2020 1000 36      
01945043 10/02/2020 1000 0       
01945043 11/02/2020 1000 2       
01945043 12/02/2020 1000 20      
01945043 13/02/2020 1000 18      
01945043 14/02/2020 1000 23      
01945043 15/02/2020 1000 4       
01945043 16/02/2020 1000 5       
01945043 17/02/2020 1000 1       
01945043 18/02/2020 1000 19      
01945043 19/02/2020 1000 2       
01945043 20/02/2020 1000 1       
01945043 21/02/2020 1000 0       
01945043 22/02/2020 1000 0       
01945043 23/02/2020 1000 9       
01945043 24/02/2020 1000 0       
01945043 25/02/2020 1000 12      
01945043 26/02/2020 1000 2       
01945043 27/02/2020 1000 14      
01945043 28/02/2020 1000 58      
01945043 29/02/2020 1000 44      
01945043 01/03/2020 1000 3       
01945043 02/03/2020 1000 15      
