01944060 17/01/2020 1000 41      
01944060 18/01/2020 1000 0       
01944060 19/01/2020 1000 0       
01944060 20/01/2020 1000 31      
01944060 21/01/2020 1000 8       
01944060 22/01/2020 1000 15      
01944060 23/01/2020 1000 17      
01944060 24/01/2020 1000 32      
01944060 25/01/2020 1000 127     
01944060 26/01/2020 1000 5       
01944060 27/01/2020 1000 0       
01944060 28/01/2020 1000 1       
01944060 29/01/2020 1000 1       
01944060 30/01/2020 1000 0       
01944060 31/01/2020 1000 2       
01944060 01/02/2020 1000 13      
01944060 02/02/2020 1000 0       
01944060 03/02/2020 1000 10      
01944060 04/02/2020 1000 4       
01944060 05/02/2020 1000 0       
01944060 06/02/2020 1000 5       
01944060 07/02/2020 1000 6       
01944060 08/02/2020 1000 1       
01944060 09/02/2020 1000 3       
01944060 10/02/2020 1000 1       
01944060 11/02/2020 1000 0       
01944060 12/02/2020 1000 20      
01944060 13/02/2020 1000 6       
01944060 14/02/2020 1000 4       
01944060 15/02/2020 1000 0       
01944060 16/02/2020 1000 0       
01944060 17/02/2020 1000 25      
01944060 18/02/2020 1000 0       
01944060 19/02/2020 1000 0       
01944060 20/02/2020 1000 0       
01944060 21/02/2020 1000 0       
01944060 22/02/2020 1000 0       
01944060 23/02/2020 1000 5       
01944060 24/02/2020 1000 10      
01944060 25/02/2020 1000 50      
01944060 26/02/2020 1000 0       
01944060 27/02/2020 1000 10      
01944060 28/02/2020 1000 10      
01944060 29/02/2020 1000 15      
01944060 01/03/2020 1000 5       
01944060 02/03/2020 1000 50      
