02043076 17/01/2020 1000 61      
02043076 18/01/2020 1000 4       
02043076 19/01/2020 1000 0       
02043076 20/01/2020 1000 20      
02043076 21/01/2020 1000 21      
02043076 22/01/2020 1000 0       
02043076 23/01/2020 1000 29      
02043076 24/01/2020 1000 74      
02043076 25/01/2020 1000 106     
02043076 26/01/2020 1000 18      
02043076 27/01/2020 1000 0       
02043076 28/01/2020 1000 0       
02043076 29/01/2020 1000 30      
02043076 30/01/2020 1000 6       
02043076 31/01/2020 1000 2       
02043076 01/02/2020 1000 0       
02043076 02/02/2020 1000 0       
02043076 03/02/2020 1000 10      
02043076 04/02/2020 1000 0       
02043076 05/02/2020 1000 0       
02043076 06/02/2020 1000 14      
02043076 07/02/2020 1000 20      
02043076 08/02/2020 1000 0       
02043076 09/02/2020 1000 5       
02043076 10/02/2020 1000 10      
02043076 11/02/2020 1000 16      
02043076 12/02/2020 1000 32      
02043076 13/02/2020 1000 12      
02043076 14/02/2020 1000 7       
02043076 15/02/2020 1000 0       
02043076 16/02/2020 1000 0       
02043076 17/02/2020 1000 0       
02043076 18/02/2020 1000 4       
02043076 19/02/2020 1000 0       
02043076 20/02/2020 1000 0       
02043076 21/02/2020 1000 31      
02043076 22/02/2020 1000 0       
02043076 23/02/2020 1000 7       
02043076 24/02/2020 1000 0       
02043076 25/02/2020 1000 6       
02043076 26/02/2020 1000 35      
02043076 27/02/2020 1000 10      
02043076 28/02/2020 1000 20      
02043076 29/02/2020 1000 17      
02043076 01/03/2020 1000 7       
02043076 02/03/2020 1000 22      
