02044073 17/01/2020 1000 25      
02044073 18/01/2020 1000 0       
02044073 19/01/2020 1000 15      
02044073 20/01/2020 1000 1       
02044073 21/01/2020 1000 16      
02044073 22/01/2020 1000 0       
02044073 23/01/2020 1000 10      
02044073 24/01/2020 1000 100     
02044073 25/01/2020 1000 30      
02044073 26/01/2020 1000 0       
02044073 27/01/2020 1000 0       
02044073 28/01/2020 1000 1       
02044073 29/01/2020 1000 24      
02044073 30/01/2020 1000 1       
02044073 31/01/2020 1000 0       
02044073 01/02/2020 1000 1       
02044073 02/02/2020 1000 31      
02044073 03/02/2020 1000 34      
02044073 04/02/2020 1000 1       
02044073 05/02/2020 1000 0       
02044073 06/02/2020 1000 4       
02044073 07/02/2020 1000 33      
02044073 08/02/2020 1000 5       
02044073 09/02/2020 1000 0       
02044073 10/02/2020 1000 1       
02044073 11/02/2020 1000 27      
02044073 12/02/2020 1000 62      
02044073 13/02/2020 1000 3       
02044073 14/02/2020 1000 47      
02044073 15/02/2020 1000 0       
02044073 16/02/2020 1000 0       
02044073 17/02/2020 1000 1       
02044073 18/02/2020 1000 0       
02044073 19/02/2020 1000 0       
02044073 20/02/2020 1000 0       
02044073 21/02/2020 1000 0       
02044073 22/02/2020 1000 0       
02044073 23/02/2020 1000 42      
02044073 24/02/2020 1000 0       
02044073 25/02/2020 1000 25      
02044073 26/02/2020 1000 1       
02044073 27/02/2020 1000 12      
02044073 28/02/2020 1000 4       
02044073 29/02/2020 1000 15      
02044073 01/03/2020 1000 1       
02044073 02/03/2020 1000 30      
