53    
-47.00 -17.80
-47.00 -17.40
-47.00 -17.00
-47.00 -16.60
-47.00 -16.20
-46.60 -18.20
-46.60 -17.80
-46.60 -17.40
-46.60 -17.00
-46.60 -16.60
-46.20 -19.00
-46.20 -18.60
-46.20 -18.20
-46.20 -17.80
-46.20 -17.40
-46.20 -17.00
-45.80 -18.60
-45.80 -18.20
-45.80 -17.80
-45.80 -17.40
-45.80 -17.00
-45.40 -17.80
-45.40 -17.40
-45.40 -17.00
-45.40 -16.60
-45.00 -18.20
-45.00 -17.80
-45.00 -17.40
-45.00 -17.00
-45.00 -16.60
-44.60 -18.60
-44.60 -18.20
-44.60 -17.80
-44.60 -17.40
-44.60 -17.00
-44.60 -16.60
-44.20 -19.40
-44.20 -19.00
-44.20 -18.60
-44.20 -18.20
-44.20 -17.80
-44.20 -17.40
-44.20 -17.00
-44.20 -16.60
-43.80 -20.20
-43.80 -19.80
-43.80 -19.40
-43.80 -19.00
-43.80 -18.60
-43.80 -18.20
-43.80 -17.80
-43.80 -17.40
-43.80 -17.00
