00083768 08/02/2020 1200 0       
00083768 09/02/2020 1200 2       
00083768 10/02/2020 1200 1       
00083768 11/02/2020 1200 0       
00083768 12/02/2020 1200 0       
00083768 13/02/2020 1200 0       
00083768 14/02/2020 1200 0       
00083768 15/02/2020 1200 0       
00083768 16/02/2020 1200 0       
00083768 17/02/2020 1200 0       
00083768 18/02/2020 1200 0       
00083768 19/02/2020 1200 0       
00083768 20/02/2020 1200 26      
00083768 21/02/2020 1200 0       
00083768 22/02/2020 1200 0       
00083768 23/02/2020 1200 14      
00083768 24/02/2020 1200 0       
00083768 25/02/2020 1200 0       
00083768 26/02/2020 1200 15      
00083768 27/02/2020 1200 7       
00083768 28/02/2020 1200 0       
00083768 29/02/2020 1200 0       
00083768 01/03/2020 1200 0       
00083768 02/03/2020 1200 0       
00083768 03/03/2020 1200 0       
00083768 04/03/2020 1200 0       
00083768 05/03/2020 1200 0       
00083768 06/03/2020 1200 0       
00083768 07/03/2020 1200 0       
00083768 08/03/2020 1200 4       
00083768 09/03/2020 1200 0       
00083768 10/03/2020 1200 0       
00083768 11/03/2020 1200 0       
00083768 12/03/2020 1200 0       
00083768 13/03/2020 1200 0       
00083768 14/03/2020 1200 0       
00083768 15/03/2020 1200 0       
00083768 16/03/2020 1200 1       
00083768 17/03/2020 1200 2       
00083768 18/03/2020 1200 18      
00083768 19/03/2020 1200 1       
00083768 20/03/2020 1200 41      
00083768 21/03/2020 1200 0       
00083768 22/03/2020 1200 0       
00083768 23/03/2020 1200 0       
00083768 24/03/2020 1200 0       
00083768 25/03/2020 1200 0.0