02452009 24/12/2019 1000 0       
02452009 25/12/2019 1000 0       
02452009 26/12/2019 1000 0       
02452009 27/12/2019 1000 0       
02452009 28/12/2019 1000 0       
02452009 29/12/2019 1000 0       
02452009 30/12/2019 1000 0       
02452009 31/12/2019 1000 0       
02452009 01/01/2020 1000 0       
02452009 02/01/2020 1000 5       
02452009 03/01/2020 1000 5.8     
02452009 04/01/2020 1000 0       
02452009 05/01/2020 1000 0       
02452009 06/01/2020 1000 0       
02452009 07/01/2020 1000 17      
02452009 08/01/2020 1000 34.1    
02452009 09/01/2020 1000 0       
02452009 10/01/2020 1000 0       
02452009 11/01/2020 1000 17.3    
02452009 12/01/2020 1000 28.5    
02452009 13/01/2020 1000 2.8     
02452009 14/01/2020 1000 0.5     
02452009 15/01/2020 1000 0.3     
02452009 16/01/2020 1000 0.8     
02452009 17/01/2020 1000 3.8     
02452009 18/01/2020 1000 0       
02452009 19/01/2020 1000 0       
02452009 20/01/2020 1000 0       
02452009 21/01/2020 1000 0       
02452009 22/01/2020 1000 0       
02452009 23/01/2020 1000 0.3     
02452009 24/01/2020 1000 0.5     
02452009 25/01/2020 1000 0       
02452009 26/01/2020 1000 0       
02452009 27/01/2020 1000 0       
02452009 28/01/2020 1000 0       
02452009 29/01/2020 1000 3.5     
02452009 30/01/2020 1000 11.8    
02452009 31/01/2020 1000 6       
02452009 01/02/2020 1000 0       
02452009 02/02/2020 1000 11      
02452009 03/02/2020 1000 5       
02452009 04/02/2020 1000 0       
02452009 05/02/2020 1000 0       
02452009 06/02/2020 1000 21.5    
02452009 07/02/2020 1000 10.8    
02452009 08/02/2020 1000 0       
02452009 09/02/2020 1000 2.3     
02452009 10/02/2020 1000 2.8     
02452009 11/02/2020 1000 6.5     
02452009 12/02/2020 1000 0       
