02454033 24/12/2019 1100 0       
02454033 25/12/2019 1100 0       
02454033 26/12/2019 1100 0       
02454033 27/12/2019 1100 0       
02454033 28/12/2019 1100 0       
02454033 29/12/2019 1100 0       
02454033 30/12/2019 1100 0       
02454033 31/12/2019 1100 0       
02454033 01/01/2020 1100 0       
02454033 02/01/2020 1100 0       
02454033 03/01/2020 1100 0       
02454033 04/01/2020 1100 0       
02454033 05/01/2020 1100 0       
02454033 06/01/2020 1100 0       
02454033 07/01/2020 1100 25      
02454033 08/01/2020 1100 6       
02454033 09/01/2020 1100 0       
02454033 10/01/2020 1100 0       
02454033 11/01/2020 1100 4.8     
02454033 12/01/2020 1100 12.3    
02454033 13/01/2020 1100 0.3     
02454033 14/01/2020 1100 4.5     
02454033 15/01/2020 1100 5.5     
02454033 16/01/2020 1100 0       
02454033 17/01/2020 1100 0.8     
02454033 18/01/2020 1100 0       
02454033 19/01/2020 1100 0       
02454033 20/01/2020 1100 0       
02454033 21/01/2020 1100 0       
02454033 22/01/2020 1100 21.3    
02454033 23/01/2020 1100 25      
02454033 24/01/2020 1100 0.3     
02454033 25/01/2020 1100 0       
02454033 26/01/2020 1100 0       
02454033 27/01/2020 1100 0       
02454033 28/01/2020 1100 0       
02454033 29/01/2020 1100 0       
02454033 30/01/2020 1100 12.8    
02454033 31/01/2020 1100 33.3    
02454033 01/02/2020 1100 0.3     
02454033 02/02/2020 1100 5.5     
02454033 03/02/2020 1100 23.5    
02454033 04/02/2020 1100 0       
02454033 05/02/2020 1100 0       
02454033 06/02/2020 1100 0       
02454033 07/02/2020 1100 0       
02454033 08/02/2020 1100 0       
02454033 09/02/2020 1100 0       
02454033 10/02/2020 1100 0       
02454033 11/02/2020 1100 2.5     
02454033 12/02/2020 1100 0       
