02453064 24/12/2019 1200 0       
02453064 25/12/2019 1200 0       
02453064 26/12/2019 1200 0       
02453064 27/12/2019 1200 0       
02453064 28/12/2019 1200 0       
02453064 29/12/2019 1200 0       
02453064 30/12/2019 1200 0       
02453064 31/12/2019 1200 0       
02453064 01/01/2020 1200 0       
02453064 02/01/2020 1200 3.2     
02453064 03/01/2020 1200 4.4     
02453064 04/01/2020 1200 0       
02453064 05/01/2020 1200 0       
02453064 06/01/2020 1200 0       
02453064 07/01/2020 1200 8       
02453064 08/01/2020 1200 0       
02453064 09/01/2020 1200 0       
02453064 10/01/2020 1200 34.2    
02453064 11/01/2020 1200 56.8    
02453064 12/01/2020 1200 0.4     
02453064 13/01/2020 1200 1.4     
02453064 14/01/2020 1200 9.8     
02453064 15/01/2020 1200 0.8     
02453064 16/01/2020 1200 1       
02453064 17/01/2020 1200 1.8     
02453064 18/01/2020 1200 0       
02453064 19/01/2020 1200 0       
02453064 20/01/2020 1200 0       
02453064 21/01/2020 1200 0       
02453064 22/01/2020 1200 0.2     
02453064 23/01/2020 1200 0       
02453064 24/01/2020 1200 0       
02453064 25/01/2020 1200 0       
02453064 26/01/2020 1200 0       
02453064 27/01/2020 1200 0       
02453064 28/01/2020 1200 0       
02453064 29/01/2020 1200 27.6    
02453064 30/01/2020 1200 1       
02453064 31/01/2020 1200 12.6    
02453064 01/02/2020 1200 0       
02453064 02/02/2020 1200 0.4     
02453064 03/02/2020 1200 27.4    
02453064 04/02/2020 1200 0       
02453064 05/02/2020 1200 0       
02453064 06/02/2020 1200 2.2     
02453064 07/02/2020 1200 9.8     
02453064 08/02/2020 1200 1       
02453064 09/02/2020 1200 0       
02453064 10/02/2020 1200 0       
02453064 11/02/2020 1200 14.2    
02453064 12/02/2020 1200 15      
