02451010 24/12/2019 1000 0       
02451010 25/12/2019 1000 0       
02451010 26/12/2019 1000 0       
02451010 27/12/2019 1000 0       
02451010 28/12/2019 1000 0       
02451010 29/12/2019 1000 0       
02451010 30/12/2019 1000 3.3     
02451010 31/12/2019 1000 0       
02451010 01/01/2020 1000 0       
02451010 02/01/2020 1000 45.5    
02451010 03/01/2020 1000 19.8    
02451010 04/01/2020 1000 0       
02451010 05/01/2020 1000 0       
02451010 06/01/2020 1000 61.5    
02451010 07/01/2020 1000 15.3    
02451010 08/01/2020 1000 24.3    
02451010 09/01/2020 1000 2.5     
02451010 10/01/2020 1000 11.5    
02451010 11/01/2020 1000 79.3    
02451010 12/01/2020 1000 78      
02451010 13/01/2020 1000 12      
02451010 14/01/2020 1000 0.3     
02451010 15/01/2020 1000 0       
02451010 16/01/2020 1000 2.3     
02451010 17/01/2020 1000 15.5    
02451010 18/01/2020 1000 0       
02451010 19/01/2020 1000 0       
02451010 20/01/2020 1000 0       
02451010 21/01/2020 1000 0       
02451010 22/01/2020 1000 0       
02451010 23/01/2020 1000 5.8     
02451010 24/01/2020 1000 1.8     
02451010 25/01/2020 1000 0       
02451010 26/01/2020 1000 0       
02451010 27/01/2020 1000 0       
02451010 28/01/2020 1000 0       
02451010 29/01/2020 1000 0       
02451010 30/01/2020 1000 0       
02451010 31/01/2020 1000 14.8    
02451010 01/02/2020 1000 0       
02451010 02/02/2020 1000 1       
02451010 03/02/2020 1000 52.8    
02451010 04/02/2020 1000 0       
02451010 05/02/2020 1000 0       
02451010 06/02/2020 1000 0       
02451010 07/02/2020 1000 0.5     
02451010 08/02/2020 1000 0       
02451010 09/02/2020 1000 0       
02451010 10/02/2020 1000 31.8    
02451010 11/02/2020 1000 0       
02451010 12/02/2020 1000 0       
