99990721 24/12/2019 1200 0       
99990721 25/12/2019 1200 0       
99990721 26/12/2019 1200 0       
99990721 27/12/2019 1200 0       
99990721 28/12/2019 1200 0       
99990721 29/12/2019 1200 0       
99990721 30/12/2019 1200 0       
99990721 31/12/2019 1200 0       
99990721 01/01/2020 1200 0       
99990721 02/01/2020 1200 1       
99990721 03/01/2020 1200 0       
99990721 04/01/2020 1200 0       
99990721 05/01/2020 1200 8.4     
99990721 06/01/2020 1200 0       
99990721 07/01/2020 1200 7.8     
99990721 08/01/2020 1200 12.4    
99990721 09/01/2020 1200 1.6     
99990721 10/01/2020 1200 3.6     
99990721 11/01/2020 1200 0       
99990721 12/01/2020 1200 13.8    
99990721 13/01/2020 1200 9.8     
99990721 14/01/2020 1200 6.2     
99990721 15/01/2020 1200 4.2     
99990721 16/01/2020 1200 0       
99990721 17/01/2020 1200 0.6     
99990721 18/01/2020 1200 0       
99990721 19/01/2020 1200 0       
99990721 20/01/2020 1200 0       
99990721 21/01/2020 1200 0       
99990721 22/01/2020 1200 39.6    
99990721 23/01/2020 1200 76.6    
99990721 24/01/2020 1200 6.2     
99990721 25/01/2020 1200 0       
99990721 26/01/2020 1200 0       
99990721 27/01/2020 1200 0       
99990721 28/01/2020 1200 0       
99990721 29/01/2020 1200 5.4     
99990721 30/01/2020 1200 3       
99990721 31/01/2020 1200 17.4    
99990721 01/02/2020 1200 4.2     
99990721 02/02/2020 1200 5       
99990721 03/02/2020 1200 12.4    
99990721 04/02/2020 1200 14      
99990721 05/02/2020 1200 5       
99990721 06/02/2020 1200 0       
99990721 07/02/2020 1200 0       
99990721 08/02/2020 1200 0       
99990721 09/02/2020 1200 0       
99990721 10/02/2020 1200 0       
99990721 11/02/2020 1200 31.4    
99990721 12/02/2020 1200 0       
