99990820 24/12/2019 1200 0       
99990820 25/12/2019 1200 0       
99990820 26/12/2019 1200 0       
99990820 27/12/2019 1200 0       
99990820 28/12/2019 1200 0       
99990820 29/12/2019 1200 0       
99990820 30/12/2019 1200 0       
99990820 31/12/2019 1200 0       
99990820 01/01/2020 1200 0       
99990820 02/01/2020 1200 9.2     
99990820 03/01/2020 1200 9.2     
99990820 04/01/2020 1200 0       
99990820 05/01/2020 1200 0       
99990820 06/01/2020 1200 0       
99990820 07/01/2020 1200 40      
99990820 08/01/2020 1200 0       
99990820 09/01/2020 1200 0       
99990820 10/01/2020 1200 2.8     
99990820 11/01/2020 1200 0.4     
99990820 12/01/2020 1200 8.8     
99990820 13/01/2020 1200 0       
99990820 14/01/2020 1200 4.6     
99990820 15/01/2020 1200 1       
99990820 16/01/2020 1200 0       
99990820 17/01/2020 1200 52.2    
99990820 18/01/2020 1200 0       
99990820 19/01/2020 1200 0.2     
99990820 20/01/2020 1200 0       
99990820 21/01/2020 1200 0       
99990820 22/01/2020 1200 0.2     
99990820 23/01/2020 1200 0.2     
99990820 24/01/2020 1200 5       
99990820 25/01/2020 1200 0.2     
99990820 26/01/2020 1200 0       
99990820 27/01/2020 1200 0       
99990820 28/01/2020 1200 0       
99990820 29/01/2020 1200 0       
99990820 30/01/2020 1200 6.6     
99990820 31/01/2020 1200 9.6     
99990820 01/02/2020 1200 0       
99990820 02/02/2020 1200 3.4     
99990820 03/02/2020 1200 3.8     
99990820 04/02/2020 1200 0       
99990820 05/02/2020 1200 0       
99990820 06/02/2020 1200 0       
99990820 07/02/2020 1200 0       
99990820 08/02/2020 1200 3.4     
99990820 09/02/2020 1200 1.2     
99990820 10/02/2020 1200 13.2    
99990820 11/02/2020 1200 3.2     
99990820 12/02/2020 1200 0       
