02147011 06/02/2020 1000 57.4    
02147011 07/02/2020 1000 8.4     
02147011 08/02/2020 1000 3.4     
02147011 09/02/2020 1000 0       
02147011 10/02/2020 1000 4.4     
02147011 11/02/2020 1000 38.6    
02147011 12/02/2020 1000 4.2     
02147011 13/02/2020 1000 0       
02147011 14/02/2020 1000 0       
02147011 15/02/2020 1000 0       
02147011 16/02/2020 1000 9.8     
02147011 17/02/2020 1000 18.6    
02147011 18/02/2020 1000 1.4     
02147011 19/02/2020 1000 4.6     
02147011 20/02/2020 1000 0.4     
02147011 21/02/2020 1000 78      
02147011 22/02/2020 1000 22      
02147011 23/02/2020 1000 48.4    
02147011 24/02/2020 1000 0       
02147011 25/02/2020 1000 30.2    
02147011 26/02/2020 1000 1.8     
02147011 27/02/2020 1000 48.8    
02147011 28/02/2020 1000 1.6     
02147011 29/02/2020 1000 25      
02147011 01/03/2020 1000 0       
02147011 02/03/2020 1000 67.6    
02147011 03/03/2020 1000 0.2     
02147011 04/03/2020 1000 0       
02147011 05/03/2020 1000 0       
02147011 06/03/2020 1000 0       
02147011 07/03/2020 1000 0       
02147011 08/03/2020 1000 0       
02147011 09/03/2020 1000 0       
02147011 10/03/2020 1000 0.2     
02147011 11/03/2020 1000 0       
02147011 12/03/2020 1000 0       
02147011 13/03/2020 1000 0       
02147011 14/03/2020 1000 0       
02147011 15/03/2020 1000 0       
02147011 16/03/2020 1000 6.4     
02147011 17/03/2020 1000 1.6     
02147011 18/03/2020 1000 0.6     
02147011 19/03/2020 1000 0       
02147011 20/03/2020 1000 6.6     
02147011 21/03/2020 1000 9       
02147011 22/03/2020 1000 3.8     
02147011 23/03/2020 1000 0.08545652562023132