02145051 06/02/2020 1000 31      
02145051 07/02/2020 1000 37.4    
02145051 08/02/2020 1000 3.2     
02145051 09/02/2020 1000 0.8     
02145051 10/02/2020 1000 0.4     
02145051 11/02/2020 1000 10.6    
02145051 12/02/2020 1000 52.6    
02145051 13/02/2020 1000 87.4    
02145051 14/02/2020 1000 0.2     
02145051 15/02/2020 1000 0       
02145051 16/02/2020 1000 0.6     
02145051 17/02/2020 1000 41.8    
02145051 18/02/2020 1000 27.8    
02145051 19/02/2020 1000 0       
02145051 20/02/2020 1000 0       
02145051 21/02/2020 1000 0       
02145051 22/02/2020 1000 47.8    
02145051 23/02/2020 1000 4.6     
02145051 24/02/2020 1000 0       
02145051 25/02/2020 1000 28      
02145051 26/02/2020 1000 1.6     
02145051 27/02/2020 1000 16      
02145051 28/02/2020 1000 20.4    
02145051 29/02/2020 1000 3.8     
02145051 01/03/2020 1000 7.2     
02145051 02/03/2020 1000 11.8    
02145051 03/03/2020 1000 0       
02145051 04/03/2020 1000 0       
02145051 05/03/2020 1000 0.2     
02145051 06/03/2020 1000 0       
02145051 07/03/2020 1000 0       
02145051 08/03/2020 1000 0       
02145051 09/03/2020 1000 1.4     
02145051 10/03/2020 1000 0       
02145051 11/03/2020 1000 0       
02145051 12/03/2020 1000 0       
02145051 13/03/2020 1000 0       
02145051 14/03/2020 1000 0       
02145051 15/03/2020 1000 0       
02145051 16/03/2020 1000 0       
02145051 17/03/2020 1000 17.8    
02145051 18/03/2020 1000 0       
02145051 19/03/2020 1000 0       
02145051 20/03/2020 1000 0       
02145051 21/03/2020 1000 9.2     
02145051 22/03/2020 1000 2.2     
02145051 23/03/2020 1000 0.04982413126768631