02146082 06/02/2020 1000 15      
02146082 07/02/2020 1000 20.2    
02146082 08/02/2020 1000 0.8     
02146082 09/02/2020 1000 2.4     
02146082 10/02/2020 1000 15.4    
02146082 11/02/2020 1000 100     
02146082 12/02/2020 1000 16.2    
02146082 13/02/2020 1000 0.8     
02146082 14/02/2020 1000 0       
02146082 15/02/2020 1000 0       
02146082 16/02/2020 1000 0       
02146082 17/02/2020 1000 16.2    
02146082 18/02/2020 1000 1.2     
02146082 19/02/2020 1000 0       
02146082 20/02/2020 1000 0.6     
02146082 21/02/2020 1000 18.2    
02146082 22/02/2020 1000 18.8    
02146082 23/02/2020 1000 0       
02146082 24/02/2020 1000 0.4     
02146082 25/02/2020 1000 4.8     
02146082 26/02/2020 1000 8.8     
02146082 27/02/2020 1000 53.6    
02146082 28/02/2020 1000 3.6     
02146082 29/02/2020 1000 2.4     
02146082 01/03/2020 1000 0       
02146082 02/03/2020 1000 21.6    
02146082 03/03/2020 1000 0       
02146082 04/03/2020 1000 0       
02146082 05/03/2020 1000 0       
02146082 06/03/2020 1000 0       
02146082 07/03/2020 1000 0       
02146082 08/03/2020 1000 0       
02146082 09/03/2020 1000 7.8     
02146082 10/03/2020 1000 0       
02146082 11/03/2020 1000 0       
02146082 12/03/2020 1000 0       
02146082 13/03/2020 1000 0       
02146082 14/03/2020 1000 0       
02146082 15/03/2020 1000 0       
02146082 16/03/2020 1000 16.8    
02146082 17/03/2020 1000 2.6     
02146082 18/03/2020 1000 4.8     
02146082 19/03/2020 1000 6.2     
02146082 20/03/2020 1000 6.6     
02146082 21/03/2020 1000 3.4     
02146082 22/03/2020 1000 4.4     
02146082 23/03/2020 1000 0.6547499999954838