02145023 06/02/2020 1000 42.8    
02145023 07/02/2020 1000 34.8    
02145023 08/02/2020 1000 2.6     
02145023 09/02/2020 1000 5.4     
02145023 10/02/2020 1000 0       
02145023 11/02/2020 1000 28      
02145023 12/02/2020 1000 66.2    
02145023 13/02/2020 1000 11.2    
02145023 14/02/2020 1000 0.2     
02145023 15/02/2020 1000 0       
02145023 16/02/2020 1000 0.8     
02145023 17/02/2020 1000 1       
02145023 18/02/2020 1000 40.8    
02145023 19/02/2020 1000 1.8     
02145023 20/02/2020 1000 0       
02145023 21/02/2020 1000 3.4     
02145023 22/02/2020 1000 46.6    
02145023 23/02/2020 1000 0.2     
02145023 24/02/2020 1000 0.2     
02145023 25/02/2020 1000 13.8    
02145023 26/02/2020 1000 3.8     
02145023 27/02/2020 1000 11.2    
02145023 28/02/2020 1000 3.4     
02145023 29/02/2020 1000 11      
02145023 01/03/2020 1000 1.8     
02145023 02/03/2020 1000 23.6    
02145023 03/03/2020 1000 0.2     
02145023 04/03/2020 1000 0       
02145023 05/03/2020 1000 0       
02145023 06/03/2020 1000 0       
02145023 07/03/2020 1000 0       
02145023 08/03/2020 1000 0       
02145023 09/03/2020 1000 5.8     
02145023 10/03/2020 1000 0.2     
02145023 11/03/2020 1000 0.4     
02145023 12/03/2020 1000 0.2     
02145023 13/03/2020 1000 0       
02145023 14/03/2020 1000 0       
02145023 15/03/2020 1000 0.2     
02145023 16/03/2020 1000 34.6    
02145023 17/03/2020 1000 0       
02145023 18/03/2020 1000 17.4    
02145023 19/03/2020 1000 0       
02145023 20/03/2020 1000 4.6     
02145023 21/03/2020 1000 18.4    
02145023 22/03/2020 1000 9.4     
02145023 23/03/2020 1000 0.0575437500004685902145023 24/03/2020 1000 0.0575437500004685902145023 24/03/2020 1000 0.05754375000046859