02144048 06/02/2020 1000 62      
02144048 07/02/2020 1000 62      
02144048 08/02/2020 1000 9       
02144048 09/02/2020 1000 8       
02144048 10/02/2020 1000 2       
02144048 11/02/2020 1000 18      
02144048 12/02/2020 1000 27      
02144048 13/02/2020 1000 46      
02144048 14/02/2020 1000 7       
02144048 15/02/2020 1000 0       
02144048 16/02/2020 1000 0       
02144048 17/02/2020 1000 6       
02144048 18/02/2020 1000 36      
02144048 19/02/2020 1000 1       
02144048 20/02/2020 1000 0       
02144048 21/02/2020 1000 1       
02144048 22/02/2020 1000 31      
02144048 23/02/2020 1000 0       
02144048 24/02/2020 1000 0       
02144048 25/02/2020 1000 9       
02144048 26/02/2020 1000 7       
02144048 27/02/2020 1000 4       
02144048 28/02/2020 1000 40      
02144048 29/02/2020 1000 5       
02144048 01/03/2020 1000 30      
02144048 02/03/2020 1000 14      
02144048 03/03/2020 1000 5       
02144048 04/03/2020 1000 27      
02144048 05/03/2020 1000 19      
02144048 06/03/2020 1000 0       
02144048 07/03/2020 1000 0       
02144048 08/03/2020 1000 0       
02144048 09/03/2020 1000 32      
02144048 10/03/2020 1000 0       
02144048 11/03/2020 1000 0       
02144048 12/03/2020 1000 0       
02144048 13/03/2020 1000 0       
02144048 14/03/2020 1000 0       
02144048 15/03/2020 1000 1       
02144048 16/03/2020 1000 0       
02144048 17/03/2020 1000 0       
02144048 18/03/2020 1000 8       
02144048 19/03/2020 1000 0       
02144048 20/03/2020 1000 0       
02144048 21/03/2020 1000 17      
02144048 22/03/2020 1000 7       
02144048 23/03/2020 1000 0.06992808591994391