02245196 06/02/2020 1000 25      
02245196 07/02/2020 1000 20      
02245196 08/02/2020 1000 5       
02245196 09/02/2020 1000 2       
02245196 10/02/2020 1000 2       
02245196 11/02/2020 1000 50      
02245196 12/02/2020 1000 35      
02245196 13/02/2020 1000 5       
02245196 14/02/2020 1000 0       
02245196 15/02/2020 1000 0       
02245196 16/02/2020 1000 0       
02245196 17/02/2020 1000 20      
02245196 18/02/2020 1000 15      
02245196 19/02/2020 1000 0       
02245196 20/02/2020 1000 35      
02245196 21/02/2020 1000 50      
02245196 22/02/2020 1000 10      
02245196 23/02/2020 1000 5       
02245196 24/02/2020 1000 0       
02245196 25/02/2020 1000 5       
02245196 26/02/2020 1000 2       
02245196 27/02/2020 1000 10      
02245196 28/02/2020 1000 20      
02245196 29/02/2020 1000 5       
02245196 01/03/2020 1000 0       
02245196 02/03/2020 1000 20      
02245196 03/03/2020 1000 0       
02245196 04/03/2020 1000 0       
02245196 05/03/2020 1000 0       
02245196 06/03/2020 1000 0       
02245196 07/03/2020 1000 0       
02245196 08/03/2020 1000 0       
02245196 09/03/2020 1000 15      
02245196 10/03/2020 1000 10      
02245196 11/03/2020 1000 0       
02245196 12/03/2020 1000 0       
02245196 13/03/2020 1000 0       
02245196 14/03/2020 1000 0       
02245196 15/03/2020 1000 0       
02245196 16/03/2020 1000 0       
02245196 17/03/2020 1000 5       
02245196 18/03/2020 1000 15      
02245196 19/03/2020 1000 0       
02245196 20/03/2020 1000 2       
02245196 21/03/2020 1000 10      
02245196 22/03/2020 1000 10      
02245196 23/03/2020 1000 6.0243809031432605