61874000 06/02/2020 1000 27.6    
61874000 07/02/2020 1000 15      
61874000 08/02/2020 1000 0.2     
61874000 09/02/2020 1000 0       
61874000 10/02/2020 1000 29.2    
61874000 11/02/2020 1000 66.4    
61874000 12/02/2020 1000 0       
61874000 13/02/2020 1000 0       
61874000 14/02/2020 1000 0       
61874000 15/02/2020 1000 0       
61874000 16/02/2020 1000 0       
61874000 17/02/2020 1000 16.8    
61874000 18/02/2020 1000 0       
61874000 19/02/2020 1000 1.8     
61874000 20/02/2020 1000 10      
61874000 21/02/2020 1000 23.6    
61874000 22/02/2020 1000 25      
61874000 23/02/2020 1000 0       
61874000 24/02/2020 1000 0       
61874000 25/02/2020 1000 15.2    
61874000 26/02/2020 1000 6.6     
61874000 27/02/2020 1000 57.6    
61874000 28/02/2020 1000 0       
61874000 29/02/2020 1000 9.2     
61874000 01/03/2020 1000 0.4     
61874000 02/03/2020 1000 10      
61874000 03/03/2020 1000 0       
61874000 04/03/2020 1000 0       
61874000 05/03/2020 1000 0       
61874000 06/03/2020 1000 0       
61874000 07/03/2020 1000 0       
61874000 08/03/2020 1000 0       
61874000 09/03/2020 1000 0.2     
61874000 10/03/2020 1000 0       
61874000 11/03/2020 1000 0       
61874000 12/03/2020 1000 0       
61874000 13/03/2020 1000 0       
61874000 14/03/2020 1000 0       
61874000 15/03/2020 1000 21      
61874000 16/03/2020 1000 3       
61874000 17/03/2020 1000 0.8     
61874000 18/03/2020 1000 0       
61874000 19/03/2020 1000 1.6     
61874000 20/03/2020 1000 30.2    
61874000 21/03/2020 1000 4.2     
61874000 22/03/2020 1000 0       
61874000 23/03/2020 1000 0.00946093750125894