61884080 06/02/2020 1000 0       
61884080 07/02/2020 1000 15      
61884080 08/02/2020 1000 0       
61884080 09/02/2020 1000 10      
61884080 10/02/2020 1000 30      
61884080 11/02/2020 1000 60      
61884080 12/02/2020 1000 2       
61884080 13/02/2020 1000 0       
61884080 14/02/2020 1000 0       
61884080 15/02/2020 1000 0       
61884080 16/02/2020 1000 0       
61884080 17/02/2020 1000 15      
61884080 18/02/2020 1000 0       
61884080 19/02/2020 1000 5       
61884080 20/02/2020 1000 0       
61884080 21/02/2020 1000 19.6    
61884080 22/02/2020 1000 30      
61884080 23/02/2020 1000 0       
61884080 24/02/2020 1000 1.4     
61884080 25/02/2020 1000 19.8    
61884080 26/02/2020 1000 0.8     
61884080 27/02/2020 1000 29.4    
61884080 28/02/2020 1000 0       
61884080 29/02/2020 1000 54.8    
61884080 01/03/2020 1000 1.6     
61884080 02/03/2020 1000 10      
61884080 03/03/2020 1000 0.2     
61884080 04/03/2020 1000 0       
61884080 05/03/2020 1000 0       
61884080 06/03/2020 1000 0       
61884080 07/03/2020 1000 0       
61884080 08/03/2020 1000 4.8     
61884080 09/03/2020 1000 0       
61884080 10/03/2020 1000 0       
61884080 11/03/2020 1000 0       
61884080 12/03/2020 1000 0       
61884080 13/03/2020 1000 0       
61884080 14/03/2020 1000 0       
61884080 15/03/2020 1000 0.2     
61884080 16/03/2020 1000 0       
61884080 17/03/2020 1000 9.6     
61884080 18/03/2020 1000 0       
61884080 19/03/2020 1000 16      
61884080 20/03/2020 1000 21.4    
61884080 21/03/2020 1000 3       
61884080 22/03/2020 1000 0       
61884080 23/03/2020 1000 0.0273620781270607