02749059 08/02/2020 1000 0.8     
02749059 09/02/2020 1000 5       
02749059 10/02/2020 1000 5       
02749059 11/02/2020 1000 0       
02749059 12/02/2020 1000 0.2     
02749059 13/02/2020 1000 0.2     
02749059 14/02/2020 1000 0.4     
02749059 15/02/2020 1000 0       
02749059 16/02/2020 1000 0       
02749059 17/02/2020 1000 1.6     
02749059 18/02/2020 1000 0       
02749059 19/02/2020 1000 0       
02749059 20/02/2020 1000 0       
02749059 21/02/2020 1000 0.2     
02749059 22/02/2020 1000 0       
02749059 23/02/2020 1000 0       
02749059 24/02/2020 1000 0       
02749059 25/02/2020 1000 2.2     
02749059 26/02/2020 1000 52.8    
02749059 27/02/2020 1000 1.9     
02749059 28/02/2020 1000 0       
02749059 29/02/2020 1000 0       
02749059 01/03/2020 1000 2.4     
02749059 02/03/2020 1000 0.2     
02749059 03/03/2020 1000 0.2     
02749059 04/03/2020 1000 1       
02749059 05/03/2020 1000 0       
02749059 06/03/2020 1000 0.2     
02749059 07/03/2020 1000 0       
02749059 08/03/2020 1000 0       
02749059 09/03/2020 1000 0       
02749059 10/03/2020 1000 0       
02749059 11/03/2020 1000 0.2     
02749059 12/03/2020 1000 0       
02749059 13/03/2020 1000 0.2     
02749059 14/03/2020 1000 0       
02749059 15/03/2020 1000 0       
02749059 16/03/2020 1000 0       
02749059 17/03/2020 1000 1       
02749059 18/03/2020 1000 7       
02749059 19/03/2020 1000 1.6     
02749059 20/03/2020 1000 0       
02749059 21/03/2020 1000 0.2     
02749059 22/03/2020 1000 0       
02749059 23/03/2020 1000 0       
02749059 24/03/2020 1000 0.2     
02749059 25/03/2020 1000 0.33039599999127706