99990860 08/02/2020 1200 0.2     
99990860 09/02/2020 1200 2.8     
99990860 10/02/2020 1200 27.8    
99990860 11/02/2020 1200 0       
99990860 12/02/2020 1200 0       
99990860 13/02/2020 1200 0       
99990860 14/02/2020 1200 0       
99990860 15/02/2020 1200 0       
99990860 16/02/2020 1200 0       
99990860 17/02/2020 1200 0       
99990860 18/02/2020 1200 2.2     
99990860 19/02/2020 1200 12.4    
99990860 20/02/2020 1200 0.2     
99990860 21/02/2020 1200 0       
99990860 22/02/2020 1200 0       
99990860 23/02/2020 1200 0       
99990860 24/02/2020 1200 0       
99990860 25/02/2020 1200 12      
99990860 26/02/2020 1200 65      
99990860 27/02/2020 1200 2.4     
99990860 28/02/2020 1200 0       
99990860 29/02/2020 1200 0       
99990860 01/03/2020 1200 0       
99990860 02/03/2020 1200 0       
99990860 03/03/2020 1200 0.6     
99990860 04/03/2020 1200 2       
99990860 05/03/2020 1200 0       
99990860 06/03/2020 1200 0       
99990860 07/03/2020 1200 0       
99990860 08/03/2020 1200 0       
99990860 09/03/2020 1200 0       
99990860 10/03/2020 1200 0       
99990860 11/03/2020 1200 0       
99990860 12/03/2020 1200 0       
99990860 13/03/2020 1200 0       
99990860 14/03/2020 1200 0       
99990860 15/03/2020 1200 0       
99990860 16/03/2020 1200 0       
99990860 17/03/2020 1200 0.2     
99990860 18/03/2020 1200 0.4     
99990860 19/03/2020 1200 28.4    
99990860 20/03/2020 1200 0.2     
99990860 21/03/2020 1200 0       
99990860 22/03/2020 1200 0       
99990860 23/03/2020 1200 0       
99990860 24/03/2020 1200 0       
99990860 25/03/2020 1200 0.0