99990880 08/02/2020 1200 0.8     
99990880 09/02/2020 1200 0.2     
99990880 10/02/2020 1200 0       
99990880 11/02/2020 1200 0.2     
99990880 12/02/2020 1200 0       
99990880 13/02/2020 1200 0       
99990880 14/02/2020 1200 0       
99990880 15/02/2020 1200 0       
99990880 16/02/2020 1200 0       
99990880 17/02/2020 1200 0       
99990880 18/02/2020 1200 17      
99990880 19/02/2020 1200 0       
99990880 20/02/2020 1200 0       
99990880 21/02/2020 1200 0       
99990880 22/02/2020 1200 0       
99990880 23/02/2020 1200 0       
99990880 24/02/2020 1200 0       
99990880 25/02/2020 1200 0       
99990880 26/02/2020 1200 2.4     
99990880 27/02/2020 1200 1       
99990880 28/02/2020 1200 0       
99990880 29/02/2020 1200 0.2     
99990880 01/03/2020 1200 0       
99990880 02/03/2020 1200 0       
99990880 03/03/2020 1200 0       
99990880 04/03/2020 1200 0       
99990880 05/03/2020 1200 0       
99990880 06/03/2020 1200 0       
99990880 07/03/2020 1200 0       
99990880 08/03/2020 1200 0.2     
99990880 09/03/2020 1200 0       
99990880 10/03/2020 1200 0       
99990880 11/03/2020 1200 0       
99990880 12/03/2020 1200 0       
99990880 13/03/2020 1200 0       
99990880 14/03/2020 1200 0       
99990880 15/03/2020 1200 0       
99990880 16/03/2020 1200 3       
99990880 17/03/2020 1200 0       
99990880 18/03/2020 1200 0       
99990880 19/03/2020 1200 5.6     
99990880 20/03/2020 1200 0       
99990880 21/03/2020 1200 0       
99990880 22/03/2020 1200 0       
99990880 23/03/2020 1200 0       
99990880 24/03/2020 1200 0       
99990880 25/03/2020 1200 0.021019374997770172