ONS-Operador Nacional Do Sistema Eletrico
Modelo Computacional SMAP
Versao: 2.0.4 Data: 14/05/2019

Iniciando execucao: 24-03-2020 18:26:10

Parametros
   Amplitude inicial: 0.5
   dm alvo: 0 (nao e necessario multiplicar por 100)
   Limite de iteracoes: 10000
   Particulas: 24
   Pulso inicial: 0.1
   Uso de pesos: on
   Gerar graficos: off
   Semente: 9952

Sub bacia: BBonita
cef: 0.98368758
*dm: 0.02777086
ebin: 275.172
mape: 0.022475003
somacoef: 1.9612126
supin: 333.32864
Iteracoes: 10000
Iteracao otima: 9939
Tempo: 4.644 s

Qcal
[34](0,0,0,608.50064,555.53613,495.45701,445.83735,530.94459,718.31826,894.07731,847.77195,698.40866,637.45226,534.51901,460.3566,408.80281,372.87179,347.73458,330.04625,317.49637,311.08837,306.30185,300.15733,295.54242,291.97859,289.11828,286.75704,285.37845,298.38168,313.54508,365.79596,402.80747,431.0409,436.53989)
Rsolo
[34](0,0,74.042064,73.192339,71.356364,69.338683,72.154084,77.310981,82.22992,83.117264,80.118296,79.529565,75.961341,72.129312,68.141367,64.515857,61.210116,58.262742,55.599399,54.09164,52.677959,50.553215,48.747516,46.862023,45.23878,43.890021,42.836664,42.763286,43.235883,46.498106,49.559915,52.50331,54.485703,52.034672)
Rsub
[34](0,0,191.83654,192.56599,193.23252,193.77042,194.17302,194.76087,195.71626,197.05376,198.45853,199.61422,200.71858,201.54759,202.10147,202.39128,202.46049,202.34476,202.07727,201.6834,201.22324,200.70412,200.10064,199.43096,198.69697,197.91214,197.08852,196.23721,195.38751,194.55534,193.83027,193.21847,192.72703,192.32356)
Rsup
[34](0,0,3.3277962,2.7885775,2.1792307,1.6761485,2.5200537,4.3822859,6.1232996,5.6418552,4.1305655,3.5054554,2.4620034,1.7097292,1.1871087,0.82423991,0.57229085,0.39735617,0.27589455,0.21756068,0.1763639,0.12245396,0.085022919,0.059033587,0.040988529,0.028654218,0.026685694,0.16869487,0.33224723,0.86581254,1.2457013,1.5363319,1.5982688,1.1097189)
Peso chuva 
[34](0.5,0.81750136,0.60995864,0.50254972,0.5,0.53272675,0.72916844,0.84170316,0.6553484,0.65066668,0.5,1.8432399,2,2,0.5,0.5,0.5,0.5,0.5,2,2,0.5,1.8718155,1.9936628,1.4936644,0.5,0.5,0.60618008,0.62407617,1.2879509,0.81969355,1.0338244,1.6912128,1)
Previsao PMEDIA_ORIG
[13] (0,0,0,0,0.1,5.2,6.9,3.9,6,5.2,1.3,1.5,2.5083333)


Sub bacia: ESouza
cef: 0.8716917
*dm: 0.16683195
ebin: 88.905438
mape: 0.10662965
somacoef: 1.7650621
supin: 81.176826
Iteracoes: 10000
Iteracao otima: 9998
Tempo: 4.623 s

Qcal
[34](0,0,0,170.08226,140.89027,122.22308,353.32332,539.77075,543.25662,369.43174,324.23692,240.10253,206.78193,386.77199,275.2625,205.73384,162.89963,136.40667,119.97653,111.44023,104.20241,99.515628,96.385803,94.207028,92.609984,91.369549,90.469745,171.85089,139.0344,123.60082,109.85272,100.94904,94.697335,90.635192)
Rsolo
[34](0,0,20.441006,15.994994,14.200936,23.936845,25.244906,23.481703,16.038531,19.307391,16.031675,17.214586,24.824369,16.180688,14.011471,12.82378,12.051091,11.16398,10.933885,10.093259,9.3166685,8.6003374,7.9497783,7.3112008,6.7298898,6.4165793,13.936458,12.668819,12.72604,12.315286,11.867081,11.059455,10.219056,9.3978945)
Rsub
[34](0,0,208.98101,211.04601,210.63625,209.49941,214.14408,219.86736,224.06458,223.57562,224.81495,224.31721,224.38917,229.66786,229.20098,227.85496,226.12921,224.41333,222.71047,221.02053,219.34341,217.67902,216.02725,214.38802,212.76123,211.14679,209.54459,208.32114,206.74039,205.17163,203.61477,202.06973,200.53641,199.01473)
Rsup
[34](0,0,3.7079018,2.3343764,1.4896802,12.067703,20.493779,20.541788,12.520455,10.465599,6.5985221,5.0862139,13.306195,8.1102167,4.9434389,3.0130633,1.8364827,1.1193487,0.76252759,0.46476577,0.28327791,0.17265982,0.10523734,0.064142877,0.039095521,0.029367251,3.7777356,2.3025556,1.6283156,1.0308298,0.65439083,0.39885568,0.24310526,0.14817432)
Peso chuva 
[34](1.8759332,0.5,1.9016522,2,2,1.6451987,1.5072803,0.5,0.57379792,1.4189573,2,2,1.2132951,0.62686168,2,1.9138185,2,2,0.81789106,2,2,2,2,2,2,2,2,2,0.92803417,2,0.68801176,2,0.5,1)
Previsao PMEDIA_ORIG
[13] (0.1,0.1,0.1,0.3,0.5,6.1,11.9,5.6,10.7,11.5,4.6,4.1,4.6333333)


Sub bacia: Ibitinga
cef: 0.99519102
*dm: 0.0074914101
ebin: 199.85275
mape: 0.0057441227
somacoef: 1.9894469
supin: 65.979541
Iteracoes: 10000
Iteracao otima: 9575
Tempo: 4.578 s

Qcal
[34](0,0,0,265.83229,262.78489,263.54222,271.58763,286.62797,296.57596,298.30407,272.34368,254.01127,237.77138,215.24349,208.92486,206.36812,204.81618,203.5383,202.3341,201.15441,200.0275,198.83297,197.66992,196.51982,195.38216,194.24415,193.1152,191.99341,190.87829,190.7195,191.75859,193.49096,190.90029,196.08997)
Rsolo
[34](0,0,47.670154,50.062028,51.656146,53.089092,54.628985,55.752858,56.241924,54.831034,53.101227,51.348628,48.169627,46.115916,44.859693,43.700135,42.559497,41.363429,40.455772,39.617294,38.74177,37.875544,37.007627,36.204442,35.280954,34.496974,33.728608,32.979083,32.475272,32.14254,31.943869,31.622988,31.610744,30.703441)
Rsub
[34](0,0,252.66427,251.77365,251.7011,252.21235,253.27342,254.95236,257.09658,259.44023,261.16753,262.18139,262.51665,261.73236,260.301,258.78922,257.28621,255.79194,254.30634,252.82937,251.36098,249.90112,248.44973,247.00678,245.5722,244.14596,242.728,241.31828,239.91674,238.52334,237.13804,235.76078,234.39152,233.03021)
Rsup
[34](0,0,0.64594571,0.62300817,0.6309843,0.70579066,0.84482014,0.92921055,0.92952454,0.6572213,0.4643695,0.29752839,0.074382098,0.018595524,0.0046488811,0.0011622203,0.00029055507,7.2638767e-005,2.7560903e-005,0.00043230502,0.00010871712,2.7179281e-005,6.7948203e-006,4.2919404e-005,1.0729851e-005,2.6824627e-006,6.7061568e-007,1.6765392e-007,0.0092987133,0.030261706,0.057949205,0.0432515,0.10466227,0.026165567)
Peso chuva 
[34](1.9503258,0.94784908,0.69641849,1.1442139,1.1105566,0.70899312,0.5,0.5,0.52352651,0.5,0.5,0.65598842,0.5,0.5,1.9587695,1.9115607,2,2,1.9940977,2,1.6607546,2,2,2,2,2,0.8184864,0.70179023,0.87167461,0.74046007,0.87582751,0.81871365,1.7869249,1)
Previsao PMEDIA_ORIG
[13] (0,0,0,0,0.3,5.1,5.3,3.4,4.7,3,1.3,2.4,2.125)


Sub bacia: NAvanhanda
cef: 0.91832735
*dm: 0.082358637
ebin: 107.686
mape: 0.010607696
somacoef: 1.9077197
supin: 6.3627224
Iteracoes: 10000
Iteracao otima: 9981
Tempo: 4.731 s

Qcal
[34](0,0,0,114.04873,112.14109,111.35794,115.03623,143.70698,160.58801,149.88072,138.29215,129.65594,123.20255,118.36333,114.71725,111.953,109.84007,108.2081,106.93113,105.91604,105.09396,104.4169,103.87632,103.36945,102.92169,102.7421,102.87697,102.49088,103.99001,103.38996,105.27863,104.33853,103.05591,102.0354)
Rsolo
[34](0,0,149.30138,147.36202,146.18733,146.11757,153.38057,159.59104,159.13513,157.05313,154.88513,152.89646,150.89756,148.95188,146.94195,144.95085,142.99374,141.06987,139.17764,137.3172,135.85249,134.50701,132.79109,131.36434,130.28641,129.42019,128.30595,127.93016,126.99019,126.79797,125.94387,124.41132,122.79697,121.19167)
Rsub
[34](0,0,188.74345,188.3016,187.85298,187.40084,186.94967,186.53021,186.13999,185.74872,185.34896,184.94056,184.52456,184.10111,183.67066,183.23315,182.78887,182.33816,181.88136,181.41877,180.9507,180.47873,180.00337,179.52348,179.04016,178.55464,178.06768,177.57853,177.08955,176.59924,176.11028,175.62267,175.13642,174.65151)
Rsup
[34](0,0,0.11866989,0.087792608,0.077960205,0.15137436,0.69090794,1.0102162,0.81466899,0.60269638,0.44587793,0.32986282,0.24403424,0.1805378,0.13356281,0.098810464,0.073100497,0.05408013,0.040008762,0.029598691,0.021951661,0.016891729,0.012496589,0.0092520742,0.011045468,0.018727408,0.01670818,0.049873236,0.043885069,0.084327928,0.071997257,0.053263946,0.039404946,0.029151985)
Peso chuva 
[34](0.5,2,2,0.5,0.5,0.5,0.5,0.5,1.171756,2,2,2,2,2,2,2,2,2,0.5,2,2,2,2,1.0572398,0.5,0.5,0.74928734,1.7203375,0.58934358,1.6841518,2,2,0.94227856,1)
Previsao PMEDIA_ORIG
[13] (0.2,0.5,0.4,0.5,0.5,7,7.1,3.6,3.4,3.2,1.8,3.1,2.6083333)


Tempo de execucao em: 19 s

Finalizando execucao: 24-03-2020 18:26:29

