02652053 06/02/2020 1000 0       
02652053 07/02/2020 1000 0       
02652053 08/02/2020 1000 0.2     
02652053 09/02/2020 1000 2.2     
02652053 10/02/2020 1000 5.8     
02652053 11/02/2020 1000 0       
02652053 12/02/2020 1000 0       
02652053 13/02/2020 1000 0       
02652053 14/02/2020 1000 0       
02652053 15/02/2020 1000 0       
02652053 16/02/2020 1000 1.5     
02652053 17/02/2020 1000 5       
02652053 18/02/2020 1000 3.8     
02652053 19/02/2020 1000 5       
02652053 20/02/2020 1000 0       
02652053 21/02/2020 1000 0       
02652053 22/02/2020 1000 0       
02652053 23/02/2020 1000 0       
02652053 24/02/2020 1000 0       
02652053 25/02/2020 1000 5       
02652053 26/02/2020 1000 37.2    
02652053 27/02/2020 1000 0       
02652053 28/02/2020 1000 0       
02652053 29/02/2020 1000 0       
02652053 01/03/2020 1000 0       
02652053 02/03/2020 1000 0       
02652053 03/03/2020 1000 9.8     
02652053 04/03/2020 1000 1.2     
02652053 05/03/2020 1000 0       
02652053 06/03/2020 1000 0       
02652053 07/03/2020 1000 0       
02652053 08/03/2020 1000 2.5     
02652053 09/03/2020 1000 0       
02652053 10/03/2020 1000 0       
02652053 11/03/2020 1000 0       
02652053 12/03/2020 1000 0       
02652053 13/03/2020 1000 0       
02652053 14/03/2020 1000 0       
02652053 15/03/2020 1000 0       
02652053 16/03/2020 1000 0       
02652053 17/03/2020 1000 0       
02652053 18/03/2020 1000 0       
02652053 19/03/2020 1000 23.2    
02652053 20/03/2020 1000 0       
02652053 21/03/2020 1000 0       
02652053 22/03/2020 1000 0       
02652053 23/03/2020 1000 8.711775617553732