02750032 06/02/2020 1000 0       
02750032 07/02/2020 1000 0.8     
02750032 08/02/2020 1000 0       
02750032 09/02/2020 1000 0       
02750032 10/02/2020 1000 21.2    
02750032 11/02/2020 1000 0       
02750032 12/02/2020 1000 0       
02750032 13/02/2020 1000 0       
02750032 14/02/2020 1000 0       
02750032 15/02/2020 1000 0       
02750032 16/02/2020 1000 0       
02750032 17/02/2020 1000 0       
02750032 18/02/2020 1000 1.2     
02750032 19/02/2020 1000 7.6     
02750032 20/02/2020 1000 0       
02750032 21/02/2020 1000 0       
02750032 22/02/2020 1000 0       
02750032 23/02/2020 1000 0       
02750032 24/02/2020 1000 0       
02750032 25/02/2020 1000 1.2     
02750032 26/02/2020 1000 4.4     
02750032 27/02/2020 1000 0.4     
02750032 28/02/2020 1000 0       
02750032 29/02/2020 1000 0       
02750032 01/03/2020 1000 0       
02750032 02/03/2020 1000 0       
02750032 03/03/2020 1000 0       
02750032 04/03/2020 1000 0       
02750032 05/03/2020 1000 0       
02750032 06/03/2020 1000 0       
02750032 07/03/2020 1000 0       
02750032 08/03/2020 1000 0       
02750032 09/03/2020 1000 0       
02750032 10/03/2020 1000 0       
02750032 11/03/2020 1000 0       
02750032 12/03/2020 1000 0       
02750032 13/03/2020 1000 0       
02750032 14/03/2020 1000 0       
02750032 15/03/2020 1000 0       
02750032 16/03/2020 1000 0       
02750032 17/03/2020 1000 0       
02750032 18/03/2020 1000 0       
02750032 19/03/2020 1000 1.6     
02750032 20/03/2020 1000 0       
02750032 21/03/2020 1000 0       
02750032 22/03/2020 1000 0       
02750032 23/03/2020 1000 2.0858388757944466