02751028 06/02/2020 1000 0       
02751028 07/02/2020 1000 0       
02751028 08/02/2020 0000 -       
02751028 09/02/2020 0000 -       
02751028 10/02/2020 0000 -       
02751028 11/02/2020 0000 -       
02751028 12/02/2020 0000 -       
02751028 13/02/2020 1000 1       
02751028 14/02/2020 1000 0       
02751028 15/02/2020 1000 0       
02751028 16/02/2020 1000 0       
02751028 17/02/2020 1000 0       
02751028 18/02/2020 1000 0       
02751028 19/02/2020 1000 0       
02751028 20/02/2020 1000 0       
02751028 21/02/2020 1000 0       
02751028 22/02/2020 1000 0       
02751028 23/02/2020 1000 0       
02751028 24/02/2020 1000 0       
02751028 25/02/2020 1000 0.4     
02751028 26/02/2020 1000 128     
02751028 27/02/2020 1000 0.8     
02751028 28/02/2020 1000 0       
02751028 29/02/2020 1000 0       
02751028 01/03/2020 1000 0       
02751028 02/03/2020 1000 0       
02751028 03/03/2020 1000 0       
02751028 04/03/2020 1000 0       
02751028 05/03/2020 1000 0       
02751028 06/03/2020 1000 0       
02751028 07/03/2020 1000 0       
02751028 08/03/2020 1000 0       
02751028 09/03/2020 1000 0       
02751028 10/03/2020 1000 0       
02751028 11/03/2020 1000 0       
02751028 12/03/2020 1000 0       
02751028 13/03/2020 1000 0       
02751028 14/03/2020 1000 0       
02751028 15/03/2020 1000 0       
02751028 16/03/2020 1000 0       
02751028 17/03/2020 1000 2       
02751028 18/03/2020 1000 0       
02751028 19/03/2020 1000 45.4    
02751028 20/03/2020 1000 0       
02751028 21/03/2020 1000 0       
02751028 22/03/2020 1000 0       
02751028 23/03/2020 1000 0.0768809837400737702751028 24/03/2020 1000 0.07688098374007377