02850025 06/02/2020 1000 0       
02850025 07/02/2020 1000 0       
02850025 08/02/2020 1000 0       
02850025 09/02/2020 1000 4.5     
02850025 10/02/2020 1000 0       
02850025 11/02/2020 1000 0.8     
02850025 12/02/2020 1000 0       
02850025 13/02/2020 1000 0       
02850025 14/02/2020 1000 0       
02850025 15/02/2020 1000 0       
02850025 16/02/2020 1000 0       
02850025 17/02/2020 1000 1.2     
02850025 18/02/2020 1000 11      
02850025 19/02/2020 1000 0.2     
02850025 20/02/2020 1000 0       
02850025 21/02/2020 1000 0       
02850025 22/02/2020 1000 0       
02850025 23/02/2020 1000 0       
02850025 24/02/2020 1000 0       
02850025 25/02/2020 1000 8.6     
02850025 26/02/2020 1000 37.4    
02850025 27/02/2020 1000 3.6     
02850025 28/02/2020 1000 0       
02850025 29/02/2020 1000 0.2     
02850025 01/03/2020 1000 0       
02850025 02/03/2020 1000 0       
02850025 03/03/2020 1000 0       
02850025 04/03/2020 1000 0.2     
02850025 05/03/2020 1000 0       
02850025 06/03/2020 1000 0       
02850025 07/03/2020 1000 0       
02850025 08/03/2020 1000 0       
02850025 09/03/2020 1000 0       
02850025 10/03/2020 1000 0       
02850025 11/03/2020 1000 0       
02850025 12/03/2020 1000 0       
02850025 13/03/2020 1000 0       
02850025 14/03/2020 1000 0       
02850025 15/03/2020 1000 0       
02850025 16/03/2020 1000 0       
02850025 17/03/2020 1000 0       
02850025 18/03/2020 1000 4.4     
02850025 19/03/2020 1000 2.4     
02850025 20/03/2020 1000 0       
02850025 21/03/2020 1000 0       
02850025 22/03/2020 1000 0       
02850025 23/03/2020 1000 6.536670090667702