02854025 06/02/2020 1000 0       
02854025 07/02/2020 1000 0       
02854025 08/02/2020 1000 0       
02854025 09/02/2020 1000 0.2     
02854025 10/02/2020 1000 0       
02854025 11/02/2020 1000 0       
02854025 12/02/2020 1000 0       
02854025 13/02/2020 1000 0       
02854025 14/02/2020 1000 0       
02854025 15/02/2020 1000 10      
02854025 16/02/2020 1000 0.2     
02854025 17/02/2020 1000 0       
02854025 18/02/2020 1000 0       
02854025 19/02/2020 1000 25      
02854025 20/02/2020 1000 0       
02854025 21/02/2020 1000 0       
02854025 22/02/2020 1000 0       
02854025 23/02/2020 1000 0       
02854025 24/02/2020 1000 0       
02854025 25/02/2020 1000 0       
02854025 26/02/2020 1000 5       
02854025 27/02/2020 1000 0       
02854025 28/02/2020 1000 0.2     
02854025 29/02/2020 1000 0       
02854025 01/03/2020 1000 0       
02854025 02/03/2020 1000 0       
02854025 03/03/2020 1000 0       
02854025 04/03/2020 1000 0       
02854025 05/03/2020 1000 0       
02854025 06/03/2020 1000 0       
02854025 07/03/2020 1000 0       
02854025 08/03/2020 1000 0       
02854025 09/03/2020 1000 0       
02854025 10/03/2020 1000 0       
02854025 11/03/2020 1000 0       
02854025 12/03/2020 1000 0       
02854025 13/03/2020 1000 0       
02854025 14/03/2020 1000 0       
02854025 15/03/2020 1000 0       
02854025 16/03/2020 1000 0       
02854025 17/03/2020 1000 0       
02854025 18/03/2020 1000 14.6    
02854025 19/03/2020 1000 8       
02854025 20/03/2020 1000 0       
02854025 21/03/2020 1000 0       
02854025 22/03/2020 1000 0       
02854025 23/03/2020 1000 0.0