02850037 06/02/2020 1000 1.4     
02850037 07/02/2020 1000 15      
02850037 08/02/2020 1000 1.8     
02850037 09/02/2020 1000 18.7    
02850037 10/02/2020 1000 0.4     
02850037 11/02/2020 1000 0       
02850037 12/02/2020 1000 0       
02850037 13/02/2020 1000 0.7     
02850037 14/02/2020 1000 0.2     
02850037 15/02/2020 1000 0       
02850037 16/02/2020 1000 0       
02850037 17/02/2020 1000 2       
02850037 18/02/2020 1000 0       
02850037 19/02/2020 1000 0       
02850037 20/02/2020 1000 0       
02850037 21/02/2020 1000 0       
02850037 22/02/2020 1000 0       
02850037 23/02/2020 1000 0       
02850037 24/02/2020 1000 0       
02850037 25/02/2020 1000 2.8     
02850037 26/02/2020 1000 24.6    
02850037 27/02/2020 1000 2.6     
02850037 28/02/2020 1000 0       
02850037 29/02/2020 1000 0.2     
02850037 01/03/2020 1000 0.2     
02850037 02/03/2020 1000 0       
02850037 03/03/2020 1000 0       
02850037 04/03/2020 1000 1       
02850037 05/03/2020 1000 0       
02850037 06/03/2020 1000 0.2     
02850037 07/03/2020 1000 0       
02850037 08/03/2020 1000 0       
02850037 09/03/2020 1000 0       
02850037 10/03/2020 1000 0       
02850037 11/03/2020 1000 0       
02850037 12/03/2020 1000 0       
02850037 13/03/2020 1000 0       
02850037 14/03/2020 1000 0       
02850037 15/03/2020 1000 0       
02850037 16/03/2020 1000 0       
02850037 17/03/2020 1000 9       
02850037 18/03/2020 1000 0       
02850037 19/03/2020 1000 1.8     
02850037 20/03/2020 1000 1       
02850037 21/03/2020 1000 0.2     
02850037 22/03/2020 1000 0       
02850037 23/03/2020 1000 0.7563580624956925