02850027 06/02/2020 1000 0       
02850027 07/02/2020 1000 3.6     
02850027 08/02/2020 1000 4       
02850027 09/02/2020 1000 18      
02850027 10/02/2020 1000 0.2     
02850027 11/02/2020 1000 0.4     
02850027 12/02/2020 1000 0       
02850027 13/02/2020 1000 0       
02850027 14/02/2020 1000 0       
02850027 15/02/2020 1000 0       
02850027 16/02/2020 1000 0       
02850027 17/02/2020 1000 3.4     
02850027 18/02/2020 1000 1.7     
02850027 19/02/2020 1000 0.4     
02850027 20/02/2020 1000 0       
02850027 21/02/2020 1000 0       
02850027 22/02/2020 1000 0       
02850027 23/02/2020 1000 0       
02850027 24/02/2020 1000 0       
02850027 25/02/2020 1000 5       
02850027 26/02/2020 1000 41.5    
02850027 27/02/2020 1000 1.4     
02850027 28/02/2020 1000 0       
02850027 29/02/2020 1000 0       
02850027 01/03/2020 1000 0       
02850027 02/03/2020 1000 0       
02850027 03/03/2020 1000 0       
02850027 04/03/2020 1000 0       
02850027 05/03/2020 1000 0       
02850027 06/03/2020 1000 0       
02850027 07/03/2020 1000 0       
02850027 08/03/2020 1000 0       
02850027 09/03/2020 1000 0       
02850027 10/03/2020 1000 0       
02850027 11/03/2020 1000 0       
02850027 12/03/2020 1000 0       
02850027 13/03/2020 1000 0       
02850027 14/03/2020 1000 0       
02850027 15/03/2020 1000 0       
02850027 16/03/2020 1000 0       
02850027 17/03/2020 1000 4.2     
02850027 18/03/2020 1000 0       
02850027 19/03/2020 1000 2       
02850027 20/03/2020 1000 0.4     
02850027 21/03/2020 1000 0       
02850027 22/03/2020 1000 0.8     
02850027 23/03/2020 1000 5.397695815682068