02850026 06/02/2020 1000 0       
02850026 07/02/2020 1000 10.4    
02850026 08/02/2020 1000 0.6     
02850026 09/02/2020 1000 3.4     
02850026 10/02/2020 1000 0       
02850026 11/02/2020 1000 0.4     
02850026 12/02/2020 1000 0.2     
02850026 13/02/2020 1000 0       
02850026 14/02/2020 1000 0       
02850026 15/02/2020 1000 0       
02850026 16/02/2020 1000 0       
02850026 17/02/2020 1000 0       
02850026 18/02/2020 1000 3.4     
02850026 19/02/2020 1000 0.6     
02850026 20/02/2020 1000 0       
02850026 21/02/2020 1000 0       
02850026 22/02/2020 1000 0       
02850026 23/02/2020 1000 0       
02850026 24/02/2020 1000 0       
02850026 25/02/2020 1000 4.8     
02850026 26/02/2020 1000 66.9    
02850026 27/02/2020 1000 3.2     
02850026 28/02/2020 1000 0.2     
02850026 29/02/2020 1000 0.2     
02850026 01/03/2020 1000 0       
02850026 02/03/2020 1000 0       
02850026 03/03/2020 1000 0       
02850026 04/03/2020 1000 0       
02850026 05/03/2020 1000 0       
02850026 06/03/2020 1000 0.2     
02850026 07/03/2020 1000 0       
02850026 08/03/2020 1000 0       
02850026 09/03/2020 1000 0       
02850026 10/03/2020 1000 0       
02850026 11/03/2020 1000 0       
02850026 12/03/2020 1000 0       
02850026 13/03/2020 1000 0       
02850026 14/03/2020 1000 0       
02850026 15/03/2020 1000 0       
02850026 16/03/2020 1000 0       
02850026 17/03/2020 1000 0       
02850026 18/03/2020 1000 1.2     
02850026 19/03/2020 1000 3.2     
02850026 20/03/2020 1000 0       
02850026 21/03/2020 1000 0.2     
02850026 22/03/2020 1000 0.2     
02850026 23/03/2020 1000 6.376477257236958