99990859 06/02/2020 1200 0       
99990859 07/02/2020 1200 6.8     
99990859 08/02/2020 1200 0       
99990859 09/02/2020 1200 0       
99990859 10/02/2020 1200 20.6    
99990859 11/02/2020 1200 0       
99990859 12/02/2020 1200 0       
99990859 13/02/2020 1200 0       
99990859 14/02/2020 1200 0       
99990859 15/02/2020 1200 0       
99990859 16/02/2020 1200 0.2     
99990859 17/02/2020 1200 2       
99990859 18/02/2020 1200 1.6     
99990859 19/02/2020 1200 4.8     
99990859 20/02/2020 1200 0.2     
99990859 21/02/2020 1200 0       
99990859 22/02/2020 1200 0.2     
99990859 23/02/2020 1200 0       
99990859 24/02/2020 1200 0       
99990859 25/02/2020 1200 24      
99990859 26/02/2020 1200 38.6    
99990859 27/02/2020 1200 1.2     
99990859 28/02/2020 1200 0       
99990859 29/02/2020 1200 0       
99990859 01/03/2020 1200 0       
99990859 02/03/2020 1200 0       
99990859 03/03/2020 1200 0       
99990859 04/03/2020 1200 0       
99990859 05/03/2020 1200 0       
99990859 06/03/2020 1200 0       
99990859 07/03/2020 1200 0       
99990859 08/03/2020 1200 0       
99990859 09/03/2020 1200 1       
99990859 10/03/2020 1200 0       
99990859 11/03/2020 1200 0       
99990859 12/03/2020 1200 0       
99990859 13/03/2020 1200 0       
99990859 14/03/2020 1200 0       
99990859 15/03/2020 1200 0       
99990859 16/03/2020 1200 0       
99990859 17/03/2020 1200 0       
99990859 18/03/2020 1200 11.8    
99990859 19/03/2020 1200 22.8    
99990859 20/03/2020 1200 0.4     
99990859 21/03/2020 1200 0       
99990859 22/03/2020 1200 0       
99990859 23/03/2020 1200 1.7244975289787972