02349068 13/01/2020 1000 8.5     
02349068 14/01/2020 1000 0       
02349068 15/01/2020 1000 0       
02349068 16/01/2020 1000 0       
02349068 17/01/2020 1000 5.5     
02349068 18/01/2020 1000 0       
02349068 19/01/2020 0000 -       
02349068 20/01/2020 1000 0       
02349068 21/01/2020 1000 0       
02349068 22/01/2020 1000 5       
02349068 23/01/2020 1000 7.8     
02349068 24/01/2020 1000 2       
02349068 25/01/2020 1000 0       
02349068 26/01/2020 1000 0       
02349068 27/01/2020 1000 0       
02349068 28/01/2020 1000 0       
02349068 29/01/2020 1000 0       
02349068 30/01/2020 1000 0       
02349068 31/01/2020 1000 18.5    
02349068 01/02/2020 1000 0       
02349068 02/02/2020 1000 26      
02349068 03/02/2020 1000 3.3     
02349068 04/02/2020 1000 3.8     
02349068 05/02/2020 1000 0.3     
02349068 06/02/2020 1000 0       
02349068 07/02/2020 1000 0       
02349068 08/02/2020 1000 0       
02349068 09/02/2020 1000 0       
02349068 10/02/2020 1000 0       
02349068 11/02/2020 1000 0       
02349068 12/02/2020 1000 0       
02349068 13/02/2020 1000 0       
02349068 14/02/2020 1000 10.3    
02349068 15/02/2020 1000 0       
02349068 16/02/2020 1000 0       
02349068 17/02/2020 1000 0       
02349068 18/02/2020 1000 0       
02349068 19/02/2020 1000 0       
02349068 20/02/2020 1000 17.8    
02349068 21/02/2020 1000 0       
02349068 22/02/2020 1000 21.3    
02349068 23/02/2020 1000 0       
02349068 24/02/2020 1000 0       
02349068 25/02/2020 1000 5       
02349068 26/02/2020 1000 2.8     
02349068 27/02/2020 1000 11.5    
