02349023 13/01/2020 1000 10      
02349023 14/01/2020 1000 0       
02349023 15/01/2020 1000 0       
02349023 16/01/2020 1000 0       
02349023 17/01/2020 1000 5       
02349023 18/01/2020 1000 0       
02349023 19/01/2020 1000 0       
02349023 20/01/2020 1000 0       
02349023 21/01/2020 1000 0       
02349023 22/01/2020 1000 0       
02349023 23/01/2020 1000 8.5     
02349023 24/01/2020 1000 1.3     
02349023 25/01/2020 1000 0       
02349023 26/01/2020 1000 0       
02349023 27/01/2020 1000 0       
02349023 28/01/2020 1000 0       
02349023 29/01/2020 1000 0       
02349023 30/01/2020 1000 0       
02349023 31/01/2020 1000 18.5    
02349023 01/02/2020 1000 0       
02349023 02/02/2020 1000 20      
02349023 03/02/2020 1000 5       
02349023 04/02/2020 1000 10      
02349023 05/02/2020 1000 0       
02349023 06/02/2020 1000 0       
02349023 07/02/2020 1000 0       
02349023 08/02/2020 1000 0       
02349023 09/02/2020 1000 0.3     
02349023 10/02/2020 1000 5.8     
02349023 11/02/2020 1000 0       
02349023 12/02/2020 1000 0       
02349023 13/02/2020 1000 0       
02349023 14/02/2020 1000 0       
02349023 15/02/2020 1000 0       
02349023 16/02/2020 1000 0       
02349023 17/02/2020 1000 0       
02349023 18/02/2020 1000 0       
02349023 19/02/2020 1000 0       
02349023 20/02/2020 1000 6.5     
02349023 21/02/2020 1000 0       
02349023 22/02/2020 1000 1.5     
02349023 23/02/2020 1000 0       
02349023 24/02/2020 1000 0       
02349023 25/02/2020 1000 3.8     
02349023 26/02/2020 1000 9       
02349023 27/02/2020 1000 4.8     
