02347192 13/01/2020 1000 0       
02347192 14/01/2020 1000 0       
02347192 15/01/2020 1000 0       
02347192 16/01/2020 1000 0       
02347192 17/01/2020 1000 6.8     
02347192 18/01/2020 1000 0       
02347192 19/01/2020 1000 0       
02347192 20/01/2020 1000 0       
02347192 21/01/2020 1000 0       
02347192 22/01/2020 1000 0       
02347192 23/01/2020 1000 2.8     
02347192 24/01/2020 1000 5.5     
02347192 25/01/2020 1000 1.8     
02347192 26/01/2020 1000 0       
02347192 27/01/2020 1000 0       
02347192 28/01/2020 1000 0       
02347192 29/01/2020 1000 0       
02347192 30/01/2020 1000 2       
02347192 31/01/2020 1000 8.5     
02347192 01/02/2020 1000 0       
02347192 02/02/2020 1000 71.5    
02347192 03/02/2020 1000 32.8    
02347192 04/02/2020 1000 8       
02347192 05/02/2020 1000 5       
02347192 06/02/2020 1000 0.3     
02347192 07/02/2020 1000 0       
02347192 08/02/2020 1000 0       
02347192 09/02/2020 1000 0       
02347192 10/02/2020 1000 12.5    
02347192 11/02/2020 1000 5.5     
02347192 12/02/2020 1000 0       
02347192 13/02/2020 1000 0       
02347192 14/02/2020 1000 0       
02347192 15/02/2020 1000 0.3     
02347192 16/02/2020 1000 0       
02347192 17/02/2020 1000 0       
02347192 18/02/2020 1000 0       
02347192 19/02/2020 1000 0       
02347192 20/02/2020 1000 5       
02347192 21/02/2020 1000 7       
02347192 22/02/2020 1000 0.5     
02347192 23/02/2020 1000 0.5     
02347192 24/02/2020 1000 0       
02347192 25/02/2020 1000 0       
02347192 26/02/2020 1000 36      
02347192 27/02/2020 1000 8.8     
