99990716 13/01/2020 1200 12.4    
99990716 14/01/2020 1200 0       
99990716 15/01/2020 1200 0       
99990716 16/01/2020 1200 0       
99990716 17/01/2020 1200 0       
99990716 18/01/2020 1200 0       
99990716 19/01/2020 1200 0       
99990716 20/01/2020 1200 0       
99990716 21/01/2020 1200 0       
99990716 22/01/2020 1200 0       
99990716 23/01/2020 1200 13      
99990716 24/01/2020 1200 0.6     
99990716 25/01/2020 1200 0       
99990716 26/01/2020 1200 0       
99990716 27/01/2020 1200 0       
99990716 28/01/2020 1200 0       
99990716 29/01/2020 1200 0       
99990716 30/01/2020 1200 0.4     
99990716 31/01/2020 1200 36.4    
99990716 01/02/2020 1200 8       
99990716 02/02/2020 1200 6       
99990716 03/02/2020 1200 6.4     
99990716 04/02/2020 1200 7.2     
99990716 05/02/2020 1200 0       
99990716 06/02/2020 1200 0       
99990716 07/02/2020 1200 1.4     
99990716 08/02/2020 1200 6       
99990716 09/02/2020 1200 0.2     
99990716 10/02/2020 1200 80.8    
99990716 11/02/2020 1200 16.6    
99990716 12/02/2020 1200 0       
99990716 13/02/2020 1200 0       
99990716 14/02/2020 1200 0       
99990716 15/02/2020 1200 0       
99990716 16/02/2020 1200 0       
99990716 17/02/2020 1200 0       
99990716 18/02/2020 1200 11.8    
99990716 19/02/2020 1200 0       
99990716 20/02/2020 1200 11.6    
99990716 21/02/2020 1200 0       
99990716 22/02/2020 1200 28.4    
99990716 23/02/2020 1200 0       
99990716 24/02/2020 1200 0.2     
99990716 25/02/2020 1200 1       
99990716 26/02/2020 1200 64.2    
99990716 27/02/2020 1200 7.6     
