02253018 03/02/2020 1000 8.8     
02253018 04/02/2020 1000 0       
02253018 05/02/2020 1000 0       
02253018 06/02/2020 1000 4.5     
02253018 07/02/2020 1000 0       
02253018 08/02/2020 1000 4.8     
02253018 09/02/2020 1000 0       
02253018 10/02/2020 1000 3.3     
02253018 11/02/2020 1000 11.3    
02253018 12/02/2020 1000 0       
02253018 13/02/2020 1000 0       
02253018 14/02/2020 1000 0       
02253018 15/02/2020 1000 0       
02253018 16/02/2020 1000 0       
02253018 17/02/2020 1000 0       
02253018 18/02/2020 1000 0.8     
02253018 19/02/2020 1000 2.8     
02253018 20/02/2020 1000 0.3     
02253018 21/02/2020 1000 19.3    
02253018 22/02/2020 1000 0       
02253018 23/02/2020 1000 0       
02253018 24/02/2020 1000 0       
02253018 25/02/2020 1000 0       
02253018 26/02/2020 1000 65.3    
02253018 27/02/2020 1000 22      
02253018 28/02/2020 1000 0       
02253018 29/02/2020 1000 0       
02253018 01/03/2020 1000 0       
02253018 02/03/2020 1000 0       
02253018 03/03/2020 1000 0       
02253018 04/03/2020 1000 0       
02253018 05/03/2020 1000 0       
02253018 06/03/2020 1000 0       
02253018 07/03/2020 1000 0       
02253018 08/03/2020 1000 0.3     
02253018 09/03/2020 1000 0       
02253018 10/03/2020 1000 0       
02253018 11/03/2020 1000 0       
02253018 12/03/2020 1000 0       
02253018 13/03/2020 1000 0       
02253018 14/03/2020 1000 0       
02253018 15/03/2020 1000 0       
02253018 16/03/2020 1000 0       
02253018 17/03/2020 1000 0.5     
02253018 18/03/2020 1000 0       
02253018 19/03/2020 1000 0.5     
02253018 20/03/2020 1000 0.3     
02253018 21/03/2020 1000 0       
02253018 22/03/2020 1000 0       
02253018 23/03/2020 1000 0       
02253018 24/03/2020 1000 0       
02253018 25/03/2020 1000 0.023499468748049573