02254006 03/02/2020 1100 4       
02254006 04/02/2020 1100 0       
02254006 05/02/2020 1100 0       
02254006 06/02/2020 1100 22.8    
02254006 07/02/2020 1100 0       
02254006 08/02/2020 1100 0       
02254006 09/02/2020 1100 10.8    
02254006 10/02/2020 1100 0       
02254006 11/02/2020 1100 41.5    
02254006 12/02/2020 1100 0       
02254006 13/02/2020 1100 0       
02254006 14/02/2020 1100 0       
02254006 15/02/2020 1100 0       
02254006 16/02/2020 1100 0       
02254006 17/02/2020 1100 0       
02254006 18/02/2020 1100 0       
02254006 19/02/2020 1100 0       
02254006 20/02/2020 1100 4.3     
02254006 21/02/2020 1100 5.8     
02254006 22/02/2020 1100 0       
02254006 23/02/2020 1100 0       
02254006 24/02/2020 1100 0       
02254006 25/02/2020 1100 1.8     
02254006 26/02/2020 1100 32.3    
02254006 27/02/2020 1100 61.3    
02254006 28/02/2020 1100 0       
02254006 29/02/2020 1100 0       
02254006 01/03/2020 1100 0       
02254006 02/03/2020 1100 0       
02254006 03/03/2020 1100 0       
02254006 04/03/2020 1100 0       
02254006 05/03/2020 1100 0       
02254006 06/03/2020 1100 0       
02254006 07/03/2020 1100 0       
02254006 08/03/2020 1100 0       
02254006 09/03/2020 1100 0       
02254006 10/03/2020 1100 0       
02254006 11/03/2020 1100 0       
02254006 12/03/2020 1100 0       
02254006 13/03/2020 1100 0       
02254006 14/03/2020 1100 0       
02254006 15/03/2020 1100 0       
02254006 16/03/2020 1100 0       
02254006 17/03/2020 1100 0       
02254006 18/03/2020 1100 0       
02254006 19/03/2020 1100 8.8     
02254006 20/03/2020 1100 3.3     
02254006 21/03/2020 1100 0.3     
02254006 22/03/2020 1100 0       
02254006 23/03/2020 1100 0       
02254006 24/03/2020 1100 0       
02254006 25/03/2020 1100 0.0