02454044 03/02/2020 1100 25.3    
02454044 04/02/2020 1100 0.8     
02454044 05/02/2020 1100 0       
02454044 06/02/2020 1100 0       
02454044 07/02/2020 1100 0       
02454044 08/02/2020 1100 0.3     
02454044 09/02/2020 1100 0       
02454044 10/02/2020 1100 0.8     
02454044 11/02/2020 1100 0.3     
02454044 12/02/2020 1100 0       
02454044 13/02/2020 1100 0       
02454044 14/02/2020 1100 0       
02454044 15/02/2020 1100 0       
02454044 16/02/2020 1100 0       
02454044 17/02/2020 1100 28.5    
02454044 18/02/2020 1100 13.5    
02454044 19/02/2020 1100 1.3     
02454044 20/02/2020 1100 14      
02454044 21/02/2020 1100 0.3     
02454044 22/02/2020 1100 0       
02454044 23/02/2020 1100 0       
02454044 24/02/2020 1100 0       
02454044 25/02/2020 1100 0.8     
02454044 26/02/2020 1100 4.8     
02454044 27/02/2020 1100 1.8     
02454044 28/02/2020 1100 0       
02454044 29/02/2020 1100 0       
02454044 01/03/2020 1100 2       
02454044 02/03/2020 1100 0       
02454044 03/03/2020 1100 0.8     
02454044 04/03/2020 1100 0       
02454044 05/03/2020 1100 0       
02454044 06/03/2020 1100 0       
02454044 07/03/2020 1100 0       
02454044 08/03/2020 1100 24.5    
02454044 09/03/2020 1100 0.8     
02454044 10/03/2020 1100 0.3     
02454044 11/03/2020 1100 0       
02454044 12/03/2020 1100 0       
02454044 13/03/2020 1100 0       
02454044 14/03/2020 1100 0       
02454044 15/03/2020 1100 0       
02454044 16/03/2020 1100 0       
02454044 17/03/2020 1100 0       
02454044 18/03/2020 1100 0       
02454044 19/03/2020 1100 3.5     
02454044 20/03/2020 1100 88.8    
02454044 21/03/2020 1100 0.3     
02454044 22/03/2020 1100 0       
02454044 23/03/2020 1100 0       
02454044 24/03/2020 1100 0       
02454044 25/03/2020 1100 0.0