ONS-Operador Nacional Do Sistema Eletrico
Modelo Computacional SMAP
Versao: 2.0.4 Data: 14/05/2019

Iniciando execucao: 26-03-2020 14:09:49

Parametros
   Amplitude inicial: 0.5
   dm alvo: 0 (nao e necessario multiplicar por 100)
   Limite de iteracoes: 10000
   Particulas: 24
   Pulso inicial: 0.1
   Uso de pesos: on
   Gerar graficos: off
   Semente: 9952

Sub bacia: FOA
cef: 0.90994977
*dm: 0.15757366
ebin: 24.156
mape: 0.12930744
somacoef: 1.7806423
supin: 3.8239968
Iteracoes: 10000
Iteracao otima: 9994
Tempo: 4.865 s

Qcal
[32](0,27.979997,39.893726,100.47029,169.08581,142.14852,120.12701,102.10878,87.353321,75.262054,65.345619,57.201662,50.499798,44.978119,40.467639,36.707666,33.595742,31.014292,28.865995,27.071477,25.565994,24.296738,23.220634,22.302545,21.889527,43.879205,54.005617,47.252836,41.70736,37.14698,33.390463,30.289996)
Rsolo
[32](56.314696,61.157367,74.769388,88.374168,85.287546,82.097656,79.077521,76.679397,74.742278,72.900434,70.888568,68.706182,67.089914,65.713888,64.189013,62.208677,60.289044,58.428822,56.625828,54.878829,53.18538,51.553553,50.156206,49.54089,58.046963,63.951551,62.196622,60.265251,58.395559,56.608215,54.877759,53.173658)
Rsub
[32](29.691506,29.33878,28.990245,28.708903,28.634428,28.509477,28.336129,28.120609,27.874603,27.606169,27.31793,27.009238,26.688376,26.371327,26.058044,25.748482,25.442599,25.140349,24.841689,24.546578,24.254972,23.96683,23.682112,23.400776,23.122782,22.848091,22.576663,22.308459,22.043441,21.781572,21.522814,21.26713)
Rsup
[32](0.30276136,1.2687399,6.0872829,11.537974,9.4100371,7.6745532,6.2591429,5.1047753,4.1633066,3.3954729,2.7692492,2.2585193,1.8420133,1.5053225,1.2278097,1.001366,0.81668505,0.66606463,0.54322299,0.44303691,0.36132805,0.29468867,0.24033953,0.22576099,1.9846796,2.8041226,2.286961,1.865179,1.5211859,1.2406351,1.011826,0.8252159)
Peso chuva 
[32](0.5,0.5,0.54325334,0.95826827,1.4816199,0.5,0.68437749,1.895197,1.5016205,1.1576634,1.3830871,2,1.2124874,0.5,0.5,2,2,1.9660249,2,2,2,2,2,0.5,0.90908803,0.96814898,2,2,0.5,1.9961406,2,1)
Previsao PMEDIA_ORIG
[13] (0,0.1,1.1,3.6,1.2,1.6,1.2,2.7,6.1,5.2,5,10,3.15)


Sub bacia: JordSeg
cef: 0.97691259
*dm: 0.051641394
ebin: 22.265823
mape: 0.046193127
somacoef: 1.9307195
supin: 24.839377
Iteracoes: 10000
Iteracao otima: 9927
Tempo: 4.984 s

Qcal
[34](0,0,0,47.1052,123.08537,164.79841,111.79617,79.205596,63.972968,52.934796,41.548439,34.92787,31.066375,28.779942,27.375604,27.897201,28.706803,27.109103,26.047121,25.272997,24.647301,24.092156,23.563369,23.037582,22.503157,21.969748,44.785939,57.86555,45.127239,35.130032,29.171148,25.562437,23.319179,21.850077)
Rsolo
[34](0,0,44.867424,59.317335,71.771565,71.66065,70.860062,71.483761,71.251031,68.711928,66.512368,64.354106,62.188639,60.145073,59.537046,59.118795,57.495947,55.808483,54.175044,52.632966,51.149313,49.736974,48.39602,47.123158,45.978943,52.707684,58.919052,58.735394,57.133552,55.644127,54.33502,52.755966,51.255233,49.835046)
Rsub
[34](0,0,16.882715,16.497113,16.462269,16.93993,17.401451,17.815033,18.248249,18.660674,18.948266,19.134438,19.227917,19.235133,19.167025,19.078904,18.97817,18.824618,18.620011,18.369929,18.080628,17.756913,17.403557,17.024924,16.636074,16.256106,16.017207,15.979478,15.93628,15.840251,15.698642,15.52008,15.299367,15.042033)
Rsup
[34](0,0,1.0408959,4.2461614,5.996075,3.7486134,2.3573965,1.6962149,1.2097171,0.7097776,0.41644797,0.24434261,0.1433632,0.084115522,0.10973716,0.14853378,0.087149259,0.051133105,0.030001338,0.017602692,0.010328032,0.0060597683,0.0035554493,0.0020860896,0.0012239718,0.9783377,1.5396429,1.0079282,0.59138192,0.34698165,0.20358462,0.11944925,0.070084488,0.041120688)
Peso chuva 
[34](2,0.5625755,2,0.5,0.50755311,2,1.9802794,2,1.7760344,0.5,0.5,0.5,0.5,0.5,1.1577013,1.0661325,0.5,0.5,0.5,0.5,0.5,0.5,1.9526972,1.9534751,0.5,0.5,0.50857651,2,0.5,0.5503548,0.78604664,0.5,0.5,1)
Previsao PMEDIA_ORIG
[13] (0,0.2,1.2,3.3,0.6,0.3,1.3,4.3,7.5,7.2,7.1,12.5,3.7916667)


Sub bacia: SCaxias
cef: 0.98247148
*dm: 0.088729599
ebin: 58.915515
mape: 0.086980991
somacoef: 1.8954905
supin: 15.864184
Iteracoes: 10000
Iteracao otima: 9452
Tempo: 4.728 s

Qcal
[32](0,74.779699,103.55042,281.05293,347.63568,317.98073,254.21391,205.62128,168.50129,140.07509,118.22124,101.34308,88.213308,77.917697,82.559935,73.807753,66.259371,60.302976,55.558468,51.737661,48.622031,46.04585,43.883404,42.039309,71.554462,111.64457,120.52716,115.83004,95.606543,80.101305,68.175918,58.967539)
Rsolo
[32](72.128784,75.698531,88.231286,96.60536,99.490605,96.306568,93.299462,90.788135,88.441665,86.383403,84.257654,82.156615,80.172703,81.402713,80.308304,78.409817,76.396222,74.443713,72.765012,70.989612,69.180659,67.389375,65.772176,70.025953,75.891147,79.35161,81.213451,79.190104,77.22462,75.277758,73.360747,71.461228)
Rsub
[32](12.416708,12.13311,11.855989,11.660277,11.592614,11.57375,11.503307,11.38803,11.238597,11.059844,10.857765,10.633275,10.39041,10.153093,9.921196,9.6945956,9.4731707,9.2568032,9.0453775,8.8387808,8.6369028,8.4396356,8.2468741,8.0585152,7.8744585,7.6946056,7.5188606,7.3471295,7.1793209,7.015345,6.8551143,6.6985432)
Rsup
[32](0.3153709,0.91406676,4.4688544,5.8109419,5.2278009,3.9619322,3.0025832,2.2755325,1.7245312,1.3069502,0.99048306,0.75064579,0.56888313,0.68355313,0.53143847,0.40275505,0.30523125,0.23132203,0.17530932,0.13285962,0.10068876,0.076307812,0.057830508,0.6623418,1.4766713,1.6702168,1.5934178,1.2075849,0.91517821,0.69357539,0.52563185,0.39835445)
Peso chuva 
[32](0.5,2,0.61342823,0.99986176,2,0.5,0.5,0.5,0.5,0.5,0.5,1.0374828,0.5,1.2859314,0.91308541,0.5,0.5,0.5,0.5,0.5,0.5,2,1.2818158,2,0.5,0.71199334,1.8346767,0.5,1.7511678,1.1802632,2,1)
Previsao PMEDIA_ORIG
[13] (0,1.1,3.7,3.9,1,0.3,1.4,5.2,8.4,8.3,9.1,9.4,4.3166667)


Sub bacia: StaClara
cef: 0.98471671
*dm: 0.029809252
ebin: 18.468819
mape: 0.025593213
somacoef: 1.9591235
supin: 1.6672818
Iteracoes: 10000
Iteracao otima: 9213
Tempo: 5.699 s

Qcal
[34](0,0,0,20.136101,19.370638,19.525258,19.667272,18.771301,17.987962,17.295668,16.677249,16.11904,15.610156,15.141927,14.707435,14.301154,14.127528,13.724772,13.345235,12.987996,12.649732,12.327781,12.019997,11.724651,11.440344,11.165944,16.288132,26.633255,30.708839,26.966308,23.777409,20.910547,18.370975,16.314791)
Rsolo
[34](0,0,86.3343,84.996491,85.026522,85.214545,83.564936,81.889221,80.247108,78.743418,77.309491,75.865224,74.424091,73.014183,71.904921,71.541465,70.636476,69.346962,68.07688,66.830059,65.556808,64.307331,63.081667,61.879365,61.040664,66.661084,75.650961,82.13168,82.337201,82.265654,81.837704,80.299748,78.771658,77.270312)
Rsub
[34](0,0,17.859008,17.451107,17.052524,16.663043,16.282459,15.910567,15.547169,15.192071,14.845084,14.506022,14.174704,13.850953,13.534597,13.225466,12.923396,12.628225,12.339796,12.057955,11.782551,11.513437,11.25047,10.993509,10.742417,10.49706,10.257306,10.023029,9.7941029,9.5704053,9.3518169,9.1382211,8.9295039,8.7255537)
Rsup
[34](0,0,0.17849489,0.14170625,0.20238791,0.26071209,0.20692732,0.16423832,0.13035604,0.10346366,0.082119161,0.065178022,0.05173183,0.041059581,0.032589011,0.048225767,0.038550901,0.03059787,0.024285546,0.019275451,0.015298935,0.012142773,0.0096377253,0.0076494676,0.0060720817,0.5816046,1.7156706,2.1779296,1.802609,1.4859799,1.2032616,0.95502938,0.75800732,0.60163081)
Peso chuva 
[34](0.5,1.8308669,2,0.5,0.5,1.0097156,0.5,0.5,0.5,0.5,0.5,0.5,0.5,0.5,0.5,0.5,0.5,0.5,0.5,0.5,0.5,2,2,0.5,0.5,0.69388498,0.5,0.93745765,2,2,2,2,2,1)
Previsao PMEDIA_ORIG
[13] (0,0.2,2.1,2.4,2.5,0.8,0.8,3.1,8.2,7.3,5.9,9.7,3.5833333)


Sub bacia: UVitoria
cef: 0.96088422
*dm: 0.081127283
ebin: 40.984
mape: 0.071074551
somacoef: 1.8898097
supin: 64.010577
Iteracoes: 10000
Iteracao otima: 9477
Tempo: 7.335 s

Qcal
[34](0,0,0,104.99458,107.00316,214.72083,318.88272,377.41629,357.38863,336.25371,305.02808,277.15165,252.29852,230.13462,210.35835,192.70235,176.93313,162.83484,150.21666,138.91528,128.78633,119.70104,111.54284,104.21037,97.613349,92.628069,87.32106,104.66313,105.97066,106.5459,103.44383,100.29958,94.07566,88.474245)
Rsolo
[34](0,0,40.499692,41.954353,52.749557,62.431921,69.114951,70.041927,70.469018,68.658921,66.821107,65.066197,63.382894,61.750827,60.150728,58.278446,56.297918,54.378714,52.543656,50.78047,49.020921,47.338053,45.725922,44.223614,43.725272,42.87922,46.81865,48.138759,49.26249,49.347239,49.302836,47.793636,46.178563,44.605467)
Rsub
[34](0,0,12.523002,12.428817,12.346276,12.361741,12.492244,12.716293,12.951914,13.191404,13.400396,13.579776,13.732011,13.859263,13.963299,14.045552,14.103699,14.13777,14.149834,14.142075,14.116395,14.073924,14.016425,13.945481,13.862875,13.777233,13.68596,13.628363,13.583354,13.549402,13.516657,13.483869,13.437384,13.377092)
Rsup
[34](0,0,2.0938272,2.1696119,5.7019626,9.1075094,11.00821,10.329107,9.6125464,8.5654984,7.6312692,6.7991043,6.0578119,5.3972946,4.8086181,4.2839917,3.8166028,3.4002065,3.0292396,2.6987457,2.4043091,2.1419959,1.9083014,1.7001032,1.5458746,1.381447,1.9584883,2.0074242,2.0310592,1.933223,1.8338781,1.6337996,1.45555,1.2967476)
Peso chuva 
[34](0.86206054,0.5,2,1.7978047,0.9288445,1.4294162,1.2179441,0.5,0.5,0.93327982,1.1190713,1.5643958,1.7103756,1.7462051,2,2,2,2,2,2,2,2,2,2,2,2,1.9627391,2,2,2,2,2,0.62345529,1)
Previsao PMEDIA_ORIG
[13] (0.2,0.5,1.3,2.8,1.2,1.1,1.1,2.9,7.5,3.2,3.5,7.9,2.7666667)


Tempo de execucao em: 28 s

Finalizando execucao: 26-03-2020 14:10:17

