ONS-Operador Nacional Do Sistema Eletrico
Modelo Computacional SMAP
Versao: 3.0.0 Data: 23/09/2019

Iniciando execucao: 12-02-2020 13:56:14

Parametros
   Amplitude inicial: 0.5
   somacoef alvo: 2 (nao e necessario multiplicar por 100)
   Limite de iteracoes: 10000
   Particulas: 24
   Pulso inicial: 0.1
   Uso de pesos: on
   Gerar graficos: off
   Semente: 9952

Sub bacia: CORUMBA1
cef: 0.99826135
dm: 0.011917586
ebin: 122.56031
mape: 0.011790078
*somacoef: 1.9864713
supin: 170.18197
Iteracoes: 10000
Iteracao otima: 9680
Tempo: 8.618 s

Qcal
[33](0,0,292.74228,252.44029,222.42334,199.97459,183.08893,170.28553,197.04142,181.79148,172.62086,170.32324,223.92154,247.32874,250.26329,253.02404,307.45572,351.07082,492.01197,632.43863,601.86279,516.81155,437.57455,378.5974,334.56618,302.56291,278.79634,342.82122,490.59267,632.91965,658.22233,586.28442,522.48599)
Rsolo
[33](0,72.1601,67.757718,64.009722,60.816695,58.08427,55.810422,59.346122,57.571482,56.392192,55.804695,61.625629,65.200947,66.750471,68.025862,73.088613,77.246493,85.2013,92.09631,91.787746,86.786599,79.858325,73.961678,69.214887,66.013659,63.302962,68.948809,78.206537,86.323771,89.260667,86.151267,82.598706,76.066064)
Rsub
[33](0,59.395258,61.323308,62.652119,63.517876,64.023667,64.246988,64.253499,64.60057,64.769141,64.824695,64.8257,65.406708,66.387802,67.547547,68.856535,70.833039,73.405717,77.269517,82.387204,87.400181,91.42697,94.232902,96.11508,97.330346,98.133306,98.612392,99.77158,102.24334,106.0585,110.3817,114.09565,117.15849)
Rsup
[33](0,2.7344645,2.0229711,1.4966046,1.1071959,0.8191093,0.60598134,1.0356761,0.77913449,0.6261929,0.58743315,1.4486112,1.8054517,1.8200749,1.8259824,2.657184,3.2924544,5.4717821,7.600035,6.939066,5.4062642,3.9995825,2.958912,2.1890186,1.6345008,1.2259996,2.2388597,4.574801,6.7797419,7.0598088,5.7605802,4.6123362,3.4122304)
Peso chuva 
[33](0.5,2,0.5,0.5,0.5,0.5,0.5,1.7508451,0.5,0.5,0.53991997,1.5447763,0.98920075,0.67159005,0.5,0.5,0.56021221,1.0028864,1.7839331,1.8860057,1.8486821,0.5,0.5,0.53356445,0.5,0.5,0.76011261,0.87598982,0.93986735,1.1640022,1.2524888,1.9007648,1)
Previsao ETA40_LIMITES
[13] (14.789091,21.68,6.7081818,3.3509091,6.7763636,13.150909,19.544545,13.858182,7.6645455,5.4781818,11.300091,11.300091,11.300091)
Previsao PMEDIA_ORIG
[13] (12.3,12.2,4.5,2.9,3.2,7,6,12,14.3,16.9,10.8,9,9.2583333)
Previsao PRECMEDIA_ETA40.GEFS
[13] (10.79,13.75,5.06,3.06,3.68,5.6,9.76,13.04,13.14,14.03,9.191,9.191,9.191)
Previsao PRECZERADA_ETA40
[13] (0,0,0,0,0,0,0,0,0,0,0,0,0)


Sub bacia: CORUMBAIV
cef: 0.99587577
dm: 0.01577865
ebin: 60.792
mape: 0.01523012
*somacoef: 1.9806457
supin: 39.048318
Iteracoes: 10000
Iteracao otima: 9999
Tempo: 8.676 s

Qcal
[33](0,0,99.840318,92.589302,86.277693,80.953955,76.518393,73.286996,77.354231,90.785139,96.660389,102.4462,102.63538,103.001,190.22573,277.67991,335.86352,377.61404,361.30597,319.27526,281.64482,250.26308,225.71341,203.77448,185.05388,178.48293,181.11262,191.02943,251.34351,325.43871,335.55224,313.9648,283.68161)
Rsolo
[33](0,41.171,39.460202,38.156697,36.939425,35.779072,35.369246,38.726883,45.313826,47.438738,48.645122,47.320615,46.742324,60.680096,66.160737,65.762815,65.111232,59.021817,49.362582,44.557178,42.170193,41.442252,40.075069,38.793899,42.461672,47.135715,51.254007,60.365414,65.058389,60.582981,54.03346,47.083146,42.521352)
Rsub
[33](0,85.570343,85.500846,84.884098,84.133117,83.38878,82.651029,81.919804,81.195048,82.677502,85.025451,87.882359,90.133595,92.119973,101.42459,114.35016,126.87693,138.83239,146.69431,149.33128,149.91484,149.61689,149.07176,148.08432,146.77419,146.60634,148.25916,151.77878,160.35699,171.97919,180.51583,185.16732,186.45666)
Rsup
[33](0,2.6366502,2.1503754,1.7537838,1.4303352,1.1665399,0.98373732,1.2934454,2.2351042,2.5607034,2.8387452,2.7144719,2.6311672,8.4255343,13.884336,17.193009,19.411205,17.736531,14.521362,11.853954,9.7069797,8.0636106,6.6083834,5.391685,5.0108432,5.1964589,5.7867831,9.6905189,14.282131,14.407503,12.540353,10.272415,8.3778838)
Peso chuva 
[33](2,2,0.68963888,1.7259622,0.90603461,2,2,2,2,1.2206198,1.3145417,0.80271618,0.5,1.5204551,1.4716722,1.3000566,1.4581168,1.1446055,0.5,0.5,0.5,0.7045614,0.5,0.5,1.3279894,1.3476819,0.92850386,1.1318589,1.1456618,0.85336357,0.81531964,0.5,1)
Previsao ETA40_LIMITES
[13] (16.894,16.612,9.578,7.202,3.318,15.99,18.782,14.688,9.278,5.656,11.7998,11.7998,11.7998)
Previsao PMEDIA_ORIG
[13] (8.4,7.1,5.6,4,2,5.7,8.3,10.2,10.1,20.1,20.7,11.4,9.4666667)
Previsao PRECMEDIA_ETA40.GEFS
[13] (11.04,10.47,6.14,4.64,2.36,6.5,9.78,10.65,9.54,14.07,8.519,8.519,8.519)
Previsao PRECZERADA_ETA40
[13] (0,0,0,0,0,0,0,0,0,0,0,0,0)


Sub bacia: EMBORCACAO
cef: 0.98529293
dm: 0.031886365
ebin: 153.20193
mape: 0.02829209
*somacoef: 1.9570008
supin: 18.618913
Iteracoes: 10000
Iteracao otima: 9978
Tempo: 8.643 s

Qcal
[33](0,0,171.82085,167.45776,163.67372,160.36864,157.45996,154.87957,157.57036,154.90438,167.36714,193.16014,294.865,385.18092,466.04699,564.56952,837.80134,908.77945,800.60664,915.96157,949.44911,848.32141,747.85541,659.27278,584.05929,522.30551,478.97055,451.34072,484.98978,510.42069,581.13072,590.26392,571.2531)
Rsolo
[33](0,49.8432,47.984438,46.137918,44.50952,43.000665,41.579241,41.386498,40.380965,42.212511,46.297287,56.564577,65.309653,69.057399,71.500323,77.621599,74.372179,63.234921,72.181662,72.400782,64.037737,58.96732,55.372225,53.279628,52.106779,52.07359,53.56179,60.545995,64.038184,68.199702,66.688205,63.992195,57.207781)
Rsub
[33](0,99.934008,99.215055,98.501274,97.792629,97.089081,96.390595,95.697134,95.008662,94.325144,93.646542,92.972823,93.098637,97.286367,103.5081,111.13487,122.70121,131.99955,134.84806,142.66841,150.56861,153.6864,154.38658,153.59835,152.49333,151.39625,150.30706,149.22571,150.66569,153.78301,159.1088,163.55836,166.55961)
Rsup
[33](0,0.49889232,0.41151662,0.33944384,0.27999385,0.23095589,0.19050641,0.2910916,0.24793762,0.60995344,1.32895,4.0817986,6.4966383,8.4914172,10.875748,17.883685,19.310422,16.029988,19.003904,19.579961,16.545732,13.725682,11.323356,9.3403949,7.7310988,6.6150071,5.9194092,6.8654522,7.4877208,9.2543389,9.2802924,8.5881225,7.0840038)
Peso chuva 
[33](0.5,0.5,0.5,0.5,0.5,0.5,0.5,2,0.7585378,1.7285059,2,0.84665267,0.55689155,0.5,0.53038641,1.1322561,1.5791749,0.5,0.8162448,0.74229599,0.5,0.5,0.5,0.64038236,0.5,0.5,0.5,0.74333335,0.83728231,1.7364595,2,2,1)
Previsao ETA40_LIMITES
[13] (19.749,12.877,0.714,2.256,5.274,8.784,20.475,18.791,12.657,9.429,11.1006,11.1006,11.1006)
Previsao PMEDIA_ORIG
[13] (16.8,9.5,1.3,2.1,2.4,3.8,8.9,5.1,9.2,9.4,6,7.2,6.8083333)
Previsao PRECMEDIA_ETA40.GEFS
[13] (15.42,8.32,1.45,2.07,3.08,4.32,13.07,9.85,9.06,9.39,7.603,7.603,7.603)
Previsao PRECZERADA_ETA40
[13] (0,0,0,0,0,0,0,0,0,0,0,0,0)


Sub bacia: ITUMBIARA
cef: 0.99427939
dm: 0.014993941
ebin: 94.252346
mape: 0.013859758
*somacoef: 1.9804196
supin: 118.59466
Iteracoes: 10000
Iteracao otima: 9989
Tempo: 9.397 s

Qcal
[33](0,0,212.84701,194.85011,178.69526,164.90538,153.10758,142.99336,162.30275,200.99849,231.60163,245.87751,265.96437,324.79633,442.50253,600.437,768.37318,751.56688,653.59727,722.41834,818.95887,908.602,793.47438,692.42089,625.92491,566.59434,542.19223,569.74434,659.93792,750.45295,771.3044,685.81686,610.40538)
Rsolo
[33](0,51.272,48.687538,45.809432,43.334574,41.26959,39.800478,42.561325,47.415165,51.210951,53.114208,55.367057,60.190554,67.117085,73.9062,79.105874,76.464497,66.860139,71.634987,76.05582,78.961418,70.114844,62.217317,59.17626,56.398162,57.101076,61.154265,67.359965,72.072129,72.771395,65.783775,60.16216,54.590984)
Rsub
[33](0,67.777879,68.736069,69.31367,69.508654,69.408768,69.087266,68.71988,68.538551,68.944393,69.887132,71.121785,72.724335,75.203938,79.141914,84.729998,91.721291,97.930902,101.68922,106.57318,112.59168,119.39321,123.80615,126.42032,128.41867,129.89623,131.49144,133.84917,137.53116,142.335,147.29197,150.54502,152.60525)
Rsup
[33](0,2.6546476,2.221975,1.8423821,1.5276373,1.2666622,1.0502709,1.4939321,2.3657499,3.038144,3.3283531,3.7395498,5.0065731,7.564149,10.976807,14.561982,13.968164,11.581901,13.005419,15.014376,16.833625,14.044869,11.645502,10.075669,8.6853977,8.0931827,8.66026,10.605781,12.517277,12.834488,10.766619,8.9773325,7.4436827)
Peso chuva 
[33](0.5,2,0.5,0.5,0.5,0.5,1.0078571,0.8541253,0.61499046,1.4561737,1.7610986,1.6781854,0.62186896,0.67509761,0.88594566,0.63497017,2,0.64356635,2,0.63508008,2,2,0.50763201,1.7778657,1.5147326,1.721627,1.7197838,0.78310425,0.74392288,0.93648989,0.5,0.5,1)
Previsao ETA40_LIMITES
[13] (18.186667,10.896667,0.88916667,3.28,5.56,12.8825,22.453333,19.03,12.83,10.993333,11.700167,11.700167,11.700167)
Previsao PMEDIA_ORIG
[13] (17.6,9.3,2.5,3.9,4.5,6,7.4,11.4,8.2,8.1,5.3,7,7.6)
Previsao PRECMEDIA_ETA40.GEFS
[13] (12.58,8.23,2.55,3.8,4.33,6.95,11.57,12.5,10.16,9.11,8.178,8.178,8.178)
Previsao PRECZERADA_ETA40
[13] (0,0,0,0,0,0,0,0,0,0,0,0,0)


Sub bacia: NOVAPONTE
cef: 0.9894871
dm: 0.021453776
ebin: 210.58342
mape: 0.018701427
*somacoef: 1.9707857
supin: 34.644402
Iteracoes: 10000
Iteracao otima: 9955
Tempo: 8.337 s

Qcal
[33](0,0,245.22782,236.44946,227.99691,221.27833,215.91727,253.95088,298.44769,356.70825,401.08723,370.07779,337.53039,334.39609,373.65107,511.80888,732.26521,787.23073,735.67611,683.53606,643.53644,577.41336,505.32949,468.68004,466.79617,456.05047,539.26637,597.80472,709.22934,777.20132,726.82624,649.14054,602.15343)
Rsolo
[33](0,43.0483,41.938463,40.722561,39.473684,38.145702,43.455751,49.416655,54.489991,56.786351,51.285747,47.36814,48.561776,53.068636,61.021985,67.710812,65.582949,60.574493,58.0641,56.967037,52.898875,47.316349,47.41614,50.411682,50.926117,57.647924,60.144794,63.893567,64.246379,58.876014,53.016114,51.947812,46.287664)
Rsub
[33](0,158.28577,157.52799,156.43022,155.26864,154.1157,152.97131,152.38433,153.99619,157.86656,162.85762,165.1851,165.8901,167.05555,170.1555,177.3745,188.728,198.59505,205.34566,210.6566,215.34933,218.01219,218.30518,218.63406,220.1701,221.91544,226.88175,233.17804,241.6482,250.27488,255.69168,258.10913,260.02241)
Rsup
[33](0,0.74315138,0.57647406,0.42648824,0.31551823,0.23342203,1.0819334,2.0531786,3.2569166,4.0984296,3.2908152,2.5262241,2.4388715,3.2476638,6.1227974,10.645753,11.5008,10.113323,8.802225,7.7926351,6.2403176,4.6180655,3.8235427,3.7737463,3.4994065,5.2346479,6.348615,8.5590817,9.7754142,8.4486368,6.627628,5.5507254,4.1064556)
Peso chuva 
[33](1.0202868,0.58004806,2,1.817834,1.9544249,1.9774181,1.044113,0.54017898,0.73811679,0.93663529,0.5060148,0.5,0.73419283,0.5,0.5,1.2512413,1.8239138,1.8867493,0.97635287,1.7413053,1.8973758,0.99075487,0.5,1.4599972,0.97779729,1.6370884,2,1.9273725,2,2,2,1.5405622,1)
Previsao ETA40_LIMITES
[13] (26.471429,5.8457143,1.8714286,7.4128571,4.0928571,5.1271429,14.868571,10.558571,14.444286,12.31,10.300286,10.300286,10.300286)
Previsao PMEDIA_ORIG
[13] (23.8,5.2,2.2,3.9,3.5,4.5,8.7,6.5,6.3,6.4,4.1,7.4,6.875)
Previsao PRECMEDIA_ETA40.GEFS
[13] (21.4,5.14,2.09,4.74,3.68,4.51,11.6,7.93,7.73,7.8,7.662,7.662,7.662)
Previsao PRECZERADA_ETA40
[13] (0,0,0,0,0,0,0,0,0,0,0,0,0)


Sub bacia: RVerde
cef: 0.99836665
dm: 0.014705903
ebin: 160.24225
mape: 0.014614916
*somacoef: 1.9837517
supin: 255.5305
Iteracoes: 10000
Iteracao otima: 9955
Tempo: 8.232 s

Qcal
[32](0,415.77276,380.75268,350.83568,325.26225,303.36246,284.58416,268.79455,272.61975,268.30522,273.49579,322.53575,398.82184,493.0255,534.6485,544.84173,533.36455,544.76266,498.21509,500.16725,496.46791,516.05098,474.47423,438.87803,419.4994,413.01498,494.89562,629.88777,820.57039,940.62553,953.70506,916.07858)
Rsolo
[32](94.863515,90.020046,85.711956,81.722486,78.125953,75.21756,72.819515,73.377871,72.574281,73.319376,78.514011,85.382657,92.851652,97.225809,99.393371,99.700446,101.49632,97.398262,98.336864,98.650843,100.60216,94.907657,89.977879,87.917032,87.166,93.024034,100.81397,109.59997,115.34935,116.91156,115.87383,108.37558)
Rsub
[32](64.42504,65.975061,67.198911,68.15299,68.874677,69.401162,69.779435,70.042111,70.328728,70.5763,70.856436,71.388859,72.294191,73.655023,75.302057,77.090985,78.889422,80.806378,82.415055,84.078458,85.752429,87.5553,88.945277,90.00459,90.929337,91.802278,93.03692,94.803946,97.239911,100.14541,103.16825,106.07797)
Rsup
[32](4.7594066,4.0353295,3.4214106,2.9008908,2.4595609,2.0854136,1.7737987,1.8328763,1.7392375,1.8244457,2.7248662,4.1210742,5.8337319,6.5459419,6.6594949,6.3628503,6.491831,5.5360486,5.4978839,5.3519212,5.6391178,4.781205,4.0538115,3.6437986,3.4801817,4.9648165,7.4219281,10.891644,13.014891,13.123903,12.283049,10.414355)
Peso chuva 
[32](0.5,1.01468,1.933975,1.5392472,2,0.63964961,0.58012768,1.7431288,2,0.8350446,0.9050391,0.95123391,1.3912118,1.0486586,0.64016425,0.67918696,1.3788945,2,2,1.5434052,2,1.2459816,1.9925179,2,2,1.9017989,1.196073,0.72098844,0.6086936,0.65865118,1.564408,1)
Previsao ETA40_LIMITES
[13] (13.09125,12.945625,2.183125,2.714375,5.720625,8.124375,19.569375,22.999375,13.638125,10.484375,11.147063,11.147063,11.147063)
Previsao PMEDIA_ORIG
[13] (14.8,12.2,3.1,4.2,4.2,5,4.9,6.2,9.8,11.2,9.6,7.6,7.7333333)
Previsao PRECMEDIA_ETA40.GEFS
[13] (8.38,9.2,2.86,3.39,3.88,4.72,9.66,11.61,11.36,12.25,7.731,7.731,7.731)
Previsao PRECZERADA_ETA40
[13] (0,0,0,0,0,0,0,0,0,0,0,0,0)


Sub bacia: SDOFACAO
cef: 0.99262087
dm: 0.028251182
ebin: 49.2
mape: 0.027270454
*somacoef: 1.9653504
supin: 114.1904
Iteracoes: 10000
Iteracao otima: 9682
Tempo: 8.428 s

Qcal
[33](0,0,163.3904,144.7876,129.50286,116.91389,106.5186,97.903032,90.774244,84.84478,80.014086,78.974998,88.219455,99.43285,123.04788,149.96993,201.57375,281.25911,339.34909,446.60956,600.26017,601.84829,517.19038,443.80487,385.24864,361.87223,319.44223,348.69,433.74104,429.46787,393.36329,350.49187,313.40491)
Rsolo
[33](0,108.7758,103.23162,98.39879,94.235353,90.616175,87.916212,85.539623,83.31803,81.79564,81.987276,85.729175,89.813537,95.894667,101.96099,109.96751,118.85277,124.80153,131.91566,138.73055,138.35095,130.18414,120.73782,114.91251,115.45677,110.53028,116.29071,124.54611,125.50862,122.35073,116.57658,110.63155,104.55652)
Rsub
[33](0,45.738669,48.556234,50.648245,52.158029,53.203925,53.875328,54.284311,54.475213,54.473514,54.346336,54.235827,54.443873,55.026747,56.223308,58.095824,60.963637,65.069897,70.069001,76.222273,83.558305,90.759086,96.43133,100.51486,103.69702,106.92957,109.44643,112.74963,117.29098,121.94871,126.06028,129.26009,131.59554)
Rsup
[33](0,4.894897,3.9675494,3.2158896,2.6066332,2.1128016,1.7125273,1.3880857,1.1251102,0.91811559,0.87943812,1.2808075,1.751889,2.7372967,3.8361668,5.9618791,9.2454449,11.546196,15.913525,22.216199,21.946011,17.985028,14.57773,11.879361,10.730576,8.7627149,9.9004002,13.393896,13.00132,11.238889,9.211574,7.4742577,6.0582453)
Peso chuva 
[33](2,1.5891768,0.5,0.5,0.5,1.9226647,0.5,0.5,0.51596481,0.5,0.5,0.5,0.5,0.56397971,0.71625235,0.5,0.9845836,0.7798743,0.92405977,2,2,2,0.5,2,2,0.58433541,0.736014,0.75385057,0.55490801,0.5,0.5,0.5,1)
Previsao ETA40_LIMITES
[13] (10.2,23.225,6.5525,2.565,3.5875,9.48,16.075,12.6675,6.995,3.125,9.44725,9.44725,9.44725)
Previsao PMEDIA_ORIG
[13] (11.2,13.1,5.1,1.9,2.5,3.2,4.6,14.5,21.6,21.5,7.3,8,9.5416667)
Previsao PRECMEDIA_ETA40.GEFS
[13] (8.18,14.17,4.8,2.21,2.09,3.99,7.89,14.39,16.64,14.38,8.874,8.874,8.874)
Previsao PRECZERADA_ETA40
[13] (0,0,0,0,0,0,0,0,0,0,0,0,0)


Sub bacia: SSIMAO2
cef: 0.99858355
dm: 0.0089500973
ebin: 204.91421
mape: 0.0088373021
*somacoef: 1.9897462
supin: 459.02042
Iteracoes: 10000
Iteracao otima: 9848
Tempo: 8.937 s

Qcal
[34](0,0,0,663.93463,600.28621,543.55425,492.37928,448.69755,412.68697,514.89678,509.75934,513.07361,525.00176,544.22426,619.75543,862.6921,1127.6452,1103.7765,1010.8818,922.3169,896.56654,826.8162,776.6348,713.80421,658.5964,621.53995,648.66393,628.72054,689.57789,1026.021,1153.9082,1193.1976,1215.8587,1159.2302)
Rsolo
[34](0,0,46.185615,44.665053,43.509445,42.058372,40.541252,39.663818,47.760563,48.679441,49.752804,50.939087,52.103876,55.720549,63.100294,68.121323,59.423478,52.815196,49.172352,51.233633,48.381976,47.675004,45.682237,44.192037,43.821999,48.039536,47.298349,51.913492,62.993812,63.275607,61.038475,59.805238,55.597552,48.748517)
Rsub
[34](0,0,90.753412,91.160425,91.073425,90.689315,90.306825,89.925948,89.546677,90.502158,91.786367,93.468544,95.607853,98.212754,102.39908,110.37421,121.33302,127.23832,130.00883,131.30969,133.40766,134.40192,135.13782,135.19115,134.77178,134.24158,135.10836,135.70867,138.0656,145.83006,153.72153,160.34143,166.28019,170.12233)
Rsup
[34](0,0,5.759217,4.9491054,4.239768,3.6085698,3.0713417,2.6303158,3.9234619,3.8319354,3.8371375,3.9391417,4.1197159,4.9935912,7.9230611,11.685767,10.112666,8.7998559,7.6288386,7.2863234,6.3680029,5.7253883,4.9303708,4.2493839,3.8086451,4.1754772,3.9114211,4.6679824,8.8318173,10.225133,10.502653,10.60702,9.7353486,8.2859924)
Peso chuva 
[34](0.5,2,0.5,2,1.9856856,0.88504396,0.796031,0.5,1.7999428,2,1.4307368,1.5286839,0.96598344,1.3291104,1.1242288,1.0362981,1.0192307,0.5,0.5,1.3424555,0.96434762,1.4997451,1.9977278,2,2,1.2901929,1.9998923,0.87005764,0.80101986,0.78897912,1.6013941,2,0.95687697,1)
Previsao ETA40_LIMITES
[13] (18.9052,8.5072,1.1432,3.3324,4.3488,9.7488,21.8052,23.8648,16.2984,13.044,12.0998,12.0998,12.0998)
Previsao PMEDIA_ORIG
[13] (12.8,7,3.3,3.5,3.7,4.5,6.9,9.2,8,9.3,7.1,6.8,6.8416667)
Previsao PRECMEDIA_ETA40.GEFS
[13] (13.02,7.48,2.94,3.97,4.06,5.97,11.21,13.8,10.64,11.81,8.49,8.49,8.49)
Previsao PRECZERADA_ETA40
[13] (0,0,0,0,0,0,0,0,0,0,0,0,0)


Tempo de execucao em: 71 s

Finalizando execucao: 12-02-2020 13:57:25

