00083334 29/12/2019 1200 0       
00083334 30/12/2019 1200 0       
00083334 31/12/2019 1200 0       
00083334 01/01/2020 1200 0       
00083334 02/01/2020 1200 0       
00083334 03/01/2020 1200 22      
00083334 04/01/2020 1200 3       
00083334 05/01/2020 1200 20      
00083334 06/01/2020 1200 5       
00083334 07/01/2020 1200 32      
00083334 08/01/2020 1200 0       
00083334 09/01/2020 1200 3       
00083334 10/01/2020 1200 0.6     
00083334 11/01/2020 1200 0       
00083334 12/01/2020 1200 0       
00083334 13/01/2020 1200 0       
00083334 14/01/2020 1200 0       
00083334 15/01/2020 1200 0       
00083334 16/01/2020 1200 0       
00083334 17/01/2020 1200 0       
00083334 18/01/2020 1200 0       
00083334 19/01/2020 1200 0       
00083334 20/01/2020 1200 0       
00083334 21/01/2020 1200 0       
00083334 22/01/2020 1200 44.2    
00083334 23/01/2020 1200 5       
00083334 24/01/2020 1200 16      
00083334 25/01/2020 1200 5       
00083334 26/01/2020 1200 7       
00083334 27/01/2020 1200 10      
00083334 28/01/2020 1200 0.4     
00083334 29/01/2020 1200 3       
00083334 30/01/2020 1200 1       
00083334 31/01/2020 1200 3       
00083334 01/02/2020 1200 0       
00083334 02/02/2020 1200 0       
00083334 03/02/2020 1200 0       
00083334 04/02/2020 0000 -       
00083334 05/02/2020 1200 53      
00083334 06/02/2020 1200 26      
00083334 07/02/2020 1200 39      
00083334 08/02/2020 1200 10      
00083334 09/02/2020 1200 7       
00083334 10/02/2020 1200 0       
00083334 11/02/2020 1200 10      
00083334 12/02/2020 1200 4       
