01547045 29/12/2019 1000 0       
01547045 30/12/2019 1000 0       
01547045 31/12/2019 1000 0       
01547045 01/01/2020 1000 0       
01547045 02/01/2020 1000 0       
01547045 03/01/2020 1000 60      
01547045 04/01/2020 1000 10      
01547045 05/01/2020 1000 50      
01547045 06/01/2020 1000 15      
01547045 07/01/2020 1000 0       
01547045 08/01/2020 1000 20      
01547045 09/01/2020 1000 7       
01547045 10/01/2020 1000 15      
01547045 11/01/2020 1000 1       
01547045 12/01/2020 1000 0       
01547045 13/01/2020 1000 0       
01547045 14/01/2020 1000 0       
01547045 15/01/2020 1000 0       
01547045 16/01/2020 1000 0       
01547045 17/01/2020 1000 0       
01547045 18/01/2020 1000 0       
01547045 19/01/2020 1000 0       
01547045 20/01/2020 1000 0       
01547045 21/01/2020 1000 20      
01547045 22/01/2020 1000 10      
01547045 23/01/2020 1000 5       
01547045 24/01/2020 1000 15      
01547045 25/01/2020 1000 15      
01547045 26/01/2020 1000 70      
01547045 27/01/2020 1000 22      
01547045 28/01/2020 1000 2       
01547045 29/01/2020 1000 0       
01547045 30/01/2020 1000 0       
01547045 31/01/2020 1000 0       
01547045 01/02/2020 1000 0       
01547045 02/02/2020 1000 0       
01547045 03/02/2020 1000 0       
01547045 04/02/2020 1000 30      
01547045 05/02/2020 1000 0       
01547045 06/02/2020 1000 50      
01547045 07/02/2020 1000 15      
01547045 08/02/2020 1000 20      
01547045 09/02/2020 1000 5       
01547045 10/02/2020 1000 2       
01547045 11/02/2020 1000 28      
01547045 12/02/2020 1000 3       
