01646012 29/12/2019 1000 0       
01646012 30/12/2019 1000 0       
01646012 31/12/2019 0000 -       
01646012 01/01/2020 1000 2       
01646012 02/01/2020 1000 2       
01646012 03/01/2020 1000 0       
01646012 04/01/2020 1000 30      
01646012 05/01/2020 1000 19      
01646012 06/01/2020 1000 3       
01646012 07/01/2020 1000 0       
01646012 08/01/2020 1000 1       
01646012 09/01/2020 1000 0       
01646012 10/01/2020 1000 5       
01646012 11/01/2020 1000 0       
01646012 12/01/2020 1000 0       
01646012 13/01/2020 1000 0       
01646012 14/01/2020 1000 0       
01646012 15/01/2020 1000 0       
01646012 16/01/2020 1000 0       
01646012 17/01/2020 1000 0       
01646012 18/01/2020 1000 0       
01646012 19/01/2020 1000 0       
01646012 20/01/2020 1000 0       
01646012 21/01/2020 1000 10      
01646012 22/01/2020 1000 90      
01646012 23/01/2020 1000 50      
01646012 24/01/2020 1000 25      
01646012 25/01/2020 1000 15      
01646012 26/01/2020 1000 50      
01646012 27/01/2020 1000 5       
01646012 28/01/2020 1000 10      
01646012 29/01/2020 1000 2       
01646012 30/01/2020 1000 7       
01646012 31/01/2020 1000 0       
01646012 01/02/2020 1000 0       
01646012 02/02/2020 1000 0       
01646012 03/02/2020 1000 0       
01646012 04/02/2020 1000 2       
01646012 05/02/2020 1000 0       
01646012 06/02/2020 1000 0       
01646012 07/02/2020 1000 45      
01646012 08/02/2020 1000 13      
01646012 09/02/2020 1000 12      
01646012 10/02/2020 1000 0       
01646012 11/02/2020 1000 0       
01646012 12/02/2020 1000 50      
