01844025 29/12/2019 1000 0       
01844025 30/12/2019 1000 0       
01844025 31/12/2019 1000 0       
01844025 01/01/2020 1000 0       
01844025 02/01/2020 1000 3       
01844025 03/01/2020 1000 0       
01844025 04/01/2020 1000 23      
01844025 05/01/2020 1000 0       
01844025 06/01/2020 1000 1       
01844025 07/01/2020 1000 0       
01844025 08/01/2020 1000 0       
01844025 09/01/2020 1000 0       
01844025 10/01/2020 1000 0       
01844025 11/01/2020 1000 0       
01844025 12/01/2020 1000 0       
01844025 13/01/2020 1000 0       
01844025 14/01/2020 1000 2       
01844025 15/01/2020 1000 0       
01844025 16/01/2020 1000 0       
01844025 17/01/2020 1000 26      
01844025 18/01/2020 1000 0       
01844025 19/01/2020 1000 0       
01844025 20/01/2020 1000 0       
01844025 21/01/2020 1000 19      
01844025 22/01/2020 1000 13      
01844025 23/01/2020 1000 59      
01844025 24/01/2020 1000 34      
01844025 25/01/2020 1000 63      
01844025 26/01/2020 1000 30      
01844025 27/01/2020 1000 0       
01844025 28/01/2020 1000 5       
01844025 29/01/2020 1000 0       
01844025 30/01/2020 1000 0       
01844025 31/01/2020 1000 0       
01844025 01/02/2020 1000 0       
01844025 02/02/2020 1000 0       
01844025 03/02/2020 1000 0       
01844025 04/02/2020 1000 0       
01844025 05/02/2020 1000 3       
01844025 06/02/2020 1000 13      
01844025 07/02/2020 1000 21      
01844025 08/02/2020 1000 14      
01844025 09/02/2020 1000 0       
01844025 10/02/2020 1000 0       
01844025 11/02/2020 1000 0       
01844025 12/02/2020 1000 1       
