01945045 29/12/2019 1000 0       
01945045 30/12/2019 1000 0       
01945045 31/12/2019 1000 0       
01945045 01/01/2020 1000 0       
01945045 02/01/2020 1000 5       
01945045 03/01/2020 1000 1       
01945045 04/01/2020 1000 64      
01945045 05/01/2020 1000 2       
01945045 06/01/2020 1000 0       
01945045 07/01/2020 1000 1       
01945045 08/01/2020 1000 0       
01945045 09/01/2020 1000 0       
01945045 10/01/2020 1000 0       
01945045 11/01/2020 1000 0       
01945045 12/01/2020 1000 0       
01945045 13/01/2020 1000 0       
01945045 14/01/2020 1000 0       
01945045 15/01/2020 1000 0       
01945045 16/01/2020 1000 0       
01945045 17/01/2020 1000 30      
01945045 18/01/2020 1000 2       
01945045 19/01/2020 1000 0       
01945045 20/01/2020 1000 15      
01945045 21/01/2020 1000 10      
01945045 22/01/2020 1000 24      
01945045 23/01/2020 1000 24      
01945045 24/01/2020 1000 24      
01945045 25/01/2020 1000 60      
01945045 26/01/2020 1000 4       
01945045 27/01/2020 1000 0       
01945045 28/01/2020 1000 0       
01945045 29/01/2020 1000 0       
01945045 30/01/2020 1000 0       
01945045 31/01/2020 1000 0       
01945045 01/02/2020 1000 0       
01945045 02/02/2020 1000 0       
01945045 03/02/2020 1000 0       
01945045 04/02/2020 1000 0       
01945045 05/02/2020 1000 0       
01945045 06/02/2020 1000 13      
01945045 07/02/2020 1000 15      
01945045 08/02/2020 1000 8       
01945045 09/02/2020 1000 7       
01945045 10/02/2020 1000 0       
01945045 11/02/2020 1000 1       
01945045 12/02/2020 1000 33      
