02046015 29/12/2019 1000 10      
02046015 30/12/2019 1000 0       
02046015 31/12/2019 1000 0       
02046015 01/01/2020 1000 0       
02046015 02/01/2020 1000 0       
02046015 03/01/2020 1000 23      
02046015 04/01/2020 1000 41      
02046015 05/01/2020 1000 30      
02046015 06/01/2020 1000 1       
02046015 07/01/2020 1000 0       
02046015 08/01/2020 1000 7       
02046015 09/01/2020 1000 30      
02046015 10/01/2020 1000 10      
02046015 11/01/2020 1000 0       
02046015 12/01/2020 1000 6       
02046015 13/01/2020 1000 1       
02046015 14/01/2020 1000 0       
02046015 15/01/2020 1000 0       
02046015 16/01/2020 1000 19      
02046015 17/01/2020 1000 1       
02046015 18/01/2020 1000 3       
02046015 19/01/2020 1000 2       
02046015 20/01/2020 1000 21      
02046015 21/01/2020 1000 25      
02046015 22/01/2020 1000 27      
02046015 23/01/2020 1000 13      
02046015 24/01/2020 1000 68      
02046015 25/01/2020 1000 16      
02046015 26/01/2020 1000 0       
02046015 27/01/2020 1000 0       
02046015 28/01/2020 1000 1       
02046015 29/01/2020 1000 11      
02046015 30/01/2020 1000 0       
02046015 31/01/2020 1000 0       
02046015 01/02/2020 1000 0       
02046015 02/02/2020 1000 22      
02046015 03/02/2020 1000 8       
02046015 04/02/2020 1000 50      
02046015 05/02/2020 1000 9       
02046015 06/02/2020 1000 18      
02046015 07/02/2020 1000 41      
02046015 08/02/2020 1000 5       
02046015 09/02/2020 1000 2       
02046015 10/02/2020 1000 1       
02046015 11/02/2020 1000 10      
02046015 12/02/2020 1000 11      
