02043065 29/12/2019 1000 0       
02043065 30/12/2019 1000 0       
02043065 31/12/2019 1000 0       
02043065 01/01/2020 1000 47      
02043065 02/01/2020 1000 13      
02043065 03/01/2020 1000 19      
02043065 04/01/2020 1000 6       
02043065 05/01/2020 1000 37      
02043065 06/01/2020 1000 29      
02043065 07/01/2020 1000 0       
02043065 08/01/2020 1000 2       
02043065 09/01/2020 1000 0       
02043065 10/01/2020 1000 0       
02043065 11/01/2020 1000 6       
02043065 12/01/2020 1000 0       
02043065 13/01/2020 1000 0       
02043065 14/01/2020 1000 1       
02043065 15/01/2020 1000 1       
02043065 16/01/2020 1000 2       
02043065 17/01/2020 1000 40      
02043065 18/01/2020 1000 4       
02043065 19/01/2020 1000 0       
02043065 20/01/2020 1000 2       
02043065 21/01/2020 1000 16      
02043065 22/01/2020 1000 0       
02043065 23/01/2020 1000 24      
02043065 24/01/2020 1000 75      
02043065 25/01/2020 1000 104     
02043065 26/01/2020 1000 1       
02043065 27/01/2020 1000 0       
02043065 28/01/2020 1000 0       
02043065 29/01/2020 1000 20      
02043065 30/01/2020 1000 15      
02043065 31/01/2020 1000 0       
02043065 01/02/2020 1000 0       
02043065 02/02/2020 1000 0       
02043065 03/02/2020 1000 15      
02043065 04/02/2020 1000 0       
02043065 05/02/2020 1000 0       
02043065 06/02/2020 1000 7       
02043065 07/02/2020 1000 23      
02043065 08/02/2020 1000 0       
02043065 09/02/2020 1000 0       
02043065 10/02/2020 1000 9       
02043065 11/02/2020 1000 17      
02043065 12/02/2020 1000 30      
