02044060 29/12/2019 1000 0       
02044060 30/12/2019 1000 0       
02044060 31/12/2019 1000 0       
02044060 01/01/2020 1000 0       
02044060 02/01/2020 1000 0       
02044060 03/01/2020 1000 6       
02044060 04/01/2020 1000 17      
02044060 05/01/2020 1000 6       
02044060 06/01/2020 1000 0       
02044060 07/01/2020 1000 11      
02044060 08/01/2020 1000 1       
02044060 09/01/2020 1000 12      
02044060 10/01/2020 1000 0       
02044060 11/01/2020 1000 0       
02044060 12/01/2020 1000 0       
02044060 13/01/2020 1000 0       
02044060 14/01/2020 1000 0       
02044060 15/01/2020 1000 0       
02044060 16/01/2020 1000 0       
02044060 17/01/2020 1000 25      
02044060 18/01/2020 1000 0       
02044060 19/01/2020 1000 6       
02044060 20/01/2020 1000 8       
02044060 21/01/2020 1000 16      
02044060 22/01/2020 1000 0       
02044060 23/01/2020 1000 1       
02044060 24/01/2020 1000 86      
02044060 25/01/2020 1000 58      
02044060 26/01/2020 1000 0       
02044060 27/01/2020 1000 0       
02044060 28/01/2020 1000 0       
02044060 29/01/2020 1000 28      
02044060 30/01/2020 1000 0       
02044060 31/01/2020 1000 5       
02044060 01/02/2020 1000 0       
02044060 02/02/2020 1000 22      
02044060 03/02/2020 1000 15      
02044060 04/02/2020 1000 0       
02044060 05/02/2020 1000 0       
02044060 06/02/2020 1000 17      
02044060 07/02/2020 1000 54      
02044060 08/02/2020 1000 2       
02044060 09/02/2020 1000 1       
02044060 10/02/2020 1000 2       
02044060 11/02/2020 1000 20      
02044060 12/02/2020 1000 36      
