99990564 29/12/2019 1200 0       
99990564 30/12/2019 1200 0       
99990564 31/12/2019 1200 0       
99990564 01/01/2020 1200 0       
99990564 02/01/2020 1200 0       
99990564 03/01/2020 1200 1.6     
99990564 04/01/2020 1200 59      
99990564 05/01/2020 1200 6.2     
99990564 06/01/2020 1200 2       
99990564 07/01/2020 1200 8       
99990564 08/01/2020 1200 0.2     
99990564 09/01/2020 1200 4.6     
99990564 10/01/2020 1200 0       
99990564 11/01/2020 1200 2       
99990564 12/01/2020 1200 0       
99990564 13/01/2020 1200 0       
99990564 14/01/2020 1200 0       
99990564 15/01/2020 1200 0       
99990564 16/01/2020 1200 0       
99990564 17/01/2020 1200 26.4    
99990564 18/01/2020 1200 0       
99990564 19/01/2020 1200 16.6    
99990564 20/01/2020 1200 3.6     
99990564 21/01/2020 1200 10.6    
99990564 22/01/2020 1200 0       
99990564 23/01/2020 1200 11.8    
99990564 24/01/2020 1200 107     
99990564 25/01/2020 1200 33.2    
99990564 26/01/2020 1200 0.2     
99990564 27/01/2020 1200 0       
99990564 28/01/2020 1200 0       
99990564 29/01/2020 1200 19.4    
99990564 30/01/2020 1200 0.2     
99990564 31/01/2020 1200 0       
99990564 01/02/2020 1200 0       
99990564 02/02/2020 1200 13.2    
99990564 03/02/2020 1200 14.4    
99990564 04/02/2020 1200 0       
99990564 05/02/2020 1200 0.2     
99990564 06/02/2020 1200 15.4    
99990564 07/02/2020 1200 33.6    
99990564 08/02/2020 1200 8       
99990564 09/02/2020 1200 0.6     
99990564 10/02/2020 1200 0.2     
99990564 11/02/2020 1200 31.6    
99990564 12/02/2020 1200 64.6    
