99990536 29/12/2019 1200 0       
99990536 30/12/2019 1200 0       
99990536 31/12/2019 1200 0       
99990536 01/01/2020 1200 0       
99990536 02/01/2020 1200 1.6     
99990536 03/01/2020 1200 4.6     
99990536 04/01/2020 1200 33.2    
99990536 05/01/2020 1200 0.2     
99990536 06/01/2020 1200 0       
99990536 07/01/2020 1200 0       
99990536 08/01/2020 1200 0       
99990536 09/01/2020 1200 9.6     
99990536 10/01/2020 1200 24.6    
99990536 11/01/2020 1200 0       
99990536 12/01/2020 1200 0       
99990536 13/01/2020 1200 0       
99990536 14/01/2020 1200 0       
99990536 15/01/2020 1200 0       
99990536 16/01/2020 1200 0       
99990536 17/01/2020 1200 20.8    
99990536 18/01/2020 1200 0.4     
99990536 19/01/2020 1200 0.2     
99990536 20/01/2020 1200 15      
99990536 21/01/2020 1200 14      
99990536 22/01/2020 1200 8.4     
99990536 23/01/2020 1200 1.8     
99990536 24/01/2020 1200 44.2    
99990536 25/01/2020 1200 53.4    
99990536 26/01/2020 1200 19.2    
99990536 27/01/2020 1200 0       
99990536 28/01/2020 1200 0.6     
99990536 29/01/2020 1200 14.8    
99990536 30/01/2020 1200 8.8     
99990536 31/01/2020 1200 3.2     
99990536 01/02/2020 1200 0       
99990536 02/02/2020 1200 0       
99990536 03/02/2020 1200 12.6    
99990536 04/02/2020 1200 0       
99990536 05/02/2020 1200 0       
99990536 06/02/2020 1200 3.2     
99990536 07/02/2020 1200 42.4    
99990536 08/02/2020 1200 31.2    
99990536 09/02/2020 1200 37.8    
99990536 10/02/2020 1200 0.2     
99990536 11/02/2020 1200 12.6    
99990536 12/02/2020 1200 42      
