99990535 29/12/2019 1200 0       
99990535 30/12/2019 1200 0.2     
99990535 31/12/2019 1200 0       
99990535 01/01/2020 1200 0       
99990535 02/01/2020 1200 3.2     
99990535 03/01/2020 1200 20.4    
99990535 04/01/2020 1200 17      
99990535 05/01/2020 1200 24.2    
99990535 06/01/2020 1200 1.6     
99990535 07/01/2020 1200 14.8    
99990535 08/01/2020 1200 0.2     
99990535 09/01/2020 1200 0       
99990535 10/01/2020 1200 2.2     
99990535 11/01/2020 1200 0       
99990535 12/01/2020 1200 0       
99990535 13/01/2020 1200 0       
99990535 14/01/2020 1200 0       
99990535 15/01/2020 1200 0.6     
99990535 16/01/2020 1200 0       
99990535 17/01/2020 1200 77.6    
99990535 18/01/2020 1200 0.6     
99990535 19/01/2020 1200 0       
99990535 20/01/2020 1200 87.6    
99990535 21/01/2020 1200 2.8     
99990535 22/01/2020 1200 0.4     
99990535 23/01/2020 1200 4.6     
99990535 24/01/2020 0000 -       
99990535 25/01/2020 0000 -       
99990535 26/01/2020 1200 20.2    
99990535 27/01/2020 1200 0       
99990535 28/01/2020 1200 0       
99990535 29/01/2020 1200 49.8    
99990535 30/01/2020 1200 1.4     
99990535 31/01/2020 1200 0       
99990535 01/02/2020 1200 29      
99990535 02/02/2020 1200 0       
99990535 03/02/2020 1200 14.4    
99990535 04/02/2020 1200 0       
99990535 05/02/2020 1200 11      
99990535 06/02/2020 1200 11.6    
99990535 07/02/2020 1200 27      
99990535 08/02/2020 1200 42      
99990535 09/02/2020 1200 7.2     
99990535 10/02/2020 1200 5.2     
99990535 11/02/2020 1200 10      
99990535 12/02/2020 1200 42.8    
