02248121 08/02/2020 1000 0.2     
02248121 09/02/2020 1000 0       
02248121 10/02/2020 1000 20      
02248121 11/02/2020 1000 110.4   
02248121 12/02/2020 1000 2.2     
02248121 13/02/2020 1000 0       
02248121 14/02/2020 1000 0       
02248121 15/02/2020 1000 0       
02248121 16/02/2020 1000 0       
02248121 17/02/2020 1000 0       
02248121 18/02/2020 1000 0       
02248121 19/02/2020 1000 0       
02248121 20/02/2020 1000 0       
02248121 21/02/2020 1000 13.4    
02248121 22/02/2020 1000 0       
02248121 23/02/2020 1000 0       
02248121 24/02/2020 1000 0       
02248121 25/02/2020 1000 6.8     
02248121 26/02/2020 1000 37      
02248121 27/02/2020 1000 43.8    
02248121 28/02/2020 1000 0       
02248121 29/02/2020 1000 0       
02248121 01/03/2020 1000 0       
02248121 02/03/2020 1000 0       
02248121 03/03/2020 1000 0       
02248121 04/03/2020 1000 0       
02248121 05/03/2020 1000 0       
02248121 06/03/2020 1000 0       
02248121 07/03/2020 1000 0       
02248121 08/03/2020 1000 0       
02248121 09/03/2020 1000 0       
02248121 10/03/2020 1000 33.4    
02248121 11/03/2020 1000 0       
02248121 12/03/2020 1000 0       
02248121 13/03/2020 1000 0       
02248121 14/03/2020 1000 0       
02248121 15/03/2020 1000 1.4     
02248121 16/03/2020 1000 0       
02248121 17/03/2020 1000 0       
02248121 18/03/2020 1000 9.8     
02248121 19/03/2020 1000 0       
02248121 20/03/2020 1000 32.8    
02248121 21/03/2020 1000 13      
02248121 22/03/2020 1000 0       
02248121 23/03/2020 1000 0       
02248121 24/03/2020 1000 0       
02248121 25/03/2020 1000 0.0