00083836 06/02/2020 1200 0       
00083836 07/02/2020 1200 0       
00083836 08/02/2020 1200 0       
00083836 09/02/2020 1200 0       
00083836 10/02/2020 1200 2       
00083836 11/02/2020 1200 0       
00083836 12/02/2020 1200 0       
00083836 13/02/2020 1200 0       
00083836 14/02/2020 1200 0       
00083836 15/02/2020 1200 0       
00083836 16/02/2020 1200 0       
00083836 17/02/2020 1200 0       
00083836 18/02/2020 1200 0       
00083836 19/02/2020 1200 1       
00083836 20/02/2020 1200 44      
00083836 21/02/2020 1200 0       
00083836 22/02/2020 1200 3       
00083836 23/02/2020 1200 0       
00083836 24/02/2020 1200 0       
00083836 25/02/2020 1200 0       
00083836 26/02/2020 1200 13      
00083836 27/02/2020 1200 1       
00083836 28/02/2020 1200 0       
00083836 29/02/2020 1200 0       
00083836 01/03/2020 1200 0       
00083836 02/03/2020 1200 0.1     
00083836 03/03/2020 1200 10      
00083836 04/03/2020 1200 0       
00083836 05/03/2020 1200 2       
00083836 06/03/2020 1200 0       
00083836 07/03/2020 1200 0       
00083836 08/03/2020 1200 2       
00083836 09/03/2020 1200 0       
00083836 10/03/2020 1200 0       
00083836 11/03/2020 1200 0       
00083836 12/03/2020 1200 0       
00083836 13/03/2020 1200 0       
00083836 14/03/2020 1200 0       
00083836 15/03/2020 1200 0       
00083836 16/03/2020 1200 0       
00083836 17/03/2020 1200 11      
00083836 18/03/2020 1200 0       
00083836 19/03/2020 1200 18      
00083836 20/03/2020 1200 0       
00083836 21/03/2020 1200 0       
00083836 22/03/2020 1200 0       
00083836 23/03/2020 1200 1.851684632955842