00083766 06/02/2020 1200 0       
00083766 07/02/2020 1200 4       
00083766 08/02/2020 1200 8       
00083766 09/02/2020 1200 3       
00083766 10/02/2020 1200 0.8     
00083766 11/02/2020 1200 0       
00083766 12/02/2020 1200 0       
00083766 13/02/2020 1200 0       
00083766 14/02/2020 1200 0       
00083766 15/02/2020 1200 0       
00083766 16/02/2020 1200 0       
00083766 17/02/2020 1200 0       
00083766 18/02/2020 1200 0       
00083766 19/02/2020 1200 1       
00083766 20/02/2020 1200 16      
00083766 21/02/2020 1200 0       
00083766 22/02/2020 1200 0       
00083766 23/02/2020 1200 27      
00083766 24/02/2020 1200 0       
00083766 25/02/2020 1200 0.8     
00083766 26/02/2020 1200 16      
00083766 27/02/2020 1200 7       
00083766 28/02/2020 1200 0       
00083766 29/02/2020 1200 0       
00083766 01/03/2020 1200 0       
00083766 02/03/2020 1200 0       
00083766 03/03/2020 1200 0       
00083766 04/03/2020 1200 0.4     
00083766 05/03/2020 1200 0       
00083766 06/03/2020 1200 0       
00083766 07/03/2020 1200 0       
00083766 08/03/2020 1200 7       
00083766 09/03/2020 1200 0       
00083766 10/03/2020 1200 0       
00083766 11/03/2020 1200 0       
00083766 12/03/2020 1200 0       
00083766 13/03/2020 1200 0       
00083766 14/03/2020 1200 0       
00083766 15/03/2020 1200 0       
00083766 16/03/2020 1200 0       
00083766 17/03/2020 1200 0.7     
00083766 18/03/2020 1200 22      
00083766 19/03/2020 1200 2       
00083766 20/03/2020 1200 44      
00083766 21/03/2020 1200 0.2     
00083766 22/03/2020 1200 0       
00083766 23/03/2020 1200 4.095575601468643