02250089 06/02/2020 1000 0       
02250089 07/02/2020 1000 14.3    
02250089 08/02/2020 1000 2.3     
02250089 09/02/2020 1000 1.3     
02250089 10/02/2020 1000 32.8    
02250089 11/02/2020 1000 19.8    
02250089 12/02/2020 1000 0       
02250089 13/02/2020 1000 0       
02250089 14/02/2020 1000 0       
02250089 15/02/2020 1000 0       
02250089 16/02/2020 1000 0       
02250089 17/02/2020 1000 0       
02250089 18/02/2020 1000 0       
02250089 19/02/2020 1000 0       
02250089 20/02/2020 1000 59      
02250089 21/02/2020 1000 0       
02250089 22/02/2020 1000 14.5    
02250089 23/02/2020 1000 0       
02250089 24/02/2020 1000 0       
02250089 25/02/2020 1000 1       
02250089 26/02/2020 1000 40.3    
02250089 27/02/2020 1000 16.5    
02250089 28/02/2020 1000 0       
02250089 29/02/2020 1000 0       
02250089 01/03/2020 1000 0       
02250089 02/03/2020 1000 0       
02250089 03/03/2020 1000 0       
02250089 04/03/2020 1000 0       
02250089 05/03/2020 1000 0       
02250089 06/03/2020 1000 0       
02250089 07/03/2020 1000 0       
02250089 08/03/2020 1000 0       
02250089 09/03/2020 1000 0       
02250089 10/03/2020 1000 0       
02250089 11/03/2020 1000 0       
02250089 12/03/2020 1000 0.3     
02250089 13/03/2020 1000 0       
02250089 14/03/2020 1000 0       
02250089 15/03/2020 1000 0       
02250089 16/03/2020 1000 3.5     
02250089 17/03/2020 1000 22.3    
02250089 18/03/2020 1000 0       
02250089 19/03/2020 1000 5       
02250089 20/03/2020 1000 27.5    
02250089 21/03/2020 1000 1.8     
02250089 22/03/2020 1000 0       
02250089 23/03/2020 1000 0.0