02252051 06/02/2020 1000 7.8     
02252051 07/02/2020 1000 0       
02252051 08/02/2020 1000 0       
02252051 09/02/2020 1000 0       
02252051 10/02/2020 1000 0       
02252051 11/02/2020 1000 0.5     
02252051 12/02/2020 1000 0       
02252051 13/02/2020 1000 0       
02252051 14/02/2020 1000 0       
02252051 15/02/2020 1000 0       
02252051 16/02/2020 1000 0       
02252051 17/02/2020 1000 0       
02252051 18/02/2020 1000 0       
02252051 19/02/2020 1000 2.8     
02252051 20/02/2020 1000 5       
02252051 21/02/2020 1000 80.8    
02252051 22/02/2020 1000 0.3     
02252051 23/02/2020 1000 0       
02252051 24/02/2020 1000 0       
02252051 25/02/2020 1000 0       
02252051 26/02/2020 1000 86.8    
02252051 27/02/2020 1000 35.5    
02252051 28/02/2020 1000 0       
02252051 29/02/2020 1000 0       
02252051 01/03/2020 1000 0       
02252051 02/03/2020 1000 0       
02252051 03/03/2020 1000 1       
02252051 04/03/2020 1000 0       
02252051 05/03/2020 1000 0       
02252051 06/03/2020 1000 0       
02252051 07/03/2020 1000 0       
02252051 08/03/2020 1000 0       
02252051 09/03/2020 1000 0.5     
02252051 10/03/2020 1000 0       
02252051 11/03/2020 1000 0       
02252051 12/03/2020 1000 0       
02252051 13/03/2020 1000 0       
02252051 14/03/2020 1000 0       
02252051 15/03/2020 1000 0       
02252051 16/03/2020 1000 0       
02252051 17/03/2020 1000 0       
02252051 18/03/2020 1000 0.5     
02252051 19/03/2020 1000 0       
02252051 20/03/2020 1000 0       
02252051 21/03/2020 1000 2       
02252051 22/03/2020 1000 0       
02252051 23/03/2020 1000 0.21066425002275635