02250091 06/02/2020 1000 5       
02250091 07/02/2020 1000 0.3     
02250091 08/02/2020 1000 2       
02250091 09/02/2020 1000 0       
02250091 10/02/2020 1000 31.8    
02250091 11/02/2020 1000 9.8     
02250091 12/02/2020 1000 0       
02250091 13/02/2020 1000 0       
02250091 14/02/2020 1000 0       
02250091 15/02/2020 1000 0       
02250091 16/02/2020 1000 0       
02250091 17/02/2020 1000 0       
02250091 18/02/2020 1000 0       
02250091 19/02/2020 1000 0       
02250091 20/02/2020 1000 26.3    
02250091 21/02/2020 1000 0       
02250091 22/02/2020 1000 1       
02250091 23/02/2020 1000 1       
02250091 24/02/2020 1000 0.8     
02250091 25/02/2020 1000 0       
02250091 26/02/2020 1000 65.8    
02250091 27/02/2020 1000 9.5     
02250091 28/02/2020 1000 0       
02250091 29/02/2020 1000 0       
02250091 01/03/2020 1000 0       
02250091 02/03/2020 1000 0       
02250091 03/03/2020 1000 0       
02250091 04/03/2020 1000 0       
02250091 05/03/2020 1000 0       
02250091 06/03/2020 1000 0       
02250091 07/03/2020 1000 0       
02250091 08/03/2020 1000 0       
02250091 09/03/2020 1000 0       
02250091 10/03/2020 1000 0       
02250091 11/03/2020 1000 0       
02250091 12/03/2020 1000 0       
02250091 13/03/2020 1000 0       
02250091 14/03/2020 1000 0       
02250091 15/03/2020 1000 0       
02250091 16/03/2020 1000 3       
02250091 17/03/2020 1000 10      
02250091 18/03/2020 1000 0       
02250091 19/03/2020 1000 5       
02250091 20/03/2020 1000 12.8    
02250091 21/03/2020 1000 3       
02250091 22/03/2020 1000 0       
02250091 23/03/2020 1000 0.0