02448073 06/02/2020 1000 0.5     
02448073 07/02/2020 1000 7.5     
02448073 08/02/2020 1000 5.5     
02448073 09/02/2020 1000 0.8     
02448073 10/02/2020 1000 16      
02448073 11/02/2020 1000 9       
02448073 12/02/2020 1000 0       
02448073 13/02/2020 1000 1.8     
02448073 14/02/2020 1000 2.5     
02448073 15/02/2020 1000 0       
02448073 16/02/2020 1000 0       
02448073 17/02/2020 1000 0       
02448073 18/02/2020 1000 0       
02448073 19/02/2020 1000 0       
02448073 20/02/2020 1000 3.8     
02448073 21/02/2020 1000 5.5     
02448073 22/02/2020 1000 10.8    
02448073 23/02/2020 1000 0       
02448073 24/02/2020 1000 0       
02448073 25/02/2020 1000 0.3     
02448073 26/02/2020 1000 5.8     
02448073 27/02/2020 1000 4       
02448073 28/02/2020 1000 0       
02448073 29/02/2020 1000 0       
02448073 01/03/2020 1000 0.8     
02448073 02/03/2020 1000 1       
02448073 03/03/2020 1000 3       
02448073 04/03/2020 1000 0       
02448073 05/03/2020 1000 0       
02448073 06/03/2020 1000 0.5     
02448073 07/03/2020 1000 0       
02448073 08/03/2020 1000 0       
02448073 09/03/2020 1000 0       
02448073 10/03/2020 1000 0       
02448073 11/03/2020 1000 0       
02448073 12/03/2020 1000 0       
02448073 13/03/2020 1000 0       
02448073 14/03/2020 1000 0       
02448073 15/03/2020 1000 0       
02448073 16/03/2020 1000 0       
02448073 17/03/2020 1000 7.3     
02448073 18/03/2020 1000 0       
02448073 19/03/2020 1000 41      
02448073 20/03/2020 1000 50.5    
02448073 21/03/2020 1000 28.8    
02448073 22/03/2020 1000 0       
02448073 23/03/2020 1000 8.995073757968575