ONS-Operador Nacional Do Sistema Eletrico
Modelo Computacional SMAP
Versao: 3.0.0 Data: 23/09/2019

Iniciando execucao: 27-02-2020 13:59:48

Parametros
   Amplitude inicial: 0.5
   somacoef alvo: 2 (nao e necessario multiplicar por 100)
   Limite de iteracoes: 10000
   Particulas: 24
   Pulso inicial: 0.1
   Uso de pesos: on
   Gerar graficos: off
   Semente: 9952

Sub bacia: CanoasI
cef: 0.97518068
dm: 0.033917136
ebin: 47.159732
mape: 0.023116519
*somacoef: 1.9520642
supin: 33.121664
Iteracoes: 10000
Iteracao otima: 9807
Tempo: 9.411 s

Qcal
[34](0,0,0,80.281396,73.326144,67.780849,64.010179,74.260919,101.48234,130.06645,158.81711,190.72373,201.43702,198.19788,191.26671,181.01198,160.43357,193.18541,261.96364,304.78546,306.41937,272.83565,239.26887,213.99066,191.58365,173.29717,158.3123,149.61842,148.00645,149.67856,152.94386,154.52447,144.8413,194.88111)
Rsolo
[34](0,0,325.665,322.44105,318.93553,317.1516,320.37311,327.25609,334.90106,343.60859,353.62747,353.87274,351.81176,350.21864,348.32646,343.09676,352.22301,359.49686,359.58964,356.33982,349.40813,342.32539,338.45027,334.61901,331.18277,328.038,327.71787,329.4331,332.03167,335.11353,337.94366,337.52161,347.26328,341.09994)
Rsub
[34](0,0,116.35246,116.0508,115.74991,115.44981,115.15048,114.85193,114.55416,114.25716,113.96092,120.73987,127.69131,133.03558,137.15003,139.82365,139.46113,145.09054,156.40759,167.76949,176.5251,179.91231,179.44585,178.98061,178.51656,178.05373,177.59209,177.13165,176.6724,176.21434,175.75747,175.30179,174.84729,176.62629)
Rsup
[34](0,0,1.0269963,0.81512748,0.64696711,0.53382233,0.85542663,1.7032275,2.5932712,3.6602674,4.9271916,5.0460736,4.5780739,4.0504069,3.4743801,2.6752388,3.98894,6.7088232,7.938171,7.325122,5.3830089,3.7803658,2.8393197,2.2535696,1.7886593,1.4196599,1.2396937,1.2736882,1.4042602,1.5793313,1.6975925,1.462332,3.1012513,2.4405547)
Peso chuva 
[34](0.5,0.5,2,0.5,0.53785491,0.65635538,0.5,0.70532802,0.96480933,0.86596726,0.80838155,1.0200186,1.5004821,1.3303831,0.99965678,0.5,0.79026869,0.76663764,1.2195561,2,1.199865,0.5,0.5,0.73855727,0.56664633,0.79735512,0.5,0.65886441,0.86097958,0.99741286,1.5109859,2,0.7696271,1)
Previsao ETA40_LIMITES
[13] (0,0.17333333,0.017777778,0.057777778,0.096666667,0.24111111,0,0,0,0.03,0.061666667,0.061666667,0.061666667)
Previsao PMEDIA_ORIG
[13] (0,0.1,0.5,1.2,2.8,1.5,0.9,0.4,0.2,0.4,0.3,0.6,0.74166667)
Previsao PRECMEDIA_ETA40.GEFS
[13] (0.12,0.2,0.59,1.22,1.96,1.94,1.21,0.44,0.3,0.37,0.835,0.835,0.835)
Previsao PRECZERADA_ETA40
[13] (0,0,0,0,0,0,0,0,0,0,0,0,0)


Sub bacia: Capivara
cef: 0.98398255
dm: 0.024193976
ebin: 164.16432
mape: 0.018132557
*somacoef: 1.96585
supin: 12.984991
Iteracoes: 10000
Iteracao otima: 9146
Tempo: 9.181 s

Qcal
[33](0,0,177.14931,172.11014,168.29122,165.32613,168.69379,208.13518,251.72232,285.14171,318.83963,433.86377,416.1899,337.44508,283.06499,266.78888,268.52452,266.65094,254.3953,249.47256,221.14967,201.19393,186.95364,176.63701,170.25597,170.20158,187.22073,252.99077,300.4084,336.84201,299.5286,254.41422,244.23001)
Rsolo
[33](0,62.2744,60.171772,58.080803,56.467226,55.737516,57.707552,60.960412,64.277246,67.953981,74.761766,77.044489,74.461447,72.255661,71.92167,72.651596,73.087058,72.581958,72.439717,70.00955,67.36289,64.945307,62.728116,61.51317,60.827334,61.35045,65.400557,69.237878,72.842415,72.271001,70.201705,69.996309,67.35082)
Rsub
[33](0,77.612123,77.106264,76.603701,76.104414,75.608382,75.115582,74.625994,74.139598,73.712063,73.471312,73.624471,73.923204,74.054695,74.05182,74.029362,74.050098,74.096748,74.112905,74.120521,73.988504,73.715051,73.322261,72.844361,72.369577,71.897887,71.429272,71.073541,70.918848,70.971238,70.989365,70.888481,70.776792)
Rsup
[33](0,0.13089823,0.090885989,0.063104466,0.043860337,0.088385558,0.49649142,0.94632106,1.2935843,1.6424002,2.8070613,2.62563,1.8254547,1.2744598,1.1104459,1.1284214,1.1090922,0.98455158,0.93458224,0.64890435,0.45055088,0.312829,0.21720517,0.16306966,0.17264507,0.35426828,1.0272706,1.5128602,1.8834361,1.5061726,1.051,0.95048683,0.65994731)
Peso chuva 
[33](1.9244013,1.9231454,2,0.56439676,1.6724402,0.88962163,1.4004668,1.2144914,0.91475196,0.70427349,1.0609488,1.3987961,0.66485197,0.65670687,2,1.6773748,1.3392657,1.028428,1.9513292,2,1.487789,1.9963158,0.5,2,2,1.3045359,1.6296252,1.2646264,1.3848982,1.0562252,0.5,0.98464037,1)
Previsao ETA40_LIMITES
[13] (0.027333333,0.0053333333,0,0.128,0.21133333,0.98866667,0.027333333,0,0,0,0.1388,0.1388,0.1388)
Previsao PMEDIA_ORIG
[13] (0.3,0.2,1,1.4,2.7,2.5,1.2,0.6,0.3,0.4,0.4,1.4,1.0333333)
Previsao PRECMEDIA_ETA40.GEFS
[13] (0.24,0.13,0.68,1.62,2.15,2.56,1.25,0.61,0.42,0.38,1.004,1.004,1.004)
Previsao PRECZERADA_ETA40
[13] (0,0,0,0,0,0,0,0,0,0,0,0,0)


Sub bacia: Chavantes
cef: 0.97325749
dm: 0.037429137
ebin: 61.285474
mape: 0.026187371
*somacoef: 1.9470701
supin: 0
Iteracoes: 10000
Iteracao otima: 9546
Tempo: 8.729 s

Qcal
[34](0,0,0,61.285474,61.040417,60.79634,60.557738,61.120588,74.91993,86.591169,97.613938,104.275,147.48537,134.62591,111.2708,94.371593,84.339639,96.509355,118.26381,115.4127,98.606098,85.377047,76.237508,69.933816,65.572507,62.533159,60.393555,62.196601,76.511513,107.25075,134.44829,134.52044,113.25147,108.92004)
Rsolo
[34](0,0,123.1296,120.50514,118.35891,116.42682,115.25889,117.6512,120.45749,123.70928,126.71045,134.03411,136.06952,134.76137,132.88166,131.85685,134.79925,139.32902,141.07244,139.52862,136.63259,134.05517,131.83281,129.05411,126.48178,124.05223,123.61801,126.18379,131.54795,137.27027,140.53384,139.68923,141.00847,137.60529)
Rsub
[34](0,0,134.05797,133.52193,132.98803,132.45626,131.92662,131.39909,130.87368,130.35036,129.82914,129.31001,128.79295,128.27795,127.76502,127.25413,126.74529,126.23849,125.98805,125.88102,125.64814,125.1866,124.68603,124.18745,123.69088,123.19628,122.70367,122.21303,121.72434,121.23761,120.84345,120.71263,120.51343,120.42299)
Rsup
[34](0,0,0,0,0,0.00012313033,0.022153182,0.40640315,0.73238639,1.0405965,1.2294125,2.4184564,2.0729975,1.4402754,0.98420799,0.71605272,1.0554705,1.6571707,1.5822771,1.1236657,0.76453653,0.52018683,0.35393485,0.2408155,0.16384967,0.11148249,0.16699006,0.56488835,1.4122507,2.162662,2.169568,1.5891316,1.4730846,1.0022794)
Peso chuva 
[34](1.4468385,2,0.5,0.5,2,0.70186731,0.5,0.67782311,0.74013534,0.7459444,0.51891972,1.4436321,2,2,2,2,2,0.88112745,0.56492628,0.68196624,0.5,0.54257043,1.5049425,0.76868307,1.9998763,1.9839543,0.85171342,0.53247788,0.78120189,1.1888011,1.1707853,2,1.0926573,1)
Previsao ETA40_LIMITES
[13] (0.0375,0.115,0.0575,0.2675,0.3775,0.6475,0.3425,0,0,0,0.1845,0.1845,0.1845)
Previsao PMEDIA_ORIG
[13] (0.1,0.2,0.6,0.8,2.1,1.9,1.1,0.6,0.2,0.4,0.3,0.9,0.76666667)
Previsao PRECMEDIA_ETA40.GEFS
[13] (0.16,0.15,0.59,0.92,1.63,1.73,1.33,0.63,0.39,0.42,0.795,0.795,0.795)
Previsao PRECZERADA_ETA40
[13] (0,0,0,0,0,0,0,0,0,0,0,0,0)


Sub bacia: Jurumirim
cef: 0.994822
dm: 0.010561653
ebin: 95.296463
mape: 0.0092052611
*somacoef: 1.9856167
supin: 34.073439
Iteracoes: 10000
Iteracao otima: 9877
Tempo: 9.819 s

Qcal
[34](0,0,0,129.3699,125.33327,118.3964,112.98775,110.75905,112.72606,113.91931,143.36566,192.08278,301.56495,384.16651,441.60815,423.01947,363.70784,305.50127,306.43105,303.33235,311.67016,332.10196,302.79503,263.74148,234.09879,211.55855,194.37277,181.22801,178.13862,207.16193,236.16392,237.13027,224.82611,207.43034)
Rsolo
[34](0,0,48.804,47.919074,45.82388,44.071343,43.287594,43.046709,42.789817,46.603579,52.086913,60.514958,67.32649,72.488061,73.802897,71.413501,67.035504,68.449353,69.298466,70.644397,72.487459,70.717212,66.074438,62.037112,58.507992,55.478032,52.787011,52.03316,55.176137,58.421489,59.328069,58.385919,56.278787,53.264007)
Rsub
[34](0,0,59.321283,59.538033,59.694889,59.719463,59.641522,59.520579,59.387438,59.241462,59.317216,59.764782,60.90828,62.720619,65.099399,67.616823,69.832009,71.544112,73.395311,75.325743,77.392757,79.65764,81.699359,83.218289,84.322561,85.095032,85.605524,85.901384,86.138746,86.616725,87.363814,88.185396,88.917202,89.46376)
Rsup
[34](0,0,0.67955636,0.59210585,0.44873232,0.34007551,0.29812383,0.34122855,0.36929209,0.96124335,1.9304244,4.0995835,5.7103423,6.797886,6.3509424,5.0873837,3.8555475,3.8192372,3.6981269,3.8025664,4.1438313,3.4867735,2.6424802,2.0026255,1.5177063,1.1502063,0.87169337,0.80059981,1.3718323,1.9349306,1.9302674,1.6585524,1.2881671,0.97624814)
Peso chuva 
[34](0.55312607,2,0.66921621,2,0.5,1.7135713,2,0.96699048,0.86079149,0.7228628,0.57384322,0.82691572,0.61298677,0.8265285,2,2,0.5,1.4799133,1.0585946,1.1508104,1.108491,1.4780764,0.5,0.5,0.5,0.85614101,1.9905881,0.73825235,1.2452414,0.84835832,0.5,0.90115007,0.5,1)
Previsao ETA40_LIMITES
[13] (0.378,0.949,0.258,0.446,3.625,0.643,0.676,0.009,0.048,0.248,0.728,0.728,0.728)
Previsao PMEDIA_ORIG
[13] (0.3,0.4,1.1,1.2,3.4,1.8,1.5,0.9,0.6,0.8,0.5,1,1.125)
Previsao PRECMEDIA_ETA40.GEFS
[13] (0.45,0.62,1.13,1.36,3.45,1.7,1.64,0.92,0.6,0.75,1.262,1.262,1.262)
Previsao PRECZERADA_ETA40
[13] (0,0,0,0,0,0,0,0,0,0,0,0,0)


Sub bacia: Maua
cef: 0.98505856
dm: 0.022396044
ebin: 38.205021
mape: 0.016683407
*somacoef: 1.9683752
supin: 57.163636
Iteracoes: 10000
Iteracao otima: 9996
Tempo: 8.65 s

Qcal
[34](0,0,0,95.368657,90.577837,86.128794,82.70171,89.372865,90.936761,109.36042,170.12484,160.7538,151.07012,142.44848,134.56609,130.01402,122.87194,116.39054,110.30465,104.67138,99.44977,94.603978,90.101271,85.912458,82.011013,79.923514,76.456926,78.856838,76.749693,80.324598,77.062786,73.78734,70.724056,94.681194)
Rsolo
[34](0,0,103.8744,101.23814,98.726724,97.721273,101.57364,103.3975,110.43088,123.24136,121.93486,119.49348,117.63644,115.87571,115.81573,113.52695,111.58126,108.8142,106.06687,103.38842,100.77377,98.245131,95.803888,93.447742,93.188173,91.57866,93.960581,93.566726,96.425708,95.184525,92.889295,90.659721,99.550114,97.062361)
Rsub
[34](0,0,18.661451,18.695574,18.694756,18.662404,18.618168,18.622555,18.650765,18.777311,19.109001,19.414221,19.674558,19.901277,20.097026,20.289572,20.444043,20.567124,20.648055,20.689212,20.693564,20.663864,20.602998,20.513697,20.398498,20.281729,20.148673,20.043427,19.934962,19.860635,19.772669,19.659773,19.524043,19.49236)
Rsup
[34](0,0,3.7716893,3.4509791,3.1575391,2.9357883,3.3819302,3.4845245,4.6963174,8.6884945,8.0253835,7.3452196,6.7411927,6.1904828,5.8636927,5.3664449,4.9179326,4.4997562,4.1171377,3.7670536,3.4467375,3.1536582,2.8854997,2.640143,2.5179696,2.3050154,2.4813361,2.3565221,2.6070479,2.4018718,2.1976384,2.0107712,3.6098112,3.3028656)
Peso chuva 
[34](1.8931539,0.5,1.9738334,0.5,0.5,1.0181124,0.90983416,1.8135948,1.3618554,0.96099387,0.5,0.5,0.58649346,2,0.90690985,0.5,1.962669,0.5,0.5,1.5322776,0.50861748,0.56777878,0.5,0.5,2,1.9443418,0.70119117,1.5460032,1.619154,2,0.5,0.5,1.107304,1)
Previsao ETA40_LIMITES
[13] (0.073,0.04,0.008,0.251,2.412,3.991,0,0.356,0.048,0.372,0.7551,0.7551,0.7551)
Previsao PMEDIA_ORIG
[13] (0.4,0.1,0.2,1.7,2.8,3.2,2.4,0.7,0.5,0.6,1,1.2,1.2333333)
Previsao PRECMEDIA_ETA40.GEFS
[13] (0.28,0.08,0.23,1.21,2.53,3.2,1.71,0.86,0.65,0.65,1.14,1.14,1.14)
Previsao PRECZERADA_ETA40
[13] (0,0,0,0,0,0,0,0,0,0,0,0,0)


Sub bacia: Rosana
cef: 0.99334802
dm: 0.011934996
ebin: 148.14017
mape: 0.0099093555
*somacoef: 1.9834387
supin: 14.015523
Iteracoes: 10000
Iteracao otima: 9910
Tempo: 8.745 s

Qcal
[34](0,0,0,162.1557,155.92993,153.10594,151.93599,153.8127,160.97712,164.24248,218.94813,364.95807,343.10301,289.87248,250.49593,210.8868,184.22036,170.9628,164.58467,161.60644,160.29189,159.77629,159.62945,159.63902,159.70084,159.76568,166.98423,171.17268,181.33121,206.06354,194.49001,178.68495,169.53933,173.54)
Rsolo
[34](0,0,177.6468,172.83358,168.02767,163.9452,161.12222,159.31811,157.78784,162.58999,173.65461,178.91397,180.62495,180.91752,178.32939,174.3434,169.76911,165.39148,161.22617,157.28348,153.51282,149.92753,146.50078,143.23153,140.57767,139.7131,139.01988,139.95923,143.48011,143.42054,141.43593,138.82611,138.36881,135.4585)
Rsub
[34](0,0,287.41471,288.93189,290.251,291.38015,292.35365,293.22206,294.02394,294.77002,295.68466,297.01762,298.56047,300.17042,301.7882,303.29367,304.63304,305.78904,306.77608,307.60828,308.29924,308.86001,309.30141,309.63277,309.86285,310.0133,310.13808,310.24243,310.37374,310.60928,310.84237,311.01541,311.11175,311.19469)
Rsup
[34](0,0,0.15057712,0.075288562,0.037644281,0.01882214,0.03359401,0.10575678,0.13639805,0.72000207,2.2836091,2.0414259,1.4609951,1.0290342,0.59453123,0.29970125,0.14985063,0.074925313,0.037462657,0.018731328,0.0093656642,0.0046828321,0.002341416,0.001170708,0.00059325662,0.077313314,0.12162132,0.23018268,0.4951697,0.3695241,0.1984302,0.099215098,0.14166317,0.070831584)
Peso chuva 
[34](0.5,0.99926625,0.72547876,1.9121045,0.52023229,0.97137805,0.64782952,0.7492899,0.625366,0.7503625,0.71477685,0.56484736,0.95629003,1.4690486,1.6840611,2,0.5,0.5,0.5,1.0297112,1.137628,2,0.53464205,0.59258774,1.5120328,1.4529719,1.2664089,1.2205951,0.79954767,0.65617408,1.0889009,0.64289781,0.97180071,1)
Previsao ETA40_LIMITES
[13] (0,0,0,0,0.10875,0.1125,0,0,0,0,0.022125,0.022125,0.022125)
Previsao PMEDIA_ORIG
[13] (0.3,0.1,0.3,3.1,4.2,1.6,0.6,0.3,0.2,0.1,0.5,3,1.1916667)
Previsao PRECMEDIA_ETA40.GEFS
[13] (0.23,0.07,0.23,1.91,2.68,1.51,0.52,0.3,0.22,0.14,0.781,0.781,0.781)
Previsao PRECZERADA_ETA40
[13] (0,0,0,0,0,0,0,0,0,0,0,0,0)


Tempo de execucao em: 56 s

Finalizando execucao: 27-02-2020 14:00:44

