00083652 05/06/2017 1200 0       
00083652 06/06/2017 1200 0       
00083652 07/06/2017 1200 0       
00083652 08/06/2017 1200 0       
00083652 09/06/2017 1200 0       
00083652 10/06/2017 1200 2       
00083652 11/06/2017 1200 0       
00083652 12/06/2017 1200 0       
00083652 13/06/2017 1200 0       
00083652 14/06/2017 1200 0       
00083652 15/06/2017 1200 0       
00083652 16/06/2017 1200 0       
00083652 17/06/2017 1200 0       
00083652 18/06/2017 1200 0       
00083652 19/06/2017 1200 0       
00083652 20/06/2017 1200 0       
00083652 21/06/2017 1200 0       
00083652 22/06/2017 1200 0       
00083652 23/06/2017 1200 0       
00083652 24/06/2017 1200 0       
00083652 25/06/2017 1200 0       
00083652 26/06/2017 1200 0       
00083652 27/06/2017 1200 0       
00083652 28/06/2017 1200 0       
00083652 29/06/2017 1200 0       
00083652 30/06/2017 1200 0       
00083652 01/07/2017 1200 0       
00083652 02/07/2017 1200 0       
00083652 03/07/2017 1200 0       
00083652 04/07/2017 1200 0       
00083652 05/07/2017 1200 0       
00083652 06/07/2017 1200 0       
00083652 07/07/2017 1200 0       
00083652 08/07/2017 1200 0       
00083652 09/07/2017 1200 0       
00083652 10/07/2017 1200 0       
00083652 11/07/2017 1200 0       
00083652 12/07/2017 1200 0       
00083652 13/07/2017 1200 0       
00083652 14/07/2017 1200 0       
00083652 15/07/2017 1200 0       
00083652 16/07/2017 1200 0       
00083652 17/07/2017 1200 0       
00083652 18/07/2017 1200 0       
00083652 19/07/2017 1200 0       
00083652 20/07/2017 1200 0       
