01648025 06/02/2020 1000 15      
01648025 07/02/2020 1000 2.5     
01648025 08/02/2020 1000 12.5    
01648025 09/02/2020 1000 11      
01648025 10/02/2020 1000 0       
01648025 11/02/2020 1000 0       
01648025 12/02/2020 1000 0       
01648025 13/02/2020 1000 29.2    
01648025 14/02/2020 1000 3.8     
01648025 15/02/2020 1000 44.5    
01648025 16/02/2020 1000 0       
01648025 17/02/2020 1000 31.8    
01648025 18/02/2020 1000 22      
01648025 19/02/2020 1000 0       
01648025 20/02/2020 1000 5.2     
01648025 21/02/2020 1000 10.8    
01648025 22/02/2020 1000 0       
01648025 23/02/2020 1000 32.2    
01648025 24/02/2020 1000 0.2     
01648025 25/02/2020 1000 7       
01648025 26/02/2020 1000 5       
01648025 27/02/2020 1000 10      
01648025 28/02/2020 1000 2       
01648025 29/02/2020 1000 0       
01648025 01/03/2020 1000 0       
01648025 02/03/2020 1000 0       
01648025 03/03/2020 1000 71.25   
01648025 04/03/2020 1000 8.75    
01648025 05/03/2020 1000 0.5     
01648025 06/03/2020 1000 8       
01648025 07/03/2020 1000 11      
01648025 08/03/2020 1000 21      
01648025 09/03/2020 1000 0       
01648025 10/03/2020 1000 0       
01648025 11/03/2020 1000 0       
01648025 12/03/2020 1000 0       
01648025 13/03/2020 1000 0       
01648025 14/03/2020 1000 0       
01648025 15/03/2020 1000 0       
01648025 16/03/2020 1000 0       
01648025 17/03/2020 1000 0       
01648025 18/03/2020 1000 0       
01648025 19/03/2020 1000 0       
01648025 20/03/2020 1000 30      
01648025 21/03/2020 1000 0       
01648025 22/03/2020 1000 0       
01648025 23/03/2020 1000 1.3359106249827528