01648024 06/02/2020 1000 17.8    
01648024 07/02/2020 1000 3.2     
01648024 08/02/2020 1000 3.25    
01648024 09/02/2020 1000 17.5    
01648024 10/02/2020 1000 7.25    
01648024 11/02/2020 1000 0.75    
01648024 12/02/2020 1000 0       
01648024 13/02/2020 1000 29.75   
01648024 14/02/2020 1000 0       
01648024 15/02/2020 1000 6.75    
01648024 16/02/2020 1000 1.25    
01648024 17/02/2020 1000 0.75    
01648024 18/02/2020 1000 13.25   
01648024 19/02/2020 1000 0.25    
01648024 20/02/2020 1000 20      
01648024 21/02/2020 1000 10      
01648024 22/02/2020 1000 0       
01648024 23/02/2020 1000 20      
01648024 24/02/2020 1000 2       
01648024 25/02/2020 1000 10      
01648024 26/02/2020 1000 5       
01648024 27/02/2020 1000 10      
01648024 28/02/2020 1000 2       
01648024 29/02/2020 1000 15      
01648024 01/03/2020 1000 10      
01648024 02/03/2020 1000 5       
01648024 03/03/2020 1000 50      
01648024 04/03/2020 1000 10      
01648024 05/03/2020 1000 0       
01648024 06/03/2020 1000 30      
01648024 07/03/2020 1000 10      
01648024 08/03/2020 1000 20      
01648024 09/03/2020 1000 0       
01648024 10/03/2020 1000 0       
01648024 11/03/2020 1000 0       
01648024 12/03/2020 1000 0       
01648024 13/03/2020 1000 0       
01648024 14/03/2020 1000 0       
01648024 15/03/2020 1000 0       
01648024 16/03/2020 1000 0       
01648024 17/03/2020 1000 0       
01648024 18/03/2020 1000 0       
01648024 19/03/2020 1000 0       
01648024 20/03/2020 1000 30      
01648024 21/03/2020 1000 0       
01648024 22/03/2020 1000 0       
01648024 23/03/2020 1000 1.1637499999937582