01848054 06/02/2020 1000 30      
01848054 07/02/2020 1000 30      
01848054 08/02/2020 1000 5       
01848054 09/02/2020 1000 15      
01848054 10/02/2020 1000 10      
01848054 11/02/2020 1000 9.2     
01848054 12/02/2020 1000 25.4    
01848054 13/02/2020 1000 9       
01848054 14/02/2020 1000 5.2     
01848054 15/02/2020 1000 0       
01848054 16/02/2020 1000 1.6     
01848054 17/02/2020 1000 4       
01848054 18/02/2020 1000 33.6    
01848054 19/02/2020 1000 1.6     
01848054 20/02/2020 1000 3.2     
01848054 21/02/2020 1000 0       
01848054 22/02/2020 1000 11.6    
01848054 23/02/2020 1000 0.4     
01848054 24/02/2020 1000 34      
01848054 25/02/2020 1000 14.4    
01848054 26/02/2020 1000 7.4     
01848054 27/02/2020 1000 0.8     
01848054 28/02/2020 1000 15.4    
01848054 29/02/2020 1000 15.4    
01848054 01/03/2020 1000 5.4     
01848054 02/03/2020 1000 41      
01848054 03/03/2020 1000 0       
01848054 04/03/2020 1000 0       
01848054 05/03/2020 1000 0       
01848054 06/03/2020 1000 0       
01848054 07/03/2020 1000 20.8    
01848054 08/03/2020 1000 0       
01848054 09/03/2020 1000 0       
01848054 10/03/2020 1000 0       
01848054 11/03/2020 1000 0       
01848054 12/03/2020 1000 0       
01848054 13/03/2020 1000 0       
01848054 14/03/2020 1000 2.2     
01848054 15/03/2020 1000 0       
01848054 16/03/2020 1000 0       
01848054 17/03/2020 1000 0       
01848054 18/03/2020 1000 0       
01848054 19/03/2020 1000 0       
01848054 20/03/2020 1000 6.6     
01848054 21/03/2020 1000 0.8     
01848054 22/03/2020 1000 44.4    
01848054 23/03/2020 1000 0.001942557187783414