99990507 06/02/2020 1200 18.2    
99990507 07/02/2020 1200 17      
99990507 08/02/2020 1200 1.8     
99990507 09/02/2020 1200 15      
99990507 10/02/2020 1200 6.2     
99990507 11/02/2020 1200 1.4     
99990507 12/02/2020 1200 15.6    
99990507 13/02/2020 1200 22.2    
99990507 14/02/2020 1200 28      
99990507 15/02/2020 1200 0       
99990507 16/02/2020 1200 3.6     
99990507 17/02/2020 1200 2.2     
99990507 18/02/2020 1200 4.8     
99990507 19/02/2020 1200 8.4     
99990507 20/02/2020 1200 0       
99990507 21/02/2020 1200 0       
99990507 22/02/2020 1200 3.6     
99990507 23/02/2020 1200 9.8     
99990507 24/02/2020 1200 6.4     
99990507 25/02/2020 1200 5.6     
99990507 26/02/2020 1200 3       
99990507 27/02/2020 1200 35.2    
99990507 28/02/2020 1200 20.2    
99990507 29/02/2020 1200 23.6    
99990507 01/03/2020 1200 8.2     
99990507 02/03/2020 1200 6.8     
99990507 03/03/2020 1200 0       
99990507 04/03/2020 1200 0       
99990507 05/03/2020 1200 0       
99990507 06/03/2020 1200 1.6     
99990507 07/03/2020 1200 0.2     
99990507 08/03/2020 1200 0       
99990507 09/03/2020 1200 0       
99990507 10/03/2020 1200 0       
99990507 11/03/2020 1200 0       
99990507 12/03/2020 1200 0       
99990507 13/03/2020 1200 0       
99990507 14/03/2020 1200 5.6     
99990507 15/03/2020 1200 0       
99990507 16/03/2020 1200 0       
99990507 17/03/2020 1200 0       
99990507 18/03/2020 1200 16.6    
99990507 19/03/2020 1200 25.4    
99990507 20/03/2020 1200 55.2    
99990507 21/03/2020 1200 7.8     
99990507 22/03/2020 1200 24.2    
99990507 23/03/2020 1200 0.0011857072016294731