99990523 06/02/2020 1200 4.6     
99990523 07/02/2020 1200 12.8    
99990523 08/02/2020 1200 15.4    
99990523 09/02/2020 1200 0.2     
99990523 10/02/2020 1200 0.4     
99990523 11/02/2020 1200 12.8    
99990523 12/02/2020 1200 60.6    
99990523 13/02/2020 1200 34.4    
99990523 14/02/2020 1200 19.4    
99990523 15/02/2020 1200 0       
99990523 16/02/2020 1200 29.8    
99990523 17/02/2020 1200 0.4     
99990523 18/02/2020 1200 2.4     
99990523 19/02/2020 1200 26.4    
99990523 20/02/2020 1200 0       
99990523 21/02/2020 1200 3.4     
99990523 22/02/2020 1200 0.2     
99990523 23/02/2020 1200 27.6    
99990523 24/02/2020 1200 21.6    
99990523 25/02/2020 1200 14      
99990523 26/02/2020 1200 3.6     
99990523 27/02/2020 1200 20.8    
99990523 28/02/2020 1200 44.4    
99990523 29/02/2020 1200 27.2    
99990523 01/03/2020 1200 30.6    
99990523 02/03/2020 1200 80.8    
99990523 03/03/2020 1200 0       
99990523 04/03/2020 1200 8.2     
99990523 05/03/2020 1200 0       
99990523 06/03/2020 1200 0       
99990523 07/03/2020 1200 22.8    
99990523 08/03/2020 1200 0       
99990523 09/03/2020 1200 3       
99990523 10/03/2020 1200 0       
99990523 11/03/2020 1200 2.2     
99990523 12/03/2020 1200 0       
99990523 13/03/2020 1200 0       
99990523 14/03/2020 1200 16.6    
99990523 15/03/2020 1200 15.2    
99990523 16/03/2020 1200 0.2     
99990523 17/03/2020 1200 0       
99990523 18/03/2020 1200 0.8     
99990523 19/03/2020 1200 0       
99990523 20/03/2020 1200 3       
99990523 21/03/2020 1200 2.8     
99990523 22/03/2020 1200 21.4    
99990523 23/03/2020 1200 2.1802973927571965