02551054 09/02/2020 1000 0       
02551054 10/02/2020 1000 2.4     
02551054 11/02/2020 1000 0       
02551054 12/02/2020 1000 0       
02551054 13/02/2020 1000 0       
02551054 14/02/2020 1000 0       
02551054 15/02/2020 1000 0       
02551054 16/02/2020 1000 0       
02551054 17/02/2020 1000 0       
02551054 18/02/2020 1000 0       
02551054 19/02/2020 1000 0       
02551054 20/02/2020 1000 0       
02551054 21/02/2020 1000 0       
02551054 22/02/2020 1000 0       
02551054 23/02/2020 1000 0       
02551054 24/02/2020 1000 0       
02551054 25/02/2020 1000 19.6    
02551054 26/02/2020 1000 63.6    
02551054 27/02/2020 1000 2.6     
02551054 28/02/2020 1000 0       
02551054 29/02/2020 1000 0       
02551054 01/03/2020 1000 0       
02551054 02/03/2020 1000 0       
02551054 03/03/2020 1000 0.2     
02551054 04/03/2020 1000 0       
02551054 05/03/2020 1000 0.2     
02551054 06/03/2020 1000 0       
02551054 07/03/2020 1000 0       
02551054 08/03/2020 1000 0.2     
02551054 09/03/2020 1000 0       
02551054 10/03/2020 1000 0       
02551054 11/03/2020 1000 0       
02551054 12/03/2020 1000 0       
02551054 13/03/2020 1000 0       
02551054 14/03/2020 1000 0       
02551054 15/03/2020 1000 0       
02551054 16/03/2020 1000 0       
02551054 17/03/2020 1000 0       
02551054 18/03/2020 1000 0.2     
02551054 19/03/2020 1000 33.4    
02551054 20/03/2020 1000 0.8     
02551054 21/03/2020 1000 0       
02551054 22/03/2020 1000 0       
02551054 23/03/2020 1000 0       
02551054 24/03/2020 1000 0       
02551054 25/03/2020 1000 0       
02551054 26/03/2020 1000 0.0