02553068 09/02/2020 1000 0       
02553068 10/02/2020 1000 0       
02553068 11/02/2020 1000 0       
02553068 12/02/2020 1000 0       
02553068 13/02/2020 1000 0       
02553068 14/02/2020 1000 0       
02553068 15/02/2020 1000 0       
02553068 16/02/2020 1000 0       
02553068 17/02/2020 1000 0       
02553068 18/02/2020 1000 0.8     
02553068 19/02/2020 1000 7.4     
02553068 20/02/2020 1000 0       
02553068 21/02/2020 1000 0       
02553068 22/02/2020 1000 0       
02553068 23/02/2020 1000 0       
02553068 24/02/2020 1000 0       
02553068 25/02/2020 1000 0       
02553068 26/02/2020 1000 27.6    
02553068 27/02/2020 1000 2.4     
02553068 28/02/2020 1000 1       
02553068 29/02/2020 1000 4.4     
02553068 01/03/2020 1000 2.2     
02553068 02/03/2020 1000 0       
02553068 03/03/2020 1000 0       
02553068 04/03/2020 1000 0       
02553068 05/03/2020 1000 0       
02553068 06/03/2020 1000 0       
02553068 07/03/2020 1000 0       
02553068 08/03/2020 1000 0       
02553068 09/03/2020 1000 0       
02553068 10/03/2020 1000 0       
02553068 11/03/2020 1000 0       
02553068 12/03/2020 1000 0       
02553068 13/03/2020 1000 0       
02553068 14/03/2020 1000 0       
02553068 15/03/2020 1000 0       
02553068 16/03/2020 1000 0       
02553068 17/03/2020 1000 0       
02553068 18/03/2020 1000 0       
02553068 19/03/2020 1000 14.8    
02553068 20/03/2020 1000 5.4     
02553068 21/03/2020 1000 1.4     
02553068 22/03/2020 1000 1       
02553068 23/03/2020 1000 1.6     
02553068 24/03/2020 1000 1.4     
02553068 25/03/2020 1000 0       
02553068 26/03/2020 1000 0.0