02650026 09/02/2020 1000 0       
02650026 10/02/2020 1000 1.2     
02650026 11/02/2020 1000 0       
02650026 12/02/2020 1000 0       
02650026 13/02/2020 1000 0       
02650026 14/02/2020 1000 0       
02650026 15/02/2020 1000 0       
02650026 16/02/2020 1000 0       
02650026 17/02/2020 1000 0       
02650026 18/02/2020 1000 0       
02650026 19/02/2020 1000 21.4    
02650026 20/02/2020 1000 27.2    
02650026 21/02/2020 1000 0       
02650026 22/02/2020 1000 0       
02650026 23/02/2020 1000 0       
02650026 24/02/2020 1000 0       
02650026 25/02/2020 1000 0.2     
02650026 26/02/2020 1000 105.8   
02650026 27/02/2020 1000 2.8     
02650026 28/02/2020 1000 0       
02650026 29/02/2020 1000 0       
02650026 01/03/2020 1000 0       
02650026 02/03/2020 1000 0       
02650026 03/03/2020 1000 0       
02650026 04/03/2020 1000 0       
02650026 05/03/2020 1000 0       
02650026 06/03/2020 1000 0       
02650026 07/03/2020 1000 0       
02650026 08/03/2020 1000 0       
02650026 09/03/2020 1000 0       
02650026 10/03/2020 1000 0       
02650026 11/03/2020 1000 0       
02650026 12/03/2020 1000 0       
02650026 13/03/2020 1000 0       
02650026 14/03/2020 1000 0       
02650026 15/03/2020 1000 0       
02650026 16/03/2020 1000 0       
02650026 17/03/2020 1000 3.6     
02650026 18/03/2020 1000 0       
02650026 19/03/2020 1000 7.4     
02650026 20/03/2020 1000 0       
02650026 21/03/2020 1000 0       
02650026 22/03/2020 1000 0       
02650026 23/03/2020 1000 0       
02650026 24/03/2020 1000 0       
02650026 25/03/2020 1000 0       
02650026 26/03/2020 1000 0.0