02651055 09/02/2020 1000 0.4     
02651055 10/02/2020 1000 0       
02651055 11/02/2020 1000 0       
02651055 12/02/2020 1000 0       
02651055 13/02/2020 1000 0       
02651055 14/02/2020 1000 0       
02651055 15/02/2020 1000 0       
02651055 16/02/2020 1000 0       
02651055 17/02/2020 1000 0       
02651055 18/02/2020 1000 0       
02651055 19/02/2020 1000 0.4     
02651055 20/02/2020 1000 0       
02651055 21/02/2020 1000 0       
02651055 22/02/2020 1000 0       
02651055 23/02/2020 1000 0       
02651055 24/02/2020 1000 0       
02651055 25/02/2020 1000 0.8     
02651055 26/02/2020 1000 70.2    
02651055 27/02/2020 1000 0.6     
02651055 28/02/2020 1000 0       
02651055 29/02/2020 1000 0       
02651055 01/03/2020 1000 0.4     
02651055 02/03/2020 1000 0       
02651055 03/03/2020 1000 0       
02651055 04/03/2020 1000 0       
02651055 05/03/2020 1000 0       
02651055 06/03/2020 1000 0       
02651055 07/03/2020 1000 0       
02651055 08/03/2020 1000 10.4    
02651055 09/03/2020 1000 0       
02651055 10/03/2020 1000 0       
02651055 11/03/2020 1000 0       
02651055 12/03/2020 1000 0       
02651055 13/03/2020 1000 0       
02651055 14/03/2020 1000 0       
02651055 15/03/2020 1000 0       
02651055 16/03/2020 1000 0       
02651055 17/03/2020 1000 0       
02651055 18/03/2020 1000 3       
02651055 19/03/2020 1000 35.2    
02651055 20/03/2020 1000 1.8     
02651055 21/03/2020 1000 0       
02651055 22/03/2020 1000 0       
02651055 23/03/2020 1000 0       
02651055 24/03/2020 1000 0       
02651055 25/03/2020 1000 0       
02651055 26/03/2020 1000 0.0