99990843 09/02/2020 1200 0       
99990843 10/02/2020 1200 1       
99990843 11/02/2020 1200 7.2     
99990843 12/02/2020 1200 0       
99990843 13/02/2020 1200 0       
99990843 14/02/2020 1200 0       
99990843 15/02/2020 1200 0       
99990843 16/02/2020 1200 0       
99990843 17/02/2020 1200 0       
99990843 18/02/2020 1200 12      
99990843 19/02/2020 1200 9.4     
99990843 20/02/2020 1200 0.2     
99990843 21/02/2020 1200 0       
99990843 22/02/2020 1200 0       
99990843 23/02/2020 1200 0       
99990843 24/02/2020 1200 0       
99990843 25/02/2020 1200 1.2     
99990843 26/02/2020 1200 66.6    
99990843 27/02/2020 1200 0       
99990843 28/02/2020 1200 0       
99990843 29/02/2020 1200 0       
99990843 01/03/2020 1200 0       
99990843 02/03/2020 1200 0       
99990843 03/03/2020 1200 0       
99990843 04/03/2020 1200 3.6     
99990843 05/03/2020 1200 0       
99990843 06/03/2020 1200 0       
99990843 07/03/2020 1200 0       
99990843 08/03/2020 1200 0       
99990843 09/03/2020 1200 0       
99990843 10/03/2020 1200 0       
99990843 11/03/2020 1200 0       
99990843 12/03/2020 1200 0       
99990843 13/03/2020 1200 0       
99990843 14/03/2020 1200 0       
99990843 15/03/2020 1200 0       
99990843 16/03/2020 1200 0       
99990843 17/03/2020 1200 0       
99990843 18/03/2020 1200 1.8     
99990843 19/03/2020 1200 14.8    
99990843 20/03/2020 1200 1.6     
99990843 21/03/2020 1200 0       
99990843 22/03/2020 1200 0       
99990843 23/03/2020 1200 0       
99990843 24/03/2020 1200 0       
99990843 25/03/2020 1200 0       
99990843 26/03/2020 1200 0.0