99990862 09/02/2020 1200 0       
99990862 10/02/2020 1200 32.2    
99990862 11/02/2020 1200 0.2     
99990862 12/02/2020 1200 0       
99990862 13/02/2020 1200 0       
99990862 14/02/2020 1200 0.2     
99990862 15/02/2020 1200 1.2     
99990862 16/02/2020 1200 0       
99990862 17/02/2020 1200 0       
99990862 18/02/2020 1200 0       
99990862 19/02/2020 1200 0       
99990862 20/02/2020 1200 5.6     
99990862 21/02/2020 1200 0       
99990862 22/02/2020 1200 1.6     
99990862 23/02/2020 1200 0.2     
99990862 24/02/2020 1200 0       
99990862 25/02/2020 1200 31.2    
99990862 26/02/2020 1200 71.8    
99990862 27/02/2020 1200 0.8     
99990862 28/02/2020 1200 0.2     
99990862 29/02/2020 1200 0       
99990862 01/03/2020 1200 0.6     
99990862 02/03/2020 1200 0.6     
99990862 03/03/2020 1200 6       
99990862 04/03/2020 1200 3       
99990862 05/03/2020 1200 0       
99990862 06/03/2020 1200 0.2     
99990862 07/03/2020 1200 0       
99990862 08/03/2020 1200 0       
99990862 09/03/2020 1200 0       
99990862 10/03/2020 1200 0       
99990862 11/03/2020 1200 0.2     
99990862 12/03/2020 1200 0       
99990862 13/03/2020 1200 0       
99990862 14/03/2020 1200 0       
99990862 15/03/2020 1200 0       
99990862 16/03/2020 1200 0       
99990862 17/03/2020 1200 2       
99990862 18/03/2020 1200 0.8     
99990862 19/03/2020 1200 5.8     
99990862 20/03/2020 1200 0.2     
99990862 21/03/2020 1200 0       
99990862 22/03/2020 1200 0       
99990862 23/03/2020 1200 0.2     
99990862 24/03/2020 1200 0       
99990862 25/03/2020 1200 0.2     
99990862 26/03/2020 1200 0.1774334374978132