34      
01645000 0.029
01646003 0.029
01646012 0.029
01647010 0.029
01744046 0.029
01744047 0.029
01745015 0.029
01843021 0.029
01844025 0.029
01845009 0.029
01845026 0.029
01845033 0.029
01845034 0.029
01846032 0.029
01943084 0.029
02043065 0.029
02043076 0.029
02043077 0.029
00083428 0.029
00083483 0.029
00083566 0.029
00083583 0.029
00083587 0.029
0000A521 0.030
0000A528 0.030
0000A538 0.030
0000A542 0.030
0000A545 0.030
0000A547 0.030
0000A553 0.030
0000A555 0.030
0000A569 0.030
0000A571 0.030
0000F501 0.030
