00083781 07/02/2020 1200 26      
00083781 08/02/2020 1200 0       
00083781 09/02/2020 1200 0       
00083781 10/02/2020 1200 114     
00083781 11/02/2020 1200 43      
00083781 12/02/2020 1200 0.2     
00083781 13/02/2020 1200 0.5     
00083781 14/02/2020 1200 3       
00083781 15/02/2020 1200 0       
00083781 16/02/2020 1200 0       
00083781 17/02/2020 1200 7       
00083781 18/02/2020 1200 13      
00083781 19/02/2020 1200 21      
00083781 20/02/2020 1200 4       
00083781 21/02/2020 1200 2       
00083781 22/02/2020 1200 3       
00083781 23/02/2020 1200 0.3     
00083781 24/02/2020 1200 0       
00083781 25/02/2020 1200 19      
00083781 26/02/2020 0000 -       
00083781 27/02/2020 1200 44      
00083781 28/02/2020 1200 0       
00083781 29/02/2020 1200 13      
00083781 01/03/2020 1200 0.2     
00083781 02/03/2020 1200 1       
00083781 03/03/2020 1200 28      
00083781 04/03/2020 1200 0.3     
00083781 05/03/2020 1200 0       
00083781 06/03/2020 1200 0       
00083781 07/03/2020 1200 0       
00083781 08/03/2020 1200 0       
00083781 09/03/2020 1200 1       
00083781 10/03/2020 1200 0       
00083781 11/03/2020 1200 0       
00083781 12/03/2020 1200 0       
00083781 13/03/2020 1200 0       
00083781 14/03/2020 1200 0       
00083781 15/03/2020 1200 0       
00083781 16/03/2020 1200 0       
00083781 17/03/2020 1200 10      
00083781 18/03/2020 1200 0       
00083781 19/03/2020 1200 4.2     
00083781 20/03/2020 1200 0.7     
00083781 21/03/2020 1200 1       
00083781 22/03/2020 1200 0.1     
00083781 23/03/2020 1200 0.3     
00083781 24/03/2020 1200 0.26995182433591897