00083779 07/02/2020 1200 36      
00083779 08/02/2020 1200 0       
00083779 09/02/2020 1200 0       
00083779 10/02/2020 1200 50      
00083779 11/02/2020 1200 30      
00083779 12/02/2020 1200 0       
00083779 13/02/2020 1200 0       
00083779 14/02/2020 1200 2       
00083779 15/02/2020 1200 0       
00083779 16/02/2020 1200 0       
00083779 17/02/2020 1200 11      
00083779 18/02/2020 1200 3       
00083779 19/02/2020 1200 17      
00083779 20/02/2020 1200 4       
00083779 21/02/2020 1200 5       
00083779 22/02/2020 1200 3       
00083779 23/02/2020 1200 0       
00083779 24/02/2020 1200 0       
00083779 25/02/2020 1200 1       
00083779 26/02/2020 1200 10      
00083779 27/02/2020 1200 18      
00083779 28/02/2020 1200 0       
00083779 29/02/2020 1200 6       
00083779 01/03/2020 1200 0       
00083779 02/03/2020 1200 0       
00083779 03/03/2020 1200 17      
00083779 04/03/2020 1200 0       
00083779 05/03/2020 1200 0       
00083779 06/03/2020 1200 0       
00083779 07/03/2020 1200 0       
00083779 08/03/2020 1200 0       
00083779 09/03/2020 1200 6       
00083779 10/03/2020 1200 0       
00083779 11/03/2020 1200 0       
00083779 12/03/2020 1200 0       
00083779 13/03/2020 1200 0       
00083779 14/03/2020 1200 0       
00083779 15/03/2020 1200 0       
00083779 16/03/2020 1200 0       
00083779 17/03/2020 1200 0       
00083779 18/03/2020 1200 0       
00083779 19/03/2020 1200 9       
00083779 20/03/2020 1200 0       
00083779 21/03/2020 1200 1       
00083779 22/03/2020 1200 0       
00083779 23/03/2020 1200 0       
00083779 24/03/2020 1200 0.305260644527102