00083722 07/02/2020 1200 2       
00083722 08/02/2020 1200 7       
00083722 09/02/2020 1200 1       
00083722 10/02/2020 1200 43      
00083722 11/02/2020 1200 58      
00083722 12/02/2020 1200 0       
00083722 13/02/2020 1200 0       
00083722 14/02/2020 1200 0       
00083722 15/02/2020 1200 0       
00083722 16/02/2020 1200 0       
00083722 17/02/2020 1200 0       
00083722 18/02/2020 1200 0       
00083722 19/02/2020 1200 0       
00083722 20/02/2020 1200 0       
00083722 21/02/2020 1200 15      
00083722 22/02/2020 1200 62      
00083722 23/02/2020 1200 0       
00083722 24/02/2020 1200 0       
00083722 25/02/2020 1200 1       
00083722 26/02/2020 1200 31      
00083722 27/02/2020 1200 23      
00083722 28/02/2020 1200 0       
00083722 29/02/2020 1200 0       
00083722 01/03/2020 1200 0       
00083722 02/03/2020 1200 0       
00083722 03/03/2020 1200 0       
00083722 04/03/2020 1200 0       
00083722 05/03/2020 1200 0       
00083722 06/03/2020 1200 0       
00083722 07/03/2020 1200 0       
00083722 08/03/2020 1200 0       
00083722 09/03/2020 1200 0       
00083722 10/03/2020 1200 0       
00083722 11/03/2020 1200 0       
00083722 12/03/2020 1200 0       
00083722 13/03/2020 1200 0       
00083722 14/03/2020 1200 0       
00083722 15/03/2020 1200 0       
00083722 16/03/2020 1200 0       
00083722 17/03/2020 1200 0       
00083722 18/03/2020 1200 2       
00083722 19/03/2020 1200 0       
00083722 20/03/2020 1200 2       
00083722 21/03/2020 1200 15      
00083722 22/03/2020 1200 0       
00083722 23/03/2020 1200 0       
00083722 24/03/2020 1200 0.0