02150091 07/02/2020 1000 5.6     
02150091 08/02/2020 1000 8.6     
02150091 09/02/2020 1000 0       
02150091 10/02/2020 1000 30      
02150091 11/02/2020 1000 15.6    
02150091 12/02/2020 1000 0       
02150091 13/02/2020 1000 0       
02150091 14/02/2020 1000 0       
02150091 15/02/2020 1000 0       
02150091 16/02/2020 1000 13.4    
02150091 17/02/2020 1000 26.8    
02150091 18/02/2020 1000 0.2     
02150091 19/02/2020 1000 0.6     
02150091 20/02/2020 1000 0       
02150091 21/02/2020 1000 25      
02150091 22/02/2020 1000 0       
02150091 23/02/2020 1000 0       
02150091 24/02/2020 1000 0       
02150091 25/02/2020 1000 2.6     
02150091 26/02/2020 1000 15      
02150091 27/02/2020 1000 86.4    
02150091 28/02/2020 1000 0.2     
02150091 29/02/2020 1000 0       
02150091 01/03/2020 1000 0       
02150091 02/03/2020 1000 0       
02150091 03/03/2020 1000 0       
02150091 04/03/2020 1000 0       
02150091 05/03/2020 1000 0       
02150091 06/03/2020 1000 0       
02150091 07/03/2020 1000 0       
02150091 08/03/2020 1000 0       
02150091 09/03/2020 1000 0       
02150091 10/03/2020 1000 0       
02150091 11/03/2020 1000 0       
02150091 12/03/2020 1000 1       
02150091 13/03/2020 1000 0       
02150091 14/03/2020 1000 0       
02150091 15/03/2020 1000 0       
02150091 16/03/2020 1000 0       
02150091 17/03/2020 1000 0       
02150091 18/03/2020 1000 0       
02150091 19/03/2020 1000 12.6    
02150091 20/03/2020 1000 0.2     
02150091 21/03/2020 1000 0.4     
02150091 22/03/2020 1000 0       
02150091 23/03/2020 1000 0       
02150091 24/03/2020 1000 0.0