02247201 07/02/2020 1000 13.5    
02247201 08/02/2020 1000 0.1     
02247201 09/02/2020 1000 0       
02247201 10/02/2020 1000 25      
02247201 11/02/2020 1000 31.3    
02247201 12/02/2020 1000 0       
02247201 13/02/2020 1000 0.3     
02247201 14/02/2020 1000 0       
02247201 15/02/2020 1000 0       
02247201 16/02/2020 1000 0       
02247201 17/02/2020 1000 0       
02247201 18/02/2020 1000 0       
02247201 19/02/2020 1000 2       
02247201 20/02/2020 1000 15.6    
02247201 21/02/2020 1000 21.7    
02247201 22/02/2020 1000 10      
02247201 23/02/2020 1000 0       
02247201 24/02/2020 1000 0       
02247201 25/02/2020 1000 1.5     
02247201 26/02/2020 1000 28.2    
02247201 27/02/2020 1000 41.6    
02247201 28/02/2020 1000 0       
02247201 29/02/2020 1000 0       
02247201 01/03/2020 1000 0.8     
02247201 02/03/2020 1000 0.3     
02247201 03/03/2020 1000 0       
02247201 04/03/2020 1000 2.1     
02247201 05/03/2020 1000 0       
02247201 06/03/2020 1000 0       
02247201 07/03/2020 1000 0       
02247201 08/03/2020 1000 0       
02247201 09/03/2020 1000 1.4     
02247201 10/03/2020 1000 0       
02247201 11/03/2020 1000 0       
02247201 12/03/2020 1000 0       
02247201 13/03/2020 1000 0       
02247201 14/03/2020 1000 0       
02247201 15/03/2020 1000 0       
02247201 16/03/2020 1000 0       
02247201 17/03/2020 1000 0.3     
02247201 18/03/2020 1000 18.8    
02247201 19/03/2020 1000 0.6     
02247201 20/03/2020 1000 14      
02247201 21/03/2020 1000 8       
02247201 22/03/2020 1000 0       
02247201 23/03/2020 1000 0       
02247201 24/03/2020 1000 0.0