01947032 07/02/2020 1000 44      
01947032 08/02/2020 1000 0       
01947032 09/02/2020 1000 0       
01947032 10/02/2020 1000 0       
01947032 11/02/2020 1000 6       
01947032 12/02/2020 1000 25      
01947032 13/02/2020 1000 7       
01947032 14/02/2020 1000 1       
01947032 15/02/2020 1000 0       
01947032 16/02/2020 1000 0       
01947032 17/02/2020 1000 0       
01947032 18/02/2020 1000 3       
01947032 19/02/2020 1000 13      
01947032 20/02/2020 1000 0       
01947032 21/02/2020 1000 15      
01947032 22/02/2020 1000 20      
01947032 23/02/2020 1000 4       
01947032 24/02/2020 1000 16      
01947032 25/02/2020 1000 4       
01947032 26/02/2020 1000 15      
01947032 27/02/2020 1000 14      
01947032 28/02/2020 1000 8       
01947032 29/02/2020 1000 30      
01947032 01/03/2020 1000 4       
01947032 02/03/2020 1000 5       
01947032 03/03/2020 1000 0       
01947032 04/03/2020 1000 0       
01947032 05/03/2020 1000 0       
01947032 06/03/2020 1000 0       
01947032 07/03/2020 1000 0       
01947032 08/03/2020 1000 0       
01947032 09/03/2020 1000 0       
01947032 10/03/2020 1000 0       
01947032 11/03/2020 1000 0       
01947032 12/03/2020 1000 0       
01947032 13/03/2020 1000 0       
01947032 14/03/2020 1000 0       
01947032 15/03/2020 1000 3       
01947032 16/03/2020 1000 27      
01947032 17/03/2020 1000 0       
01947032 18/03/2020 1000 1       
01947032 19/03/2020 1000 6       
01947032 20/03/2020 1000 2       
01947032 21/03/2020 1000 29      
01947032 22/03/2020 1000 2       
01947032 23/03/2020 1000 3       
01947032 24/03/2020 1000 0.0