02047045 07/02/2020 1000 30.4    
02047045 08/02/2020 1000 19.2    
02047045 09/02/2020 1000 3.6     
02047045 10/02/2020 1000 4       
02047045 11/02/2020 1000 20.4    
02047045 12/02/2020 1000 22      
02047045 13/02/2020 1000 7.4     
02047045 14/02/2020 1000 3.4     
02047045 15/02/2020 1000 0       
02047045 16/02/2020 1000 15.2    
02047045 17/02/2020 1000 4.2     
02047045 18/02/2020 1000 3       
02047045 19/02/2020 1000 2.6     
02047045 20/02/2020 1000 0.4     
02047045 21/02/2020 1000 4.2     
02047045 22/02/2020 1000 0.6     
02047045 23/02/2020 1000 15.2    
02047045 24/02/2020 1000 0       
02047045 25/02/2020 1000 0.6     
02047045 26/02/2020 1000 29.6    
02047045 27/02/2020 1000 18.8    
02047045 28/02/2020 1000 54.2    
02047045 29/02/2020 1000 70.6    
02047045 01/03/2020 1000 0.6     
02047045 02/03/2020 1000 27.8    
02047045 03/03/2020 1000 0       
02047045 04/03/2020 1000 0       
02047045 05/03/2020 1000 0       
02047045 06/03/2020 1000 0       
02047045 07/03/2020 1000 0.2     
02047045 08/03/2020 1000 0       
02047045 09/03/2020 1000 0       
02047045 10/03/2020 1000 0       
02047045 11/03/2020 1000 0       
02047045 12/03/2020 1000 0       
02047045 13/03/2020 1000 0       
02047045 14/03/2020 1000 0       
02047045 15/03/2020 1000 12.8    
02047045 16/03/2020 1000 0.2     
02047045 17/03/2020 1000 0       
02047045 18/03/2020 1000 0       
02047045 19/03/2020 1000 0       
02047045 20/03/2020 1000 0       
02047045 21/03/2020 1000 50.4    
02047045 22/03/2020 1000 3.2     
02047045 23/03/2020 1000 0       
02047045 24/03/2020 1000 0.0