61833000 07/02/2020 1000 10      
61833000 08/02/2020 1000 15      
61833000 09/02/2020 1000 0       
61833000 10/02/2020 1000 5       
61833000 11/02/2020 1000 15      
61833000 12/02/2020 1000 8.8     
61833000 13/02/2020 1000 0.6     
61833000 14/02/2020 1000 15.1    
61833000 15/02/2020 1000 0       
61833000 16/02/2020 1000 0       
61833000 17/02/2020 1000 5       
61833000 18/02/2020 1000 9.9     
61833000 19/02/2020 1000 0       
61833000 20/02/2020 1000 0       
61833000 21/02/2020 1000 15      
61833000 22/02/2020 1000 10      
61833000 23/02/2020 1000 3.4     
61833000 24/02/2020 1000 0.2     
61833000 25/02/2020 1000 5       
61833000 26/02/2020 1000 5       
61833000 27/02/2020 1000 15      
61833000 28/02/2020 1000 20      
61833000 29/02/2020 1000 0       
61833000 01/03/2020 1000 0       
61833000 02/03/2020 1000 15      
61833000 03/03/2020 1000 0       
61833000 04/03/2020 1000 0       
61833000 05/03/2020 1000 0       
61833000 06/03/2020 1000 0       
61833000 07/03/2020 1000 0       
61833000 08/03/2020 1000 0       
61833000 09/03/2020 1000 0       
61833000 10/03/2020 1000 0       
61833000 11/03/2020 1000 0       
61833000 12/03/2020 1000 0       
61833000 13/03/2020 1000 0       
61833000 14/03/2020 1000 0       
61833000 15/03/2020 1000 0       
61833000 16/03/2020 1000 0       
61833000 17/03/2020 1000 0       
61833000 18/03/2020 1000 0       
61833000 19/03/2020 1000 0       
61833000 20/03/2020 1000 15      
61833000 21/03/2020 1000 25      
61833000 22/03/2020 1000 0       
61833000 23/03/2020 1000 0       
61833000 24/03/2020 1000 0.0