ONS-Operador Nacional Do Sistema Eletrico
Modelo Computacional SMAP
Versao: 3.0.0 Data: 23/09/2019

Iniciando execucao: 22-03-2020 12:54:03

Parametros
   Amplitude inicial: 0.5
   somacoef alvo: 2 (nao e necessario multiplicar por 100)
   Limite de iteracoes: 10000
   Particulas: 24
   Pulso inicial: 0.1
   Uso de pesos: on
   Gerar graficos: off
   Semente: 9952

Sub bacia: CORUMBA1
cef: 0.99569069
dm: 0.011618509
ebin: 231.97858
mape: 0.010789791
*somacoef: 1.9849009
supin: 175.13499
Iteracoes: 10000
Iteracao otima: 9942
Tempo: 9.906 s

Qcal
[33](0,0,407.11358,410.50559,412.32818,420.73656,433.02166,509.57656,574.26398,722.27169,796.5954,727.97834,675.17575,666.5523,763.4938,794.45969,686.52666,700.80933,762.55268,731.65071,719.37947,656.40587,596.11525,543.82161,505.22989,475.33546,452.45318,434.74873,420.82587,409.66569,400.5108,409.88138,418.33357)
Rsolo
[33](0,66.3573,68.982223,71.016952,73.165192,75.266456,80.670059,85.056981,91.758166,95.294281,92.456057,90.126761,90.38113,94.615309,96.069363,88.805113,90.222946,93.27154,91.922418,91.405498,87.001888,81.860127,75.860749,71.722123,67.408126,63.844986,60.731063,58.03507,55.647537,53.568197,54.970025,56.496023,54.285553)
Rsub
[33](0,112.42161,113.13609,114.17431,115.47308,117.05827,118.93387,121.63425,125.05652,129.69561,135.00497,139.69554,143.89288,148.10269,153.11405,158.38194,162.16821,166.19007,170.77383,175.0507,179.18964,182.46367,184.8126,186.19203,186.96573,187.16678,186.93945,186.37145,185.53448,184.47984,183.25194,182.15619,181.20872)
Rsup
[33](0,2.8140491,2.8448627,2.8397251,2.9317683,3.0766062,4.244495,5.1943522,7.4590557,8.4994692,7.220903,6.2169584,5.9392324,7.3572986,7.6887002,5.7797847,5.8837412,6.7424791,6.0939721,5.7549971,4.6059155,3.5286205,2.6104919,1.944669,1.4386763,1.0643402,0.78740444,0.58252592,0.43095572,0.31882329,0.51010031,0.68223924,0.50472415)
Peso chuva 
[33](1.9787801,2,2,1.8317628,1.1545472,1.0473048,1.3994432,1.3318846,1.8792696,1.6608523,0.97752235,0.84064231,0.94274338,0.97602623,1.3183426,0.53102372,1.3146882,1.6905876,0.9983566,2,2,2,0.5,1.8675114,0.5,0.5,0.5,0.5,0.5,0.5,0.69418853,0.95061549,1)
Previsao ETA40_LIMITES
[13] (5.5363636,13.184545,4.9790909,0.83545455,1.2872727,7.91,9.9872727,9.3854545,6.26,4.6436364,6.4009091,6.4009091,6.4009091)
Previsao PMEDIA_ORIG
[13] (7.2,15.2,4.4,1.4,1.3,6.4,4,3.7,1.6,0.9,1.4,1.7,4.1)
Previsao PRECMEDIA_ETA40.GEFS
[13] (5.63,11.4,3.4,1.15,1.08,3.78,4.73,3.87,2.2,1.83,3.907,3.907,3.907)
Previsao PRECZERADA_ETA40
[13] (0,0,0,0,0,0,0,0,0,0,0,0,0)


Sub bacia: CORUMBAIV
cef: 0.99561843
dm: 0.010271085
ebin: 81.262595
mape: 0.0092896196
*somacoef: 1.9863288
supin: 118.58857
Iteracoes: 10000
Iteracao otima: 9821
Tempo: 9.78 s

Qcal
[33](0,0,199.85117,203.97165,197.36459,195.78615,220.17599,260.4089,294.69596,282.79812,291.29378,291.54758,289.93149,282.81372,317.12601,337.58572,309.82631,301.87268,338.65649,312.997,286.95728,263.04916,242.43101,224.95897,210.68296,200.24424,189.91522,181.50044,173.80812,167.64327,163.64632,178.2099,242.05867)
Rsolo
[33](0,44.902,50.576591,50.601582,51.509207,56.567519,60.713955,61.751897,55.749656,57.433093,56.687458,56.006628,54.610796,60.208494,60.669587,51.208298,52.913675,60.005124,51.32342,46.290506,42.942531,40.599117,39.051105,38.533335,38.53591,37.968528,37.536029,36.599763,36.05292,35.978984,43.106521,56.4871,46.978279)
Rsub
[33](0,114.38459,115.41117,118.89399,122.35795,126.23189,132.75934,141.72588,151.27949,157.12408,163.8776,170.1405,175.96204,180.96311,189.18466,197.62388,200.68444,204.57222,212.45784,215.44343,216.13338,215.52355,214.11619,212.23722,210.35953,208.49845,206.65384,204.82554,203.01343,201.21734,199.43714,199.03437,204.87191)
Rsup
[33](0,8.0074279,8.2364089,7.62321,7.3504617,8.8114963,11.215009,13.100038,11.838372,12.131655,11.824824,11.415267,10.655393,12.732351,13.719456,11.440232,10.756363,13.05361,10.942734,9.04124,7.3938004,6.03086,4.9186114,4.0447902,3.4300128,2.8218457,2.3421429,1.9104407,1.5811009,1.3973751,2.4661447,6.7967113,5.5432005)
Peso chuva 
[33](0.64248716,2,1.7994422,1.4503048,1.3757086,1.7216661,1.4723029,1.4396879,0.88866854,1.889544,2,2,2,2,1.5566681,0.5,1.1805909,1.999577,0.5,0.5,0.5,0.62368754,2,2,2,1.029295,2,2,2,2,1.3575109,2,1)
Previsao ETA40_LIMITES
[13] (5.63,17.51,9.38,2.46,8.726,11.616,9.678,7.516,4.438,3.692,8.0646,8.0646,8.0646)
Previsao PMEDIA_ORIG
[13] (8.3,21,9.5,2.2,4.4,5.7,4.1,3.5,1.3,1.2,1.7,1.2,5.3416667)
Previsao PRECMEDIA_ETA40.GEFS
[13] (4.98,15.13,6.94,1.84,4.37,4.85,4.92,3.11,1.57,1.56,4.927,4.927,4.927)
Previsao PRECZERADA_ETA40
[13] (0,0,0,0,0,0,0,0,0,0,0,0,0)


Sub bacia: EMBORCACAO
cef: 0.99568017
dm: 0.0089416263
ebin: 396.29333
mape: 0.007828907
*somacoef: 1.9878513
supin: 165.79362
Iteracoes: 10000
Iteracao otima: 9787
Tempo: 9.094 s

Qcal
[33](0,0,562.08695,532.22028,505.91449,485.99133,555.71913,688.24846,830.25439,892.59123,865.00164,819.60384,817.77845,884.12056,984.44578,1075.1772,1005.9824,988.66451,986.55435,925.41832,852.31579,786.82898,730.06774,682.05589,641.87833,608.1671,580.98143,557.12794,536.57332,519.06451,504.09229,510.75352,522.49999)
Rsolo
[33](0,57.6768,54.721004,53.221504,52.428972,60.524128,68.848192,72.72344,71.512837,66.791796,63.278816,65.021667,69.598789,72.694842,73.608675,66.112828,67.001561,67.962424,63.52125,58.726405,55.752569,53.639677,51.625188,49.687703,47.793748,46.917172,45.781275,44.327219,42.897528,41.652514,44.196178,47.616904,45.783132)
Rsub
[33](0,258.50314,257.89624,256.11372,254.27117,252.44187,253.12925,258.10947,265.38081,271.85066,275.54555,277.38314,280.09449,285.31524,292.37292,299.95839,303.08396,306.66884,310.7611,312.46622,311.91911,310.14605,307.91477,305.69955,303.50026,301.3168,299.14904,296.99688,294.8602,292.73889,290.63285,288.54195,286.4661)
Rsup
[33](0,4.4424269,3.6670817,3.0354417,2.5772895,4.5207833,8.0436606,11.644124,13.015746,12.01072,10.642514,10.518118,12.184375,14.658126,16.799355,14.633696,14.041273,13.837474,12.031239,10.002421,8.2701804,6.8221002,5.6272816,4.6417228,3.8287743,3.1900274,2.639921,2.1775668,1.7961891,1.4821474,1.7471455,2.1477798,1.7716189)
Peso chuva 
[33](0.5,1.7094045,2,0.65558245,0.5,1.3489357,1.0375038,1.5375102,1.4211527,1.3872271,0.79820539,1.3348189,0.67196861,0.99841709,2,2,2,2,2,2,2,1.977077,0.50303937,1.2028767,2,2,1.8179376,2,0.5,0.5,0.84792676,0.84992059,1)
Previsao ETA40_LIMITES
[13] (7.521,4.145,0.32,0.889,0.174,1.564,9.372,10.543,6.492,3.295,4.4315,4.4315,4.4315)
Previsao PMEDIA_ORIG
[13] (7.9,3,0.4,0.7,0.5,0.6,1.8,1.9,2.2,1,1.4,2.1,1.9583333)
Previsao PRECMEDIA_ETA40.GEFS
[13] (6.8,2.52,0.51,0.74,0.37,0.74,4.11,3.97,2.3,1.59,2.365,2.365,2.365)
Previsao PRECZERADA_ETA40
[13] (0,0,0,0,0,0,0,0,0,0,0,0,0)


Sub bacia: ITUMBIARA
cef: 0.99725861
dm: 0.019202793
ebin: 199.88844
mape: 0.019006106
*somacoef: 1.9782525
supin: 367.31682
Iteracoes: 10000
Iteracao otima: 9981
Tempo: 9.008 s

Qcal
[33](0,0,567.20526,539.19783,484.59572,487.95855,492.62986,523.14499,551.74738,556.29398,709.55841,855.66383,950.72869,988.36761,943.40822,834.21286,741.24206,662.87585,625.25382,567.92353,518.06599,476.09727,440.74354,410.95071,385.79307,364.58387,346.76029,331.74517,319.06,308.308,299.9303,307.21418,302.78003)
Rsolo
[33](0,61.0368,59.811776,54.847967,56.768795,58.340057,61.408929,63.783803,64.127868,71.404591,76.543775,78.740293,79.004208,75.74213,67.160022,60.094259,55.278996,55.434064,52.251406,48.713629,45.812926,43.594587,41.729441,40.01453,38.530973,37.198126,35.761755,34.283178,32.872873,32.054862,33.13103,32.796024,31.419315)
Rsub
[33](0,143.74193,146.01103,148.02724,149.13234,150.56563,152.27804,154.57636,157.35468,160.19183,164.70684,170.55018,176.98002,183.45146,188.97563,192.31846,194.1433,195.07655,196.03147,196.45851,196.36055,195.88037,195.13793,194.19549,193.16282,192.13563,191.11391,190.09762,189.08674,188.08123,187.08107,186.08622,185.09667)
Rsup
[33](0,8.222096,7.5245401,6.2395554,6.2804307,6.3403795,6.9701331,7.5388337,7.5541232,10.896512,14.026425,15.972487,16.614859,15.407038,12.790832,10.6057,8.7947318,7.9235426,6.6105251,5.4812107,4.5448237,3.7684051,3.1246266,2.5908285,2.1482222,1.7812292,1.4769315,1.2246187,1.01541,0.85918095,1.0533574,0.9850697,0.81678453)
Peso chuva 
[33](1.5282027,2,1.9587106,0.5,1.0767505,1.8698057,0.66299308,2,2,1.1935568,1.2819124,0.56736004,1.6359923,0.5,0.5,0.5,0.5,1.3849997,0.5,0.5,0.5,0.5,0.5,1.7328503,0.5,0.79490504,0.5,0.70509464,1.6076929,2,2,0.66111997,1)
Previsao ETA40_LIMITES
[13] (7.095,7.0066667,0.89916667,1.1341667,0.31166667,6.0708333,16.9725,11.723333,5.8958333,3.6,6.0709167,6.0709167,6.0709167)
Previsao PMEDIA_ORIG
[13] (7.4,5.6,1.1,1.2,0.6,2.5,3.6,3.7,1.7,1.3,1.9,2.4,2.75)
Previsao PRECMEDIA_ETA40.GEFS
[13] (5.29,4.3,0.92,0.98,0.45,2.8,7.48,4.64,2.45,1.69,3.1,3.1,3.1)
Previsao PRECZERADA_ETA40
[13] (0,0,0,0,0,0,0,0,0,0,0,0,0)


Sub bacia: NOVAPONTE
cef: 0.99950948
dm: 0.004141492
ebin: 365.30545
mape: 0.0041123404
*somacoef: 1.9953971
supin: 415.26723
Iteracoes: 10000
Iteracao otima: 9731
Tempo: 8.773 s

Qcal
[33](0,0,780.57268,699.83777,648.71432,623.56337,583.37293,552.05971,618.43367,772.87028,867.40431,993.11801,1139.0188,1265.5789,1218.379,1035.134,890.92048,781.34482,701.16709,684.74901,654.84286,610.30823,597.70906,567.22593,538.69438,517.98,505.83773,492.32263,480.386,474.70022,471.6057,466.48332,457.3694)
Rsolo
[33](0,60.2287,53.816653,52.359663,52.943698,50.697639,49.392041,56.136249,63.622214,65.073008,67.205861,69.06189,69.885008,65.431611,53.629092,48.098089,44.965933,43.504423,48.529738,49.439002,46.428095,48.105751,45.664407,43.451391,42.403092,42.151253,41.620256,41.105882,41.027918,41.281395,41.198339,40.603206,39.213817)
Rsub
[33](0,274.58313,280.57271,283.18052,285.09314,287.25879,288.40748,288.99919,292.68342,300.5442,309.25461,319.29021,330.51403,342.23038,350.86035,352.85753,352.45132,350.89071,348.84993,348.64405,348.80777,347.79696,347.43133,346.15387,344.131,341.79014,339.38902,336.86889,334.36747,331.88463,329.42023,326.97412,324.54618)
Rsup
[33](0,8.907829,7.0050662,5.8340032,5.2399117,4.3159893,3.6115131,5.0184037,8.2260566,10.029558,12.477643,15.320938,17.715451,16.368611,12.191569,9.0410714,6.7021747,5.0268322,4.732891,4.0972547,3.1372772,2.8958612,2.252407,1.6768377,1.2902263,1.0965682,0.87518167,0.69105082,0.64047214,0.64494782,0.60539833,0.47970451,0.3548879)
Peso chuva 
[33](0.5,0.5,0.70977732,1.7711708,1.9646852,1.0519192,1.5359754,1.6844438,1.4075916,0.64450801,0.60841627,0.82567711,1.0361742,1.7253954,0.5,0.5,0.7079198,0.5,1.4470106,2,0.77391858,1.8559046,2,2,2,2,0.71534028,1.316302,1.0628938,2,2,1.2456533,1)
Previsao ETA40_LIMITES
[13] (5.5657143,0.36571429,0.041428571,0.37428571,0.29,0.26571429,7.7257143,10.152857,3.4457143,0.49,2.8717143,2.8717143,2.8717143)
Previsao PMEDIA_ORIG
[13] (5.9,0.5,0.3,0.6,0.6,0.5,1.5,2.5,4.1,3.5,2.1,2.3,2.0333333)
Previsao PRECMEDIA_ETA40.GEFS
[13] (4.68,0.48,0.23,0.47,0.44,0.34,3.7,4.41,3.23,2.29,2.027,2.027,2.027)
Previsao PRECZERADA_ETA40
[13] (0,0,0,0,0,0,0,0,0,0,0,0,0)


Sub bacia: RVerde
cef: 0.9445615
dm: 0.06514518
ebin: 666.78982
mape: 0.034212096
*somacoef: 1.9103494
supin: 115.21562
Iteracoes: 10000
Iteracao otima: 9515
Tempo: 9.48 s

Qcal
[32](0,782.00544,766.5203,752.38931,740.14916,756.15513,791.34817,805.73054,785.40206,787.00224,921.77488,1005.4934,1073.0411,1056.6871,1181.1233,1110.1362,1081.7401,1095.39,1092.6677,1039.5801,987.26606,942.12591,903.06855,869.18424,839.69363,814.33576,792.75407,777.04396,759.1045,743.07962,740.48577,748.72557)
Rsolo
[32](102.84478,97.836712,92.591105,88.656415,88.606487,90.57471,90.952679,87.375315,86.617304,94.693813,100.15947,105.00725,104.93706,111.36606,106.56587,105.67179,107.43469,108.05006,104.13599,98.409771,93.142363,88.396486,84.086301,80.163269,77.427767,75.101227,73.546866,71.133247,68.555448,68.334373,69.886263,67.110358)
Rsub
[32](268.08136,268.76547,269.08017,269.03703,268.74509,268.45213,268.28387,268.14077,267.7773,267.37108,267.47931,267.96913,268.81904,269.65753,271.0072,271.95746,272.83088,273.83719,274.88565,275.61978,275.92665,275.87137,275.51533,274.90737,274.08788,273.13258,272.06936,270.93996,269.70881,268.37545,267.04229,265.78416)
Rsup
[32](2.145959,1.8258461,1.5480692,1.3220877,1.6337333,2.3027959,2.5784711,2.2064705,2.2531134,4.7821521,6.3364456,7.5718687,7.2278918,9.5067463,8.1220438,7.5491268,7.7629006,7.6655779,6.6282187,5.619828,4.7648498,4.0399445,3.4253235,2.9042085,2.4698672,2.1121513,1.8687973,1.5869856,1.3455479,1.359006,1.5742387,1.3347403)
Peso chuva 
[32](0.5890358,0.5,0.5,0.5,0.5,0.5,0.5,0.5,0.59752719,0.72186005,0.54480827,0.54089607,0.65052149,1.9143281,2,1.9571604,1.8573752,2,2,2,2,2,1.9925109,2,0.8992466,0.69158732,1.0645265,2,2,2,2,1)
Previsao ETA40_LIMITES
[13] (6.536875,6.1525,0.688125,1.033125,7.375,13.128125,10.048125,6.375,5.05375,2.37625,5.8766875,5.8766875,5.8766875)
Previsao PMEDIA_ORIG
[13] (6.7,12.4,2.2,2.7,4.4,8.5,7,4.4,3.1,1.7,1.4,1.7,4.6833333)
Previsao PRECMEDIA_ETA40.GEFS
[13] (5.64,10.25,2.19,2.22,4.35,6.78,8.02,5.27,3.6,2.08,5.04,5.04,5.04)
Previsao PRECZERADA_ETA40
[13] (0,0,0,0,0,0,0,0,0,0,0,0,0)


Sub bacia: SDOFACAO
cef: 0.9977706
dm: 0.0079826698
ebin: 156.83261
mape: 0.0076650376
*somacoef: 1.9901056
supin: 177.35342
Iteracoes: 10000
Iteracao otima: 9878
Tempo: 9.619 s

Qcal
[33](0,0,334.18602,304.37381,280.61234,277.56009,282.92101,285.41202,287.23951,286.03819,290.99896,281.23108,289.29033,292.02777,346.48959,412.56203,453.22047,474.22024,484.38334,508.19244,523.19788,495.21358,447.63345,408.45117,376.10751,349.36884,327.20357,308.76574,293.35422,280.39963,269.43959,284.51404,285.68991)
Rsolo
[33](0,119.883,112.68934,107.87966,108.42476,110.12167,111.10681,111.78301,111.78796,112.6912,110.68989,112.03243,112.60378,118.64138,124.53984,127.83814,129.28465,129.73485,131.07896,131.66232,128.48224,119.96912,112.52809,106.31284,101.02562,96.52472,92.610109,89.214271,86.274621,83.855908,89.727066,92.405688,89.002944)
Rsub
[33](0,145.79908,149.32033,151.76255,153.53672,155.36651,157.40526,159.55927,161.78687,163.99568,166.30995,168.32964,170.51491,172.7601,175.85797,179.84701,184.34314,189.04409,193.78075,198.70752,203.69276,208.08879,211.07904,212.95937,213.99765,214.38157,214.25414,213.71691,212.85122,211.72214,210.39217,209.60444,209.08716)
Rsup
[33](0,7.602449,6.1621505,5.0309784,4.8183331,4.9637633,4.9765363,4.955552,4.8013417,4.9121423,4.38672,4.6390609,4.6556413,6.8866813,9.5761061,11.13504,11.827901,12.046792,12.848988,13.26504,11.835592,9.5933163,7.7758442,6.3026957,5.108638,4.1407968,3.356315,2.7204547,2.2050594,1.7873067,2.4948146,2.581542,2.092464)
Peso chuva 
[33](0.56541207,1.5601216,0.5,0.5,1.1445614,0.71258296,0.75768266,0.96466272,0.71828253,1.5802943,0.91550131,1.0128893,0.56067089,0.79368567,1.1557808,1.6055645,0.81827716,1.2101082,1.0195961,1.6954723,2,0.5,0.5,0.97804518,0.56654922,1.5964814,2,2,2,2,0.60098862,0.78968255,1)
Previsao ETA40_LIMITES
[13] (4.7175,11.6375,2.74,1.075,0.175,5.065,7.2475,5.79,4.96,4.77,4.81775,4.81775,4.81775)
Previsao PMEDIA_ORIG
[13] (7.5,12,2.6,1.2,0.4,3.5,2.3,1.5,1.6,0.7,1.2,2.1,3.05)
Previsao PRECMEDIA_ETA40.GEFS
[13] (4.69,7.44,1.62,0.82,0.19,1.93,3.03,2.09,1.76,1.72,2.529,2.529,2.529)
Previsao PRECZERADA_ETA40
[13] (0,0,0,0,0,0,0,0,0,0,0,0,0)


Sub bacia: SSIMAO2
cef: 0.98918107
dm: 0.022495012
ebin: 283.37449
mape: 0.019722482
*somacoef: 1.9694586
supin: 671.54224
Iteracoes: 10000
Iteracao otima: 9943
Tempo: 10.368 s

Qcal
[34](0,0,0,954.91672,871.27438,843.18431,830.65803,860.99754,944.33433,1018.4154,1045.9228,1235.3244,1351.259,1475.4114,1539.939,1542.8768,1411.8603,1291.4506,1186.8411,1092.8114,1010.4418,939.11623,877.22667,823.44825,776.62989,735.7882,700.08506,668.81584,641.32789,617.11751,595.73439,576.79281,581.23287,633.76)
Rsolo
[34](0,0,57.196755,50.877059,50.969246,51.714804,54.252734,57.787801,59.341075,58.489983,67.690279,68.44709,66.150582,62.232934,60.721325,52.08969,47.639981,45.437046,43.515351,42.211188,40.95885,39.636326,38.191773,36.763375,35.387606,34.31299,33.29591,32.2498,31.13896,30.071774,29.10137,30.066647,35.278285,33.950959)
Rsub
[34](0,0,125.50229,130.27511,132.23443,134.22229,136.50373,139.86063,144.86219,150.62578,155.93186,166.42591,177.35605,186.8068,193.93976,200.22006,202.37786,202.81466,202.50272,201.64865,200.79818,199.95129,199.10798,198.26822,197.43201,196.59932,195.77015,194.94447,194.12227,193.30355,192.48827,191.67644,190.86802,190.06302)
Rsup
[34](0,0,8.4256763,7.2410241,6.8330781,6.6195985,6.9356288,7.8861354,8.6739208,8.8557681,13.618413,14.140205,12.735162,11.093193,10.999741,9.3697917,7.9768684,6.8189569,5.8038188,4.9399009,4.2047142,3.5787347,3.0459483,2.5924808,2.2065236,1.8780555,1.5986971,1.36069,1.1581164,0.98570112,0.83895424,0.98093248,1.7219134,1.4655625)
Peso chuva 
[34](2,1.6731567,1.8979005,0.5,1.0019809,0.53561745,0.63804873,1.7476468,1.8678133,1.0792678,1.5179218,1.4631822,2,1.7150425,1.8184393,0.5,0.5,0.5,0.96544338,1.8564943,2,2,2,2,1.997113,1.4792148,0.70138773,2,2,2,2,1.5039313,1.2734815,1)
Previsao ETA40_LIMITES
[13] (8.5232,6.7884,0.9852,1.0384,5.1172,15.612,17.2372,5.7096,3.8268,2.046,6.6884,6.6884,6.6884)
Previsao PMEDIA_ORIG
[13] (7.2,6.9,1.4,1.5,3.2,6.3,5.2,4.1,2.6,2,1.9,2.2,3.7083333)
Previsao PRECMEDIA_ETA40.GEFS
[13] (7.04,6.73,1.63,1.39,3.01,7.17,8.82,4.63,3.22,2.28,4.592,4.592,4.592)
Previsao PRECZERADA_ETA40
[13] (0,0,0,0,0,0,0,0,0,0,0,0,0)


Tempo de execucao em: 78 s

Finalizando execucao: 22-03-2020 12:55:21

