02551074 28/12/2019 1000 0       
02551074 29/12/2019 1000 0       
02551074 30/12/2019 1000 0       
02551074 31/12/2019 1000 41.6    
02551074 01/01/2020 1000 15      
02551074 02/01/2020 1000 1.8     
02551074 03/01/2020 1000 0.2     
02551074 04/01/2020 1000 0       
02551074 05/01/2020 1000 6.6     
02551074 06/01/2020 1000 2.2     
02551074 07/01/2020 1000 0.6     
02551074 08/01/2020 1000 0.6     
02551074 09/01/2020 1000 0       
02551074 10/01/2020 1000 1.8     
02551074 11/01/2020 1000 1       
02551074 12/01/2020 1000 12.4    
02551074 13/01/2020 1000 6.2     
02551074 14/01/2020 1000 10.4    
02551074 15/01/2020 1000 0.2     
02551074 16/01/2020 1000 1.6     
02551074 17/01/2020 1000 21.6    
02551074 18/01/2020 1000 0       
02551074 19/01/2020 1000 0       
02551074 20/01/2020 1000 0       
02551074 21/01/2020 1000 0       
02551074 22/01/2020 1000 0       
02551074 23/01/2020 1000 3       
02551074 24/01/2020 1000 0       
02551074 25/01/2020 1000 0       
02551074 26/01/2020 1000 0       
02551074 27/01/2020 1000 0       
02551074 28/01/2020 1000 0       
02551074 29/01/2020 1000 8       
02551074 30/01/2020 1000 0.4     
02551074 31/01/2020 1000 12      
02551074 01/02/2020 1000 0       
02551074 02/02/2020 1000 0       
02551074 03/02/2020 1000 54      
02551074 04/02/2020 1000 0       
02551074 05/02/2020 1000 0       
02551074 06/02/2020 1000 0       
02551074 07/02/2020 1000 6.2     
02551074 08/02/2020 1000 0.2     
02551074 09/02/2020 1000 0       
02551074 10/02/2020 1000 10.4    
02551074 11/02/2020 1000 0       
