02551069 28/12/2019 1000 0.2     
02551069 29/12/2019 1000 0       
02551069 30/12/2019 1000 0       
02551069 31/12/2019 1000 15.6    
02551069 01/01/2020 1000 1.6     
02551069 02/01/2020 1000 2       
02551069 03/01/2020 1000 4.8     
02551069 04/01/2020 1000 0       
02551069 05/01/2020 1000 7       
02551069 06/01/2020 1000 6.6     
02551069 07/01/2020 1000 4       
02551069 08/01/2020 1000 0.2     
02551069 09/01/2020 1000 0       
02551069 10/01/2020 1000 3       
02551069 11/01/2020 1000 31.6    
02551069 12/01/2020 1000 9.6     
02551069 13/01/2020 1000 4.6     
02551069 14/01/2020 1000 5.4     
02551069 15/01/2020 1000 0.2     
02551069 16/01/2020 1000 0.6     
02551069 17/01/2020 1000 19.8    
02551069 18/01/2020 1000 0.2     
02551069 19/01/2020 1000 0       
02551069 20/01/2020 1000 0       
02551069 21/01/2020 1000 0       
02551069 22/01/2020 1000 0       
02551069 23/01/2020 1000 5.6     
02551069 24/01/2020 1000 0.6     
02551069 25/01/2020 1000 0       
02551069 26/01/2020 1000 0       
02551069 27/01/2020 1000 0       
02551069 28/01/2020 1000 1.2     
02551069 29/01/2020 1000 34.6    
02551069 30/01/2020 1000 0.4     
02551069 31/01/2020 1000 10.8    
02551069 01/02/2020 1000 0.2     
02551069 02/02/2020 1000 0       
02551069 03/02/2020 1000 31.4    
02551069 04/02/2020 1000 0.2     
02551069 05/02/2020 1000 0       
02551069 06/02/2020 1000 0       
02551069 07/02/2020 1000 4.6     
02551069 08/02/2020 1000 0.2     
02551069 09/02/2020 1000 0       
02551069 10/02/2020 1000 0       
02551069 11/02/2020 1000 0       
