02652048 28/12/2019 1000 0       
02652048 29/12/2019 1000 0       
02652048 30/12/2019 1000 0       
02652048 31/12/2019 1000 0       
02652048 01/01/2020 1000 0       
02652048 02/01/2020 1000 0       
02652048 03/01/2020 1000 0       
02652048 04/01/2020 1000 0       
02652048 05/01/2020 1000 0       
02652048 06/01/2020 1000 0       
02652048 07/01/2020 1000 1.6     
02652048 08/01/2020 1000 0       
02652048 09/01/2020 1000 0       
02652048 10/01/2020 1000 5.4     
02652048 11/01/2020 1000 14.6    
02652048 12/01/2020 1000 2       
02652048 13/01/2020 1000 0.2     
02652048 14/01/2020 1000 0       
02652048 15/01/2020 1000 0       
02652048 16/01/2020 1000 0.4     
02652048 17/01/2020 1000 10.8    
02652048 18/01/2020 1000 0       
02652048 19/01/2020 1000 0       
02652048 20/01/2020 1000 0       
02652048 21/01/2020 1000 0       
02652048 22/01/2020 1000 0       
02652048 23/01/2020 1000 3       
02652048 24/01/2020 1000 1.4     
02652048 25/01/2020 1000 0       
02652048 26/01/2020 1000 0       
02652048 27/01/2020 1000 0       
02652048 28/01/2020 1000 0       
02652048 29/01/2020 1000 1.2     
02652048 30/01/2020 1000 28.8    
02652048 31/01/2020 1000 48.6    
02652048 01/02/2020 1000 0       
02652048 02/02/2020 1000 0       
02652048 03/02/2020 1000 47.2    
02652048 04/02/2020 1000 0       
02652048 05/02/2020 1000 0       
02652048 06/02/2020 1000 0       
02652048 07/02/2020 1000 0       
02652048 08/02/2020 1000 0.2     
02652048 09/02/2020 1000 3.2     
02652048 10/02/2020 1000 0.2     
02652048 11/02/2020 1000 4       
