02650027 28/12/2019 1000 0       
02650027 29/12/2019 1000 0       
02650027 30/12/2019 1000 0       
02650027 31/12/2019 1000 0       
02650027 01/01/2020 1000 0.8     
02650027 02/01/2020 1000 9.2     
02650027 03/01/2020 1000 27      
02650027 04/01/2020 1000 0       
02650027 05/01/2020 1000 3.8     
02650027 06/01/2020 1000 0       
02650027 07/01/2020 1000 0       
02650027 08/01/2020 1000 3.8     
02650027 09/01/2020 1000 0.2     
02650027 10/01/2020 1000 8.8     
02650027 11/01/2020 1000 22.6    
02650027 12/01/2020 1000 0.6     
02650027 13/01/2020 1000 0       
02650027 14/01/2020 1000 0       
02650027 15/01/2020 1000 0       
02650027 16/01/2020 1000 1.4     
02650027 17/01/2020 1000 13.2    
02650027 18/01/2020 1000 0       
02650027 19/01/2020 1000 0       
02650027 20/01/2020 1000 0       
02650027 21/01/2020 1000 0       
02650027 22/01/2020 1000 0       
02650027 23/01/2020 1000 0.4     
02650027 24/01/2020 1000 0       
02650027 25/01/2020 1000 0       
02650027 26/01/2020 1000 0       
02650027 27/01/2020 1000 0       
02650027 28/01/2020 1000 0       
02650027 29/01/2020 1000 0.4     
02650027 30/01/2020 1000 1.4     
02650027 31/01/2020 1000 5.4     
02650027 01/02/2020 1000 0       
02650027 02/02/2020 1000 0       
02650027 03/02/2020 1000 2.4     
02650027 04/02/2020 1000 0       
02650027 05/02/2020 1000 3.6     
02650027 06/02/2020 1000 0       
02650027 07/02/2020 1000 13.8    
02650027 08/02/2020 1000 0.2     
02650027 09/02/2020 1000 0       
02650027 10/02/2020 1000 21.6    
02650027 11/02/2020 1000 0       
