99990862 28/12/2019 1200 0       
99990862 29/12/2019 1200 0       
99990862 30/12/2019 1200 0.2     
99990862 31/12/2019 1200 0       
99990862 01/01/2020 1200 0       
99990862 02/01/2020 1200 15.4    
99990862 03/01/2020 1200 4.4     
99990862 04/01/2020 1200 2.8     
99990862 05/01/2020 1200 0.6     
99990862 06/01/2020 1200 10.6    
99990862 07/01/2020 1200 0       
99990862 08/01/2020 1200 12.4    
99990862 09/01/2020 1200 0.4     
99990862 10/01/2020 1200 0.4     
99990862 11/01/2020 1200 2.6     
99990862 12/01/2020 1200 11.8    
99990862 13/01/2020 1200 0       
99990862 14/01/2020 1200 0       
99990862 15/01/2020 1200 0       
99990862 16/01/2020 1200 0.6     
99990862 17/01/2020 1200 10.6    
99990862 18/01/2020 1200 0       
99990862 19/01/2020 1200 0       
99990862 20/01/2020 1200 0.2     
99990862 21/01/2020 1200 0       
99990862 22/01/2020 1200 0       
99990862 23/01/2020 1200 0.6     
99990862 24/01/2020 1200 1       
99990862 25/01/2020 1200 0.8     
99990862 26/01/2020 1200 0       
99990862 27/01/2020 1200 0       
99990862 28/01/2020 1200 0.2     
99990862 29/01/2020 1200 11.4    
99990862 30/01/2020 1200 10      
99990862 31/01/2020 1200 9.2     
99990862 01/02/2020 1200 0.2     
99990862 02/02/2020 1200 0       
99990862 03/02/2020 1200 3       
99990862 04/02/2020 1200 1.6     
99990862 05/02/2020 1200 1.8     
99990862 06/02/2020 1200 0.6     
99990862 07/02/2020 1200 3.2     
99990862 08/02/2020 1200 2.2     
99990862 09/02/2020 1200 0       
99990862 10/02/2020 1200 32.2    
99990862 11/02/2020 1200 0.2     
