99990864 28/12/2019 1200 0       
99990864 29/12/2019 1200 0       
99990864 30/12/2019 1200 0       
99990864 31/12/2019 1200 0       
99990864 01/01/2020 1200 0       
99990864 02/01/2020 1200 1.8     
99990864 03/01/2020 1200 0       
99990864 04/01/2020 1200 0       
99990864 05/01/2020 1200 0       
99990864 06/01/2020 1200 0       
99990864 07/01/2020 1200 0.2     
99990864 08/01/2020 1200 5.4     
99990864 09/01/2020 1200 0       
99990864 10/01/2020 1200 0       
99990864 11/01/2020 1200 11.8    
99990864 12/01/2020 1200 14.6    
99990864 13/01/2020 1200 1.2     
99990864 14/01/2020 1200 0       
99990864 15/01/2020 1200 0       
99990864 16/01/2020 1200 0       
99990864 17/01/2020 1200 16.4    
99990864 18/01/2020 1200 0       
99990864 19/01/2020 1200 0       
99990864 20/01/2020 1200 0.2     
99990864 21/01/2020 1200 0       
99990864 22/01/2020 1200 0.2     
99990864 23/01/2020 1200 1       
99990864 24/01/2020 1200 0       
99990864 25/01/2020 1200 0       
99990864 26/01/2020 1200 0       
99990864 27/01/2020 1200 0       
99990864 28/01/2020 1200 6.6     
99990864 29/01/2020 1200 0       
99990864 30/01/2020 1200 4.6     
99990864 31/01/2020 1200 12.8    
99990864 01/02/2020 1200 0.2     
99990864 02/02/2020 1200 0       
99990864 03/02/2020 1200 0       
99990864 04/02/2020 1200 0       
99990864 05/02/2020 1200 5.4     
99990864 06/02/2020 1200 0.6     
99990864 07/02/2020 1200 0       
99990864 08/02/2020 1200 10.2    
99990864 09/02/2020 1200 0       
99990864 10/02/2020 1200 3.4     
99990864 11/02/2020 1200 0.2     
