01949010 05/06/2017 1000 0       
01949010 06/06/2017 1000 0       
01949010 07/06/2017 1000 0       
01949010 08/06/2017 1000 0       
01949010 09/06/2017 1000 0       
01949010 10/06/2017 1000 0       
01949010 11/06/2017 1000 0       
01949010 12/06/2017 1000 0       
01949010 13/06/2017 1000 0       
01949010 14/06/2017 1000 0       
01949010 15/06/2017 1000 0       
01949010 16/06/2017 1000 0       
01949010 17/06/2017 1000 0       
01949010 18/06/2017 1000 0       
01949010 19/06/2017 1000 0       
01949010 20/06/2017 1000 0       
01949010 21/06/2017 1000 0       
01949010 22/06/2017 1000 0       
01949010 23/06/2017 1000 0       
01949010 24/06/2017 1000 0       
01949010 25/06/2017 1000 0       
01949010 26/06/2017 1000 0       
01949010 27/06/2017 1000 0       
01949010 28/06/2017 1000 0       
01949010 29/06/2017 1000 0       
01949010 30/06/2017 1000 0       
01949010 01/07/2017 1000 0       
01949010 02/07/2017 1000 0       
01949010 03/07/2017 1000 0       
01949010 04/07/2017 1000 0       
01949010 05/07/2017 1000 0       
01949010 06/07/2017 1000 0       
01949010 07/07/2017 1000 0       
01949010 08/07/2017 1000 0       
01949010 09/07/2017 1000 0       
01949010 10/07/2017 1000 0       
01949010 11/07/2017 1000 0       
01949010 12/07/2017 1000 0       
01949010 13/07/2017 1000 0       
01949010 14/07/2017 1000 0       
01949010 15/07/2017 1000 0       
01949010 16/07/2017 1000 0       
01949010 17/07/2017 1000 0       
01949010 18/07/2017 1000 2.2     
01949010 19/07/2017 1000 0       
01949010 20/07/2017 1000 0       
