02248121 13/01/2020 1000 9       
02248121 14/01/2020 1000 0.2     
02248121 15/01/2020 1000 0       
02248121 16/01/2020 1000 0       
02248121 17/01/2020 1000 51      
02248121 18/01/2020 1000 0       
02248121 19/01/2020 1000 0       
02248121 20/01/2020 1000 0       
02248121 21/01/2020 1000 0       
02248121 22/01/2020 1000 0       
02248121 23/01/2020 1000 0       
02248121 24/01/2020 1000 25.2    
02248121 25/01/2020 1000 0       
02248121 26/01/2020 1000 0       
02248121 27/01/2020 1000 0       
02248121 28/01/2020 1000 0       
02248121 29/01/2020 1000 0       
02248121 30/01/2020 1000 5.6     
02248121 31/01/2020 1000 29.4    
02248121 01/02/2020 1000 11.2    
02248121 02/02/2020 1000 5.6     
02248121 03/02/2020 1000 0.2     
02248121 04/02/2020 1000 19.2    
02248121 05/02/2020 1000 0       
02248121 06/02/2020 1000 0       
02248121 07/02/2020 1000 3.2     
02248121 08/02/2020 1000 0.2     
02248121 09/02/2020 1000 0       
02248121 10/02/2020 1000 20      
02248121 11/02/2020 1000 110.4   
02248121 12/02/2020 1000 2.2     
02248121 13/02/2020 1000 0       
02248121 14/02/2020 1000 0       
02248121 15/02/2020 1000 0       
02248121 16/02/2020 1000 0       
02248121 17/02/2020 1000 0       
02248121 18/02/2020 1000 0       
02248121 19/02/2020 1000 0       
02248121 20/02/2020 1000 0       
02248121 21/02/2020 1000 13.4    
02248121 22/02/2020 1000 0       
02248121 23/02/2020 1000 0       
02248121 24/02/2020 1000 0       
02248121 25/02/2020 1000 6.8     
02248121 26/02/2020 1000 8       
02248121 27/02/2020 1000 43.8    
