02248119 13/01/2020 1000 20      
02248119 14/01/2020 1000 0       
02248119 15/01/2020 1000 0       
02248119 16/01/2020 1000 0       
02248119 17/01/2020 1000 30      
02248119 18/01/2020 1000 0       
02248119 19/01/2020 1000 0       
02248119 20/01/2020 1000 0       
02248119 21/01/2020 1000 0       
02248119 22/01/2020 1000 0       
02248119 23/01/2020 1000 0       
02248119 24/01/2020 1000 20      
02248119 25/01/2020 1000 0       
02248119 26/01/2020 1000 0       
02248119 27/01/2020 1000 0       
02248119 28/01/2020 1000 0       
02248119 29/01/2020 1000 0       
02248119 30/01/2020 1000 0       
02248119 31/01/2020 1000 0       
02248119 01/02/2020 1000 0       
02248119 02/02/2020 1000 0       
02248119 03/02/2020 1000 0       
02248119 04/02/2020 1000 0       
02248119 05/02/2020 1000 0       
02248119 06/02/2020 1000 0       
02248119 07/02/2020 1000 0       
02248119 08/02/2020 1000 0       
02248119 09/02/2020 1000 0       
02248119 10/02/2020 1000 20      
02248119 11/02/2020 1000 50      
02248119 12/02/2020 1000 2       
02248119 13/02/2020 1000 0       
02248119 14/02/2020 1000 0       
02248119 15/02/2020 1000 0       
02248119 16/02/2020 1000 0       
02248119 17/02/2020 1000 0       
02248119 18/02/2020 1000 0       
02248119 19/02/2020 1000 0       
02248119 20/02/2020 1000 0       
02248119 21/02/2020 1000 10      
02248119 22/02/2020 1000 0       
02248119 23/02/2020 1000 0       
02248119 24/02/2020 1000 0       
02248119 25/02/2020 1000 22.5    
02248119 26/02/2020 1000 7.2     
02248119 27/02/2020 1000 50.1    
