01448007 17/01/2020 1000 0       
01448007 18/01/2020 1000 0.4     
01448007 19/01/2020 1000 0       
01448007 20/01/2020 1000 2.4     
01448007 21/01/2020 1000 0       
01448007 22/01/2020 1000 14.2    
01448007 23/01/2020 1000 7.4     
01448007 24/01/2020 1000 14      
01448007 25/01/2020 1000 75.8    
01448007 26/01/2020 1000 8.2     
01448007 27/01/2020 1000 1.4     
01448007 28/01/2020 1000 39.6    
01448007 29/01/2020 1000 1.2     
01448007 30/01/2020 1000 0       
01448007 31/01/2020 1000 0       
01448007 01/02/2020 1000 0       
01448007 02/02/2020 1000 0       
01448007 03/02/2020 1000 0       
01448007 04/02/2020 1000 38.6    
01448007 05/02/2020 1000 7.2     
01448007 06/02/2020 1000 1.4     
01448007 07/02/2020 1000 57.2    
01448007 08/02/2020 1000 66.2    
01448007 09/02/2020 1000 27.2    
01448007 10/02/2020 1000 0.8     
01448007 11/02/2020 1000 0       
01448007 12/02/2020 1000 14.2    
01448007 13/02/2020 1000 13.6    
01448007 14/02/2020 1000 0       
01448007 15/02/2020 1000 0       
01448007 16/02/2020 1000 0       
01448007 17/02/2020 1000 0       
01448007 18/02/2020 1000 2.8     
01448007 19/02/2020 1000 0       
01448007 20/02/2020 1000 0.2     
01448007 21/02/2020 1000 1       
01448007 22/02/2020 1000 0       
01448007 23/02/2020 1000 0.8     
01448007 24/02/2020 1000 11.8    
01448007 25/02/2020 1000 6.4     
01448007 26/02/2020 1000 0       
01448007 27/02/2020 1000 1.2     
01448007 28/02/2020 1000 0       
01448007 29/02/2020 1000 18.2    
01448007 01/03/2020 1000 57      
01448007 02/03/2020 1000 4.8     
