99990022 17/01/2020 1200 0.6     
99990022 18/01/2020 1200 7.4     
99990022 19/01/2020 1200 0       
99990022 20/01/2020 1200 35.6    
99990022 21/01/2020 1200 1.2     
99990022 22/01/2020 1200 2.4     
99990022 23/01/2020 1200 16.8    
99990022 24/01/2020 1200 11.8    
99990022 25/01/2020 1200 44.8    
99990022 26/01/2020 1200 44.6    
99990022 27/01/2020 1200 1       
99990022 28/01/2020 1200 13      
99990022 29/01/2020 1200 1       
99990022 30/01/2020 1200 2.8     
99990022 31/01/2020 1200 6       
99990022 01/02/2020 1200 0       
99990022 02/02/2020 1200 0       
99990022 03/02/2020 1200 0.2     
99990022 04/02/2020 1200 52.6    
99990022 05/02/2020 1200 20      
99990022 06/02/2020 1200 16.8    
99990022 07/02/2020 0000 -       
99990022 08/02/2020 1200 82      
99990022 09/02/2020 1200 18      
99990022 10/02/2020 1200 3.2     
99990022 11/02/2020 1200 0.2     
99990022 12/02/2020 1200 0       
99990022 13/02/2020 1200 28      
99990022 14/02/2020 1200 1       
99990022 15/02/2020 1200 0.2     
99990022 16/02/2020 1200 0.6     
99990022 17/02/2020 1200 0       
99990022 18/02/2020 1200 16.8    
99990022 19/02/2020 1200 0       
99990022 20/02/2020 1200 1.2     
99990022 21/02/2020 1200 0       
99990022 22/02/2020 1200 0       
99990022 23/02/2020 1200 19      
99990022 24/02/2020 1200 0       
99990022 25/02/2020 1200 2.2     
99990022 26/02/2020 1200 0       
99990022 27/02/2020 1200 26.6    
99990022 28/02/2020 1200 0.8     
99990022 29/02/2020 1200 51.2    
99990022 01/03/2020 1200 1.8     
99990022 02/03/2020 1200 2.4     
