ONS-Operador Nacional Do Sistema Eletrico
Modelo Computacional SMAP
Versao: 2.0.4 Data: 14/05/2019

Iniciando execucao: 26-03-2020 14:09:52

Parametros
   Amplitude inicial: 0.5
   dm alvo: 0 (nao e necessario multiplicar por 100)
   Limite de iteracoes: 10000
   Particulas: 24
   Pulso inicial: 0.1
   Uso de pesos: on
   Gerar graficos: off
   Semente: 9952

Sub bacia: Balsa
cef: 0.97218565
*dm: 0.033384737
ebin: 140.93787
mape: 0.018463554
somacoef: 1.9537221
supin: 27.097502
Iteracoes: 10000
Iteracao otima: 9962
Tempo: 4.895 s

Qcal
[32](0,168.03537,159.8065,224.643,417.25091,357.53962,295.73063,252.43526,223.93525,201.49195,188.2614,180.70292,170.60084,163.02717,160.78761,167.81451,171.25999,166.25234,158.9714,153.45216,149.14324,145.65656,142.71921,140.36964,144.06095,148.7077,163.90793,174.06671,160.59246,150.63853,143.12906,137.32571)
Rsolo
[32](82.446,80.325311,85.732982,97.116161,97.242267,94.552639,92.1938,90.668207,88.619073,87.308539,86.303678,84.397774,81.933586,80.926749,81.234096,81.290563,80.320653,77.97466,75.770061,73.663985,71.619684,69.654949,68.385321,68.087077,68.209137,70.32341,72.298251,70.621118,68.699275,66.858749,65.094578,63.402197)
Rsub
[32](34.654032,34.577664,34.452159,34.461226,34.790994,35.119108,35.360622,35.529579,35.652698,35.717598,35.746465,35.748565,35.701996,35.595697,35.467224,35.34817,35.232451,35.09586,34.908094,34.675438,34.402785,34.093959,33.752884,33.394243,33.036247,32.686445,32.381508,32.119887,31.830098,31.509382,31.161294,30.789049)
Rsup
[32](0.38134819,0.26991277,1.1895522,3.8996402,3.0404376,2.1518083,1.5286814,1.1179252,0.7950296,0.60511898,0.49709477,0.35480622,0.25088588,0.22545224,0.33169638,0.38699947,0.32314913,0.22850094,0.16157456,0.11425047,0.080787281,0.057125235,0.043581031,0.11605654,0.20194108,0.43587791,0.5962976,0.42164608,0.2981488,0.21082304,0.1490744,0.10541152)
Peso chuva 
[32](1.8044456,2,1.2140365,0.76157612,0.5,0.70734234,0.83602521,1.3620377,2,2,1.8469898,2,2,1.2162174,0.5,0.5,1.3981891,2,2,2,2,2,2,1.5503392,0.9711579,0.62750062,1.509814,2,0.67058953,2,0.5,1)
Previsao PMEDIA_ORIG
[13] (0,1.7,8.4,5.7,2.9,0.9,1.1,6.2,12.4,8.7,11.4,11.6,5.9166667)


Sub bacia: Flor+Estra
cef: 0.92854824
*dm: 0.074791218
ebin: 196.74073
mape: 0.022099134
somacoef: 1.9064491
supin: 30.049006
Iteracoes: 10000
Iteracao otima: 8659
Tempo: 4.919 s

Qcal
[34](0,0,0,226.78974,217.98121,314.66381,307.12419,279.59067,247.78784,228.92043,217.03473,209.61643,204.84627,201.65838,199.36148,197.56761,196.05902,194.71347,193.46235,192.26713,191.10617,189.96731,188.84371,187.7315,186.62852,185.53351,188.5341,205.29124,290.86252,293.45497,264.58858,229.72973,208.91199,196.43569)
Rsolo
[34](0,0,72.2868,71.714932,84.318739,82.565363,78.427792,75.178721,72.990044,71.361007,70.029939,68.804971,67.586997,66.390178,65.177151,63.986287,62.899608,61.827892,60.727975,59.639759,58.570822,57.500664,56.450058,55.418649,54.492772,54.4589,58.011479,70.170759,77.895804,75.189501,73.18242,71.600942,70.072248,68.791945)
Rsub
[34](0,0,202.53184,201.80104,200.89713,204.55051,207.46863,208.78838,208.96038,208.41386,207.36283,206.14833,204.94093,203.74061,202.54732,201.36102,200.18167,199.00922,197.84364,196.68489,195.53293,194.38771,193.2492,192.11735,190.99214,189.87351,188.76144,187.65588,186.5568,187.80624,188.10477,187.74184,186.88525,185.79068)
Rsup
[34](0,0,0.41291604,0.30162947,2.0374817,1.6365163,1.0725771,0.61794437,0.35638334,0.20035222,0.11244388,0.063106996,0.035417604,0.019877458,0.011155846,0.006261007,0.0035138714,0.0019720936,0.0011068001,0.00062117057,0.00034862019,0.00019565647,0.00010980848,6.1627926e-005,3.4587504e-005,0.056198898,0.30131039,1.641936,1.7742867,1.1288905,0.64589553,0.36467484,0.20466683,0.11486538)
Peso chuva 
[34](1.83162,0.61860789,0.5,2,1.6982837,0.5,0.5,0.5,0.5,0.5,0.5,0.5,0.5,0.5,0.5,0.6907465,0.5,0.5,0.5,0.5,0.5,2,0.5,2,0.5,2,1.084998,0.99506287,0.90981664,0.5,0.5,0.5,2,1)
Previsao PMEDIA_ORIG
[13] (0,11.9,10.9,2.6,1.6,0.3,0.4,6.7,6.4,2.3,6.5,10.7,5.025)


Sub bacia: Itaipu
cef: 0.87738565
*dm: 0.13275684
ebin: 411.88637
mape: 0.050893016
somacoef: 1.8264926
supin: 192.19754
Iteracoes: 10000
Iteracao otima: 9724
Tempo: 5.184 s

Qcal
[34](0,0,0,604.08391,559.67645,777.89215,794.79572,729.33473,668.12065,615.89571,571.71894,535.76201,506.85647,483.46379,464.38275,448.67547,438.03482,428.78501,418.49744,409.68511,402.0318,395.29055,389.2685,383.81501,378.81242,374.16879,369.81228,412.65587,578.85494,550.84662,504.88911,468.31193,439.06457,415.54612)
Rsolo
[34](0,0,53.5704,52.942811,65.650178,70.018646,66.289164,63.152671,61.093108,59.724988,58.515357,57.332262,56.122988,54.93274,53.766271,53.332937,52.890113,51.790385,50.704708,49.639711,48.584651,47.562316,46.559696,45.567984,44.632879,43.754453,47.95828,58.835841,60.6,59.47003,58.326339,57.129599,55.910945,54.71744)
Rsub
[34](0,0,77.299865,76.579189,75.865232,76.799243,79.347991,80.4752,80.522979,79.92139,79.176273,78.438103,77.706815,76.982345,76.264629,75.553605,74.849209,74.151381,73.460059,72.775182,72.09669,71.424524,70.758624,70.098933,69.445392,68.797944,68.156533,67.521101,66.891593,66.267955,65.650131,65.038067,64.431709,63.831004)
Rsup
[34](0,0,1.5335221,1.2098395,2.9813113,3.0764735,2.4458082,1.9094649,1.4907368,1.1638319,0.90861425,0.70936349,0.55380659,0.43236189,0.3375489,0.28287751,0.23902161,0.18660637,0.1456853,0.11373786,0.088796188,0.069323999,0.054121883,0.042253451,0.032987657,0.025753767,0.3948674,1.7479659,1.5512542,1.2110784,0.94550004,0.73816056,0.57628873,0.4499139)
Peso chuva 
[34](0.62187166,2,2,2,2,0.79419566,0.5,0.51698151,0.5,0.5,0.5,0.5,0.5,0.5,0.52355326,2,2,0.5,0.5,0.5,0.5,0.5,0.5,0.51446104,0.5,0.5,1.420945,1.742002,1.4043264,0.5,0.5,0.5497819,2,1)
Previsao PMEDIA_ORIG
[13] (0,5.5,11.1,3.9,1.5,0.4,0.8,6,10.7,5.3,8.2,14.6,5.6666667)


Sub bacia: Ivinhema
cef: 0.97538542
*dm: 0.032358372
ebin: 234.28904
mape: 0.021004439
somacoef: 1.954381
supin: 128.97773
Iteracoes: 10000
Iteracao otima: 9932
Tempo: 10.466 s

Qcal
[46](0,0,0,0,0,0,0,0,0,0,0,0,0,0,0,363.26677,345.06065,370.03617,416.31634,419.55081,405.346,405.73864,403.71709,387.31595,362.16571,339.72324,318.27423,301.30674,290.30386,277.92236,267.79136,259.70302,253.31852,247.98698,242.55457,238.03883,234.25156,231.04339,234.87472,231.19198,255.02946,307.65186,333.70628,352.39816,366.76107,370.23194)
Rsolo
[46](0,0,0,0,0,0,0,0,0,0,0,0,0,0,31.4795,29.878746,29.979912,31.058306,30.675318,29.765321,29.319882,29.231583,28.500606,27.347612,26.173493,24.810564,23.621949,22.768344,21.674151,20.669354,19.781333,19.000568,18.257497,17.277435,16.196771,15.172006,14.217041,13.941944,13.272974,14.075807,16.765658,18.532268,20.106117,21.553065,22.435336,20.825431)
Rsub
[46](0,0,0,0,0,0,0,0,0,0,0,0,0,0,142.59263,142.65259,142.58858,142.5324,142.55916,142.55595,142.48397,142.37975,142.26964,142.10842,141.87055,141.56,141.17161,140.72147,140.23096,139.69226,139.11358,138.50314,137.88515,137.26992,136.65743,136.04767,135.44063,134.83631,134.23468,133.63573,133.03946,132.44584,131.85488,131.28905,130.78494,130.32296)
Rsup
[46](0,0,0,0,0,0,0,0,0,0,0,0,0,0,1.6977932,1.4568408,1.7869893,2.3974116,2.4394096,2.2524947,2.25922,2.2348635,2.0213493,1.693772,1.4034963,1.1278698,0.91291911,0.77781898,0.62544459,0.5037368,0.40978214,0.33894303,0.2821277,0.2239249,0.17772931,0.14106385,0.11196245,0.17546667,0.14000131,0.46673927,1.1723286,1.5281339,1.7869652,1.9882689,2.0448607,1.623007)
Peso chuva 
[46](2,0.56805577,1.9543058,1.7458282,0.53950948,2,0.5,0.5,0.59705807,2,1.6106623,0.58797252,0.92788171,2,2,1.0957602,1.9080849,0.5,0.5,0.78755144,0.94940804,0.93652939,0.69615211,0.64139673,0.79913939,0.68598117,0.77508617,1.2091669,0.91296652,1.1989466,1.2828697,1.4026715,2,2,2,2,2,2,2,1.0044718,0.91233257,2,2,2,2,1)
Previsao PMEDIA_ORIG
[13] (0.3,13.3,11.2,5,2.3,0.5,2.3,4.6,5.3,1.7,2.5,6.5,4.625)


Sub bacia: PTaquara
cef: 0.9653454
*dm: 0.038565485
ebin: 229.75716
mape: 0.016922027
somacoef: 1.9484234
supin: 61.937798
Iteracoes: 10000
Iteracao otima: 9851
Tempo: 8.663 s

Qcal
[33](0,0,291.69496,278.11031,270.79096,353.74498,388.23152,386.77655,353.38208,326.62155,305.08254,287.66697,273.50889,261.92141,252.3535,244.37346,242.25608,244.75,251.53458,242.4318,234.8137,228.35814,222.81707,217.99447,213.73595,220.37346,250.71026,276.5325,310.95967,294.44488,272.96941,255.58761,241.42691)
Rsolo
[33](0,76.2025,73.62472,72.516071,78.03576,81.485657,82.735651,80.366054,77.776606,75.32099,73.034268,70.882191,68.742384,66.675704,64.823528,64.238333,64.034172,64.597351,62.828168,61.008841,59.264355,57.584472,55.969092,54.499407,54.782758,58.070464,61.384155,65.633614,65.326301,63.763121,61.930723,60.151432,58.435624)
Rsub
[33](0,55.213421,55.019509,54.779739,54.522632,54.371479,54.292144,54.240169,54.138931,53.986687,53.788941,53.551404,53.278713,52.973141,52.637852,52.277909,51.913093,51.549105,51.197184,50.823371,50.428371,50.014582,49.584107,49.138907,48.681705,48.232428,47.826543,47.467928,47.174157,46.878813,46.563484,46.22555,45.867182)
Rsup
[33](0,0.75376545,0.59826404,0.52133189,1.5438791,1.9712251,1.9575362,1.553767,1.2332257,0.97881186,0.77688349,0.61661283,0.48940593,0.38844174,0.30830642,0.30076645,0.34959152,0.45059078,0.35763414,0.2838544,0.22529539,0.17881707,0.1419272,0.11264769,0.21657765,0.60851979,0.94332368,1.3804533,1.19435,0.94795619,0.75239333,0.59717498,0.4739781)
Peso chuva 
[33](1.5497132,2,0.5,2,1.3064599,0.5,0.5,0.5,0.77171657,0.5,0.5,0.5,0.5,0.5,0.5,0.94650214,0.63160663,1.2065386,0.5,0.5,0.5,0.5,1.9970864,0.5,2,1.5935412,0.92278131,0.62989952,0.5,0.5,0.5,2,1)
Previsao PMEDIA_ORIG
[13] (0,0.9,9.4,6.7,1.9,0.6,0.5,4.2,9.4,5.1,8.5,10,4.7666667)


Tempo de execucao em: 35 s

Finalizando execucao: 26-03-2020 14:10:27

