ONS-Operador Nacional Do Sistema Eletrico
Modelo Computacional SMAP
Versao: 3.0.0 Data: 23/09/2019

Iniciando execucao: 27-02-2020 14:10:36

Parametros
   Amplitude inicial: 0.5
   dm alvo: 0 (nao e necessario multiplicar por 100)
   Limite de iteracoes: 10000
   Particulas: 24
   Pulso inicial: 0.1
   Uso de pesos: on
   Gerar graficos: off
   Semente: 9952

Sub bacia: QM
cef: 0.99215055
*dm: 0.0090171879
ebin: 17.989052
mape: 0.0044379961
somacoef: 1.9877126
supin: 38.163388
Iteracoes: 10000
Iteracao otima: 9885
Tempo: 9.236 s

Qcal
[34](0,0,0,56.15244,60.952866,62.452051,62.283221,56.957777,52.327954,48.348193,44.898481,49.439253,46.295277,47.650607,47.321213,47.162396,46.050394,46.172579,46.934476,49.118079,51.4277,53.656122,54.104396,54.689083,54.47519,53.567887,53.012468,53.514824,54.313251,54.831234,56.63424,58.66803,60.573254,61.698848)
Rsolo
[34](0,0,161.57678,166.61022,168.96059,169.69885,163.78177,158.06499,152.48777,147.70978,153.34432,150.31497,153.04845,153.702,154.27835,153.38198,153.93624,155.02367,157.27335,159.39496,161.23379,161.3484,161.52768,160.83174,159.27481,158.17755,158.31902,158.72467,158.79041,160.06337,161.43225,162.58946,162.99994,156.60134)
Rsub
[34](0,0,63.421097,66.396521,70.073286,74.075363,78.162737,81.353234,83.730945,85.366708,86.405754,88.132685,89.469096,91.138426,92.88018,94.684566,96.362337,98.100053,99.966813,102.11731,104.53966,107.19932,109.85759,112.52351,115.07537,117.39689,119.55481,121.71771,123.92128,126.11938,128.47672,131.00798,133.6849,136.40237)
Rsup
[34](0,0,5.5117925,6.0832094,6.1491097,5.9607782,5.0242026,4.2248339,3.5526477,2.9874087,3.6006498,3.0758324,3.2168306,3.1008721,3.0065826,2.7720625,2.7209781,2.7598293,2.9987254,3.2441984,3.4668079,3.4225954,3.3981416,3.2580388,3.0224615,2.8471417,2.8312944,2.8580036,2.8425432,3.0128976,3.2100601,3.3815294,3.4344326,2.888002)
Peso chuva 
[34](1.02393,2,0.51352522,0.73416053,1.0083146,0.96552344,0.5,0.5,0.5,0.5,0.5,0.5,0.5,0.5,0.5,0.80390758,1.2336685,0.95748256,1.0575609,1.7235599,0.5,0.78798604,0.71867809,1.0348518,0.62347236,2,1.8937949,1.2360017,1.8938402,0.5,1.4557128,0.86875135,1.0059957,1)
Previsao ETA40_LIMITES
[13] (4.335,1.565,13.11,16.96,10.925,11.91,7.905,2.11,1.745,5.5,7.6065,7.6065,7.6065)
Previsao PMEDIA_ORIG
[13] (10.9,6.2,12.4,21,12.9,11.5,13.1,20.2,10.4,5.8,5.2,7.7,11.441667)
Previsao PRECMEDIA_ETA40.GEFS
[13] (8.36,6.15,11.64,15.9,14.36,11.32,13.37,20.58,11.97,6.84,12.049,12.049,12.049)
Previsao PRECZERADA_
[13] (0,0,0,0,0,0,0,0,0,0,0,0,0)


Sub bacia: RB-SMAP
cef: 0.99358144
*dm: 0.018131782
ebin: 75.036
mape: 0.016957702
somacoef: 1.9766237
supin: 553.5569
Iteracoes: 10000
Iteracao otima: 8392
Tempo: 8.886 s

Qcal
[34](0,0,0,628.5929,645.85939,624.83801,560.15276,497.46263,462.97268,443.16606,407.09739,361.77346,339.77761,330.85081,330.07638,338.29436,354.85711,358.02591,351.37481,349.34661,353.42422,355.04935,353.70193,346.83325,324.94686,342.12357,341.50265,339.30922,327.76622,293.63394,266.29786,245.28088,247.61135,253.54983)
Rsolo
[34](0,0,111.55223,115.03737,115.80645,113.23335,110.20112,109.241,112.13977,112.52099,110.73815,111.0504,112.10773,113.43959,115.11772,117.04536,117.71356,117.43468,117.44381,117.84877,117.97597,117.81049,117.13947,114.8158,116.28052,116.18377,115.90839,114.6598,109.3022,104.81099,101.34477,102.30646,103.6283,98.402651)
Rsub
[34](0,0,79.071842,81.821651,85.051409,88.37104,91.29079,93.763388,96.086815,98.794254,101.53578,104.00719,106.50376,109.13014,111.927,114.94739,118.23284,121.59544,124.89096,128.16365,131.47389,134.77923,138.03503,141.16508,143.92634,146.88404,149.80556,152.6646,155.31855,157.19804,158.47455,159.31422,160.26394,161.36941)
Rsup
[34](0,0,20.773693,21.323736,20.419835,17.874129,15.417537,14.035155,13.209117,11.759126,9.9605932,9.0471283,8.6232179,8.500624,8.7094234,9.2234215,9.2253369,8.855987,8.6625126,8.698988,8.64209,8.4738143,8.1001024,7.1672894,7.7135563,7.5849246,7.3985682,6.8635697,5.4881523,4.3953604,3.5611831,3.6187377,3.807773,3.0222315)
Peso chuva 
[34](1.6888544,0.7228595,0.5,0.62066981,0.68558303,0.97554858,0.91388374,1.0103159,1.0873361,1.3312481,1.179938,1.3996726,1.5684219,0.90425432,1.1935689,1.0515292,0.9945514,0.84796321,1.0308509,1.0765432,0.86472645,0.83804164,0.81502011,0.75667879,1.4475621,2,2,2,2,2,2,2,1.6292139,1)
Previsao ETA40_LIMITES
[13] (23.331429,23.37,25.835714,24.958571,8.3742857,2.2157143,2.41,5.2357143,0.18285714,0.22857143,11.614286,11.614286,11.614286)
Previsao PMEDIA_ORIG
[13] (23.4,25,14.8,21.3,14.5,2.6,6.7,2.5,1.4,1.4,1.6,1,9.6833333)
Previsao PRECMEDIA_ETA40.GEFS
[13] (19.69,23.98,16.47,23.46,12.37,2.43,5.57,3.03,1.43,1.22,10.965,10.965,10.965)
Previsao PRECZERADA_
[13] (0,0,0,0,0,0,0,0,0,0,0,0,0)


Sub bacia: SFR2
cef: 0.94530206
*dm: 0.12103217
ebin: 38.856
mape: 0.10796723
somacoef: 1.8373348
supin: 1155.8782
Iteracoes: 10000
Iteracao otima: 8782
Tempo: 9.176 s

Qcal
[34](0,0,0,1194.7342,1196.2669,1196.4081,1096.3796,1020.9978,914.40795,813.60342,723.59246,644.73658,579.51908,525.40953,475.84759,475.80525,572.60488,577.55807,655.9202,593.96138,657.80273,618.56105,578.80072,530.58947,485.47215,441.73109,405.07016,375.0328,344.93794,318.27382,294.85514,274.13993,257.61429,251.77624)
Rsolo
[34](0,0,83.012858,86.907479,89.859969,87.623541,86.494996,82.492404,77.533079,72.076955,67.628862,64.725022,62.459995,60.112729,62.078357,69.283899,71.213427,76.54032,72.820267,77.291016,75.272584,73.127229,70.091349,66.99575,62.677853,59.900458,57.727975,54.889967,52.139219,49.724212,47.451218,45.90971,45.351755,42.983115)
Rsub
[34](0,0,14.397293,16.769236,19.476882,22.446156,25.177183,27.781089,30.003495,31.792197,33.148729,34.184649,35.025082,35.721,36.276113,36.939784,38.058425,39.303973,40.941303,42.281384,43.955391,45.457485,46.785274,47.883637,48.763366,49.365664,49.803059,50.119277,50.289157,50.329049,50.264424,50.109699,49.898857,49.669727)
Rsup
[34](0,0,25.667289,25.559173,25.400041,23.00087,21.163281,18.640307,16.268665,14.162695,12.330334,10.82004,9.5681221,8.4258493,8.3916412,10.501388,10.544338,12.209792,10.735816,12.073158,11.101439,10.128505,8.9783574,7.9106627,6.8866319,6.036448,5.3432288,4.655995,4.053714,3.5312909,3.0751644,2.7174708,2.6004676,2.2638386)
Peso chuva 
[34](2,0.78434007,0.5,1.4846558,2,2,2,2,2,2,2,0.5,0.5,0.5,1.0780616,2,2,1.7765798,0.86446364,1.620159,2,2,2,2,2,2,2,1.0910584,0.56248886,0.5,0.67732617,2,2,1)
Previsao ETA40_LIMITES
[13] (3.211875,6.42875,13.350625,25,24.7375,9.866875,15.63625,5.620625,3.943125,8.11375,11.590937,11.590937,11.590937)
Previsao PMEDIA_ORIG
[13] (3.4,7.5,12.2,25,21.9,8.3,17,19.3,9.3,5.9,5.3,8.3,11.95)
Previsao PRECMEDIA_ETA40.GEFS
[13] (5.95,6.49,10.05,19.7,20.28,8.68,15.44,16.1,9.75,6.77,11.921,11.921,11.921)
Previsao PRECZERADA_
[13] (0,0,0,0,0,0,0,0,0,0,0,0,0)


Sub bacia: SRM2
cef: 0.97995297
*dm: 0.043443339
ebin: 71.72
mape: 0.038541413
somacoef: 1.9414116
supin: 4838.0114
Iteracoes: 10000
Iteracao otima: 9812
Tempo: 8.733 s

Qcal
[34](0,0,0,4909.7314,4675.2303,4033.4827,3949.0419,4714.1909,4081.3258,3533.2263,3022.1487,2598.6991,2259.3288,1972.6958,1760.7175,1848.7923,2291.9852,2667.1175,2575.74,2260.9164,1996.7784,1839.4104,2170.9242,2258.5413,2099.4176,1991.4086,1883.5012,1653.939,1455.2025,1287.5051,1151.8792,1033.704,989.84066,1112.7971)
Rsolo
[34](0,0,90.51558,84.584409,76.473889,81.516556,89.443232,76.504408,73.43028,70.079199,67.510325,65.71134,63.950002,62.931291,67.142438,75.669957,82.263925,79.168977,73.809061,72.152608,71.726805,78.493585,79.575084,76.011127,75.132961,74.449077,71.139968,67.92179,64.825079,62.426503,59.870801,59.069316,61.671188,58.277728)
Rsub
[34](0,0,8.697698,18.863385,24.888149,26.07838,30.134173,39.374902,40.477271,40.186066,39.896956,39.609927,39.324962,39.042047,38.761167,38.482309,39.148362,43.565403,46.114512,45.782752,45.453378,45.126373,47.280806,50.036723,50.799527,51.097039,51.041566,50.674359,50.309793,49.947851,49.588512,49.231758,48.877571,48.525932)
Rsup
[34](0,0,26.530063,24.784468,20.99291,20.476045,24.488477,20.60021,17.544766,14.755352,12.446367,10.59835,9.0394351,7.8898085,8.3854824,10.828416,12.8554,12.154588,10.312935,8.8794904,8.0314296,9.8641284,10.247173,9.2499755,8.6231975,8.0180162,6.7616812,5.6884796,4.785367,4.0580052,3.4262197,3.2018193,3.8920873,3.2728422)
Peso chuva 
[34](1.0489057,1.5958825,0.5,0.76826484,0.57536232,2,1.7349625,0.5,2,0.5,0.5,0.5,0.5,0.5,0.95425981,0.86057359,1.4140625,0.9103152,0.5,0.5,0.5,1.900044,2,2,2,2,0.75985666,0.5050734,0.78904374,0.5,0.5,0.85617426,1.3083879,1)
Previsao ETA40_LIMITES
[13] (10.09717,16.959623,21.603585,23.228302,9.86,8.1769811,9.9566038,3.5164151,0.7990566,1.1013208,10.529906,10.529906,10.529906)
Previsao PMEDIA_ORIG
[13] (9.8,19.8,15.3,23,16.3,6.9,9.8,11.4,8.3,4,3.4,3.7,10.975)
Previsao PRECMEDIA_ETA40.GEFS
[13] (11.46,17.85,15.54,23.97,15.26,8,10.72,8.69,6.45,3.3,12.124,12.124,12.124)
Previsao PRECZERADA_
[13] (0,0,0,0,0,0,0,0,0,0,0,0,0)


Sub bacia: TM-SMAP
cef: 0.91968294
*dm: 0.081732409
ebin: 234.6
mape: 0.015144534
somacoef: 1.9045384
supin: 1446.0823
Iteracoes: 10000
Iteracao otima: 9998
Tempo: 8.478 s

Qcal
[33](0,0,1680.6823,1819.5253,1874.8157,1803.0456,1658.7567,1522.6488,1445.8122,1395.9414,1286.8555,1184.0023,1099.8257,1096.8282,1136.5472,1206.1819,1270.7381,1325.2742,1322.3466,1338.2161,1379.2922,1405.8285,1431.1757,1423.6226,1516.4459,1600.364,1565.6575,1468.889,1369.9348,1349.5893,1277.4602,1359.8562,1360.9451)
Rsolo
[33](0,35.560444,34.149924,31.875644,26.763842,23.129906,21.17248,21.971449,23.339797,21.002282,19.448699,18.818418,21.688068,25.270777,27.838596,28.708687,28.829455,27.218575,27.373627,28.221327,28.139366,28.140506,27.128352,29.618527,30.239756,27.196943,23.616633,21.555906,23.624782,22.05244,26.964568,26.644677,21.485616)
Rsub
[33](0,62.330152,70.114187,76.782788,81.826911,83.867722,84.262825,83.94139,83.899863,84.378009,83.999038,83.308751,82.624136,82.4929,83.811024,86.39319,89.430981,92.511787,94.696512,96.943711,99.62491,102.23939,104.833,106.87,110.26243,113.99829,115.99528,116.32157,115.86735,116.19803,115.92059,117.78275,119.46838)
Rsup
[33](0,28.939359,32.691425,31.85128,28.367704,25.430364,22.773743,21.350753,20.440266,18.299958,16.343663,14.779659,14.835212,15.699653,17.049606,18.198988,19.110045,18.864638,19.059871,19.752011,20.117848,20.462456,20.147931,21.881946,23.333653,22.383684,20.320953,18.338698,17.986853,16.538172,18.226368,18.125038,16.147573)
Peso chuva 
[33](2,0.5,2,1.8627183,2,1.0215694,0.89934425,2,1.725697,0.5,0.5,0.5,0.62531715,0.95680082,0.99754609,1.3132141,1.4630146,0.62232374,0.90361207,0.70677793,1.0081985,1.128801,0.92692471,1.7573921,2,2,2,2,2,2,1.1711144,1.2751508,1)
Previsao ETA40_LIMITES
[13] (26.317619,29.542857,28.722857,29.013333,11.987619,5.5752381,6.0709524,2.6457143,0.026666667,0.4952381,14.03981,14.03981,14.03981)
Previsao PMEDIA_ORIG
[13] (22,28,16,28,10.1,3.2,6,2.1,2.6,1.1,2.7,1.2,10.25)
Previsao PRECMEDIA_ETA40.GEFS
[13] (25.14,29.19,19.36,29.25,12.21,5.15,7.71,3.21,3.2,1.42,13.584,13.584,13.584)
Previsao PRECZERADA_
[13] (0,0,0,0,0,0,0,0,0,0,0,0,0)


Tempo de execucao em: 45 s

Finalizando execucao: 27-02-2020 14:11:21

