ONS-Operador Nacional Do Sistema Eletrico
Modelo Computacional SMAP
Versao: 2.0.4 Data: 14/05/2019

Iniciando execucao: 26-03-2020 14:10:26

Parametros
   Amplitude inicial: 0.5
   dm alvo: 0 (nao e necessario multiplicar por 100)
   Limite de iteracoes: 10000
   Particulas: 24
   Pulso inicial: 0.1
   Uso de pesos: on
   Gerar graficos: off
   Semente: 9952

Sub bacia: QM
cef: 0.9986999
*dm: 0.0056809773
ebin: 37.56
mape: 0.0055302117
somacoef: 1.9931697
supin: 15.13666
Iteracoes: 10000
Iteracao otima: 9928
Tempo: 10.199 s

Qcal
[34](0,0,0,52.69666,53.534901,54.01749,54.506396,54.05509,54.707253,55.18328,55.079406,55.468857,57.035815,59.255664,104.10944,103.58966,116.48799,110.19736,102.89044,95.570518,90.266255,84.592226,79.680837,75.423667,71.724384,68.498784,65.674044,63.187665,66.322365,64.16126,62.824336,62.406773,103.75041,104.14833)
Rsolo
[34](0,0,155.67224,155.9272,155.78388,155.67867,154.3294,154.54437,154.54979,153.98954,154.0933,155.5053,157.4381,175.18737,176.04724,182.18939,178.46266,173.22596,167.09852,163.5719,157.19587,151.8036,147.19675,143.22713,139.78162,136.77229,134.12966,140.31901,139.1817,139.22187,140.58607,161.46174,165.27096,158.62272)
Rsub
[34](0,0,132.41923,134.14685,135.89662,137.61619,139.31078,140.81912,142.34536,143.86235,145.29731,146.73625,148.34873,150.20585,154.65015,159.20314,164.74133,169.62105,173.62885,176.67859,179.19706,180.82084,181.73782,182.0878,181.97706,181.48787,180.68494,179.61989,179.20406,178.6687,178.14111,177.76389,179.97802,182.71908)
Rsup
[34](0,0,2.1861301,2.2364207,2.2344388,2.2346063,2.1000058,2.132405,2.1386322,2.0614853,2.0589482,2.226311,2.4808587,8.8828399,8.6257068,10.302047,9.166639,7.9114275,6.6900566,5.7990473,4.8763981,4.1005457,3.4481341,2.8995236,2.438199,2.0502728,1.7240671,2.2204301,1.925345,1.7541895,1.7154953,7.7020528,7.6688197,6.448683)
Peso chuva 
[34](0.63936886,1.9880794,0.5,0.6944942,0.81868055,0.78853198,2,1.1825673,1.8072977,1.0112177,0.5,1.9085717,1.7396078,0.94461713,0.76277795,0.80588429,0.70634111,0.5,0.62725277,1.6096706,0.5,0.5,1.631597,0.5,0.5,0.51200559,0.5294239,1.2447706,2,2,0.78434108,1.1383149,1.1278616,1)
Previsao PMEDIA_ORIG
[13] (2.6,0.9,1.2,0.1,0.3,0.3,0.4,0.3,1.5,3,4.1,2.8,1.4583333)


Sub bacia: RB-SMAP
cef: 0.99537869
*dm: 0.012981693
ebin: 77.597338
mape: 0.012131275
somacoef: 1.9832474
supin: 124.36726
Iteracoes: 10000
Iteracao otima: 9827
Tempo: 10.915 s

Qcal
[34](0,0,0,201.9646,196.79563,209.30522,190.18033,194.92442,234.53227,261.12598,331.20576,451.33715,545.09113,580.90659,531.84909,456.69226,391.78122,337.83988,294.72557,260.31421,232.79996,210.74195,193.03479,178.72397,167.13071,157.67791,149.91491,143.46039,140.46815,199.17353,262.77477,303.04233,306.24901,303.92715)
Rsolo
[34](0,0,96.408582,97.99115,101.45297,99.520118,101.5194,106.66646,110.218,117.04693,124.46839,129.20177,130.92688,128.50616,123.03739,117.49675,111.83195,106.73355,102.2856,98.32998,95.173447,91.924712,89.410979,87.111026,85.069847,82.946083,81.286692,81.439333,91.701368,101.4147,108.23141,111.05769,112.71514,106.78412)
Rsub
[34](0,0,81.770942,82.606376,83.612457,85.01511,86.178992,87.570772,89.597394,92.084753,95.538408,100.14117,105.51605,111.15616,116.3289,120.54399,123.85665,126.31669,128.06741,129.24415,129.94609,130.29306,130.298,130.05455,129.59659,128.95879,128.14379,127.20234,126.27661,126.28849,127.37302,129.31373,131.6254,134.15333)
Rsup
[34](0,0,4.6672116,4.4434808,4.8771076,4.1094435,4.2460297,5.6828549,6.6086823,9.1500315,13.535289,16.889741,18.0424,16.00053,12.995857,10.409789,8.267526,6.5619398,5.2082151,4.133763,3.2809802,2.6041157,2.066888,1.6404901,1.3020579,1.033444,0.82024506,0.74148017,2.9775229,5.3639052,6.8364299,6.8876559,6.7181984,5.3322376)
Peso chuva 
[34](1.2093984,0.52557001,2,2,2,0.68299589,0.95764689,1.1647645,1.1766143,1.0332448,1.213014,1.0921783,0.96685899,0.58197433,0.5,0.5,0.5,0.5,0.53013772,1.8604541,1.7593225,0.53270949,2,2,2,0.73509155,1.7204539,2,1.9809322,1.3663342,1.1000847,0.7647883,0.7876943,1)
Previsao PMEDIA_ORIG
[13] (1.6,0,0.1,0.1,2,2.3,2.9,1.2,1.1,1.7,2.2,2.7,1.4916667)


Sub bacia: SFR2
cef: 0.91999648
*dm: 0.11259931
ebin: 104.664
mape: 0.079234095
somacoef: 1.8407624
supin: 215.11358
Iteracoes: 10000
Iteracao otima: 9997
Tempo: 10.441 s

Qcal
[34](0,0,0,319.77758,291.9935,278.26906,257.21198,242.44297,428.30554,482.03822,593.61827,840.60095,1020.2621,1040.2563,965.32784,1120.3977,1120.8031,1092.8786,1021.5484,921.30809,834.04322,757.61095,686.99779,624.8942,570.29771,522.3422,480.18962,443.09623,410.48277,382.27609,406.93796,481.87418,568.17333,685.27756)
Rsolo
[34](0,0,49.67847,47.200195,46.582648,45.079537,44.149731,56.588986,62.194526,70.423281,81.593308,89.158367,91.073955,88.225563,93.782446,94.29742,93.625504,90.729074,85.304542,80.680342,76.613449,72.080516,67.93009,64.001519,60.38944,56.974398,54.163525,51.650314,49.648239,53.369616,60.295308,67.280887,74.823365,69.606878)
Rsub
[34](0,0,38.781095,38.804163,38.728784,38.630846,38.479571,38.297594,38.643966,39.296107,40.475899,42.521755,45.243978,48.133114,50.722106,53.843399,56.993863,60.050304,62.79034,64.992639,66.770188,68.200225,69.274566,70.050347,70.567675,70.868011,70.981501,70.954521,70.812336,70.585657,70.524331,70.819698,71.540282,72.793781)
Rsup
[34](0,0,4.7767858,4.1584336,3.8581877,3.3964663,3.0775734,7.2157209,8.388144,10.826794,16.240556,20.107482,20.388327,18.551328,21.839632,21.661576,20.852678,19.085557,16.695422,14.625645,12.82187,11.168141,9.7246906,8.4658349,7.3699373,6.4159031,5.5854103,4.8628167,4.2449837,4.8062071,6.4739071,8.3725541,10.929771,9.5149187)
Peso chuva 
[34](0.5,2,2,0.5,2,2,2,1.342063,0.77366265,2,0.96497704,1.5684825,0.97541198,0.59663557,1.8781796,1.3190361,1.3695726,1.3437054,0.5,0.5,0.5,0.5,0.5,0.5,0.5,1.2134097,0.62557946,1.8617989,1.3741339,1.5340841,1.6027776,0.8058486,0.93520877,1)
Previsao PMEDIA_ORIG
[13] (2.3,0.7,0.4,0.2,0.6,0.6,0.5,0.2,1,2.9,2.6,2.9,1.2416667)


Sub bacia: SRM2
cef: 0.95257817
*dm: 0.062183984
ebin: 249.272
mape: 0.040224593
somacoef: 1.9123536
supin: 800.98025
Iteracoes: 10000
Iteracao otima: 9936
Tempo: 10.427 s

Qcal
[34](0,0,0,1050.2522,989.49494,1112.7996,1587.0261,1787.7983,1715.8387,1661.3019,2772.1663,3355.8962,4093.7135,3980.9854,4112.9684,4457.8642,4884.721,4929.6151,4450.7648,3880.238,3383.982,2995.4016,2639.8138,2335.9833,2077.5133,1859.6185,1675.317,1519.8487,1400.1276,1312.0267,1630.0875,1925.6002,2382.2765,2711.4974)
Rsolo
[34](0,0,63.331374,62.609766,65.487836,73.397255,78.2001,76.066773,75.496222,87.620095,87.88018,89.452511,83.642186,84.890369,87.004792,88.252947,85.964214,78.868826,73.050044,70.460882,69.085549,66.755223,64.214937,61.240898,58.653877,56.002939,53.652851,52.15391,51.091526,58.28172,65.319774,74.235548,81.429443,73.051881)
Rsub
[34](0,0,30.229958,30.012475,29.796557,29.582192,29.36937,31.472464,32.398312,33.017142,40.962524,49.029824,58.141216,63.281057,69.184449,76.449618,84.519878,90.976075,93.012928,92.343767,91.67942,91.019853,90.365031,89.714919,89.069485,88.428694,87.792514,87.16091,86.53385,85.911301,85.293231,84.679608,84.274287,87.858827)
Rsup
[34](0,0,4.3923121,4.0689731,4.7548986,7.3650934,8.4756856,7.9859862,7.6450593,13.708692,16.550404,20.231568,19.201409,19.692749,21.317107,23.329335,23.210602,20.292811,17.072128,14.381082,12.280275,10.360172,8.7236756,7.3357075,6.1700291,5.1883553,4.3645847,3.7366332,3.2818712,5.0541621,6.7026042,9.2346131,11.05828,9.2988679)
Peso chuva 
[34](1.8938551,1.867365,1.8309172,0.90439302,1.370099,2,1.9336246,0.98455106,0.64102653,1.309403,1.511315,0.92298686,0.63882194,0.9313819,1.7712185,1.3071626,2,2,2,2,2,1.2099609,1.1857029,2,2,2,0.50256685,0.5,0.5,0.81097584,0.74485264,0.99164155,2,1)
Previsao PMEDIA_ORIG
[13] (1.8,0.4,0.1,0.2,0.9,1,0.8,0.6,1.1,2.4,2.1,1.8,1.1)


Sub bacia: TM-SMAP
cef: 0.99321659
*dm: 0.015015557
ebin: 768.336
mape: 0.013395983
somacoef: 1.9798206
supin: 663.89036
Iteracoes: 10000
Iteracao otima: 9896
Tempo: 8.828 s

Qcal
[33](0,0,1432.2264,1425.8564,1425.0605,1419.157,1434.5331,1502.6921,1623.864,1661.0888,1830.9094,1929.4617,1981.1552,2028.0583,2174.8145,2116.3663,2032.1758,1927.7275,1808.5848,1698.4974,1599.2233,1513.8494,1433.5542,1361.2811,1295.9629,1237.0122,1183.8156,1136.4602,1095.7104,1091.6398,1093.3305,1054.5656,1017.5923)
Rsolo
[33](0,21.590984,23.105714,24.071629,24.260133,25.233177,27.464426,29.732695,29.081931,32.078307,31.518981,30.599366,30.437318,32.540084,28.096471,25.670869,23.271785,20.585183,18.894607,17.679246,16.960168,15.934475,14.96333,13.987365,12.908684,11.857697,11.190268,10.705573,12.054726,13.772537,13.117451,12.311822,11.272629)
Rsub
[33](0,204.13683,202.97314,202.37994,202.18525,202.07223,202.39048,203.80011,206.46335,208.72594,212.81936,216.51348,219.59641,222.55429,226.84304,228.38876,228.69357,227.95469,226.26082,224.40146,222.55737,220.72844,218.91454,217.11554,215.33133,213.56178,211.80677,210.06619,208.3399,206.62781,204.92978,203.24571,201.57548)
Rsup
[33](0,13.285939,13.246114,13.274868,13.17139,13.487613,14.827656,17.146403,17.690751,20.918819,22.582744,23.338996,24.045419,26.759544,25.266824,23.465557,21.352352,19.023692,16.948183,15.101538,13.531915,12.062788,10.753068,9.5814086,8.5360647,7.6047691,6.7892715,6.1048826,6.153449,6.3162436,5.66837,5.0552995,4.5037599)
Peso chuva 
[33](0.55452942,0.5758877,0.74340693,1.1850008,0.86405623,0.8157788,0.72034263,1.3178687,0.56071068,1.2157412,1.0321853,1.1362187,1.8308024,1.8602624,2,2,2,2,1.9218859,2,2,2,2,2,1.6555923,0.5,0.75860313,0.5,1.2281519,1.067726,0.5,0.5,1)
Previsao PMEDIA_ORIG
[13] (1.3,0.2,0,0.1,2,2.1,1.2,1.3,1.2,1.8,1.8,2.6,1.3)


Tempo de execucao em: 51 s

Finalizando execucao: 26-03-2020 14:11:17

