02750033 28/12/2019 1000 0.2     
02750033 29/12/2019 1000 0.2     
02750033 30/12/2019 1000 0.2     
02750033 31/12/2019 1000 0.2     
02750033 01/01/2020 1000 0.2     
02750033 02/01/2020 1000 0.2     
02750033 03/01/2020 1000 0.2     
02750033 04/01/2020 1000 0.4     
02750033 05/01/2020 1000 1.6     
02750033 06/01/2020 1000 0.2     
02750033 07/01/2020 1000 0       
02750033 08/01/2020 1000 0       
02750033 09/01/2020 1000 0       
02750033 10/01/2020 1000 0.2     
02750033 11/01/2020 1000 7       
02750033 12/01/2020 1000 0       
02750033 13/01/2020 1000 0       
02750033 14/01/2020 1000 0       
02750033 15/01/2020 1000 0       
02750033 16/01/2020 1000 18.4    
02750033 17/01/2020 1000 3.4     
02750033 18/01/2020 1000 0       
02750033 19/01/2020 1000 0       
02750033 20/01/2020 1000 0       
02750033 21/01/2020 1000 0       
02750033 22/01/2020 1000 1.4     
02750033 23/01/2020 1000 4.8     
02750033 24/01/2020 1000 0       
02750033 25/01/2020 1000 0       
02750033 26/01/2020 1000 0       
02750033 27/01/2020 1000 0       
02750033 28/01/2020 1000 0.2     
02750033 29/01/2020 1000 1.8     
02750033 30/01/2020 1000 13.2    
02750033 31/01/2020 1000 0.2     
02750033 01/02/2020 1000 0       
02750033 02/02/2020 1000 0       
02750033 03/02/2020 1000 0.6     
02750033 04/02/2020 1000 8       
02750033 05/02/2020 1000 1.2     
02750033 06/02/2020 1000 0.2     
02750033 07/02/2020 1000 12      
02750033 08/02/2020 1000 2.4     
02750033 09/02/2020 1000 3.6     
02750033 10/02/2020 1000 13      
02750033 11/02/2020 1000 0       
