02752034 28/12/2019 1000 0       
02752034 29/12/2019 1000 0       
02752034 30/12/2019 1000 0       
02752034 31/12/2019 1000 0       
02752034 01/01/2020 1000 0       
02752034 02/01/2020 1000 0       
02752034 03/01/2020 1000 0       
02752034 04/01/2020 1000 0       
02752034 05/01/2020 1000 0       
02752034 06/01/2020 1000 0       
02752034 07/01/2020 1000 1.5     
02752034 08/01/2020 1000 0       
02752034 09/01/2020 1000 0       
02752034 10/01/2020 1000 0       
02752034 11/01/2020 1000 14.2    
02752034 12/01/2020 1000 0       
02752034 13/01/2020 1000 0.3     
02752034 14/01/2020 1000 0       
02752034 15/01/2020 1000 0       
02752034 16/01/2020 1000 11.4    
02752034 17/01/2020 1000 3.8     
02752034 18/01/2020 1000 0       
02752034 19/01/2020 1000 0       
02752034 20/01/2020 1000 0       
02752034 21/01/2020 1000 0       
02752034 22/01/2020 1000 2       
02752034 23/01/2020 1000 2.3     
02752034 24/01/2020 1000 0       
02752034 25/01/2020 1000 0       
02752034 26/01/2020 1000 0       
02752034 27/01/2020 1000 0       
02752034 28/01/2020 1000 0       
02752034 29/01/2020 1000 2       
02752034 30/01/2020 1000 24.9    
02752034 31/01/2020 1000 1.8     
02752034 01/02/2020 1000 0       
02752034 02/02/2020 1000 0       
02752034 03/02/2020 1000 30.2    
02752034 04/02/2020 1000 0.5     
02752034 05/02/2020 1000 2.5     
02752034 06/02/2020 1000 0       
02752034 07/02/2020 1000 0       
02752034 08/02/2020 1000 4.8     
02752034 09/02/2020 1000 4.8     
02752034 10/02/2020 1000 7.1     
02752034 11/02/2020 1000 0       
