02851061 28/12/2019 1000 0       
02851061 29/12/2019 1000 0       
02851061 30/12/2019 1000 0.6     
02851061 31/12/2019 1000 2       
02851061 01/01/2020 1000 1.8     
02851061 02/01/2020 1000 16.6    
02851061 03/01/2020 1000 0       
02851061 04/01/2020 1000 0       
02851061 05/01/2020 1000 0.4     
02851061 06/01/2020 1000 0       
02851061 07/01/2020 1000 0       
02851061 08/01/2020 1000 0       
02851061 09/01/2020 1000 0       
02851061 10/01/2020 1000 69.2    
02851061 11/01/2020 1000 26      
02851061 12/01/2020 1000 0.2     
02851061 13/01/2020 1000 0       
02851061 14/01/2020 1000 0       
02851061 15/01/2020 1000 0       
02851061 16/01/2020 1000 42      
02851061 17/01/2020 1000 13.2    
02851061 18/01/2020 1000 0       
02851061 19/01/2020 1000 0       
02851061 20/01/2020 1000 0       
02851061 21/01/2020 1000 1.8     
02851061 22/01/2020 1000 9.4     
02851061 23/01/2020 1000 1       
02851061 24/01/2020 1000 0       
02851061 25/01/2020 1000 0       
02851061 26/01/2020 1000 0       
02851061 27/01/2020 1000 0       
02851061 28/01/2020 1000 1.4     
02851061 29/01/2020 1000 0       
02851061 30/01/2020 1000 16.8    
02851061 31/01/2020 1000 0.4     
02851061 01/02/2020 1000 0.2     
02851061 02/02/2020 1000 0       
02851061 03/02/2020 1000 0       
02851061 04/02/2020 1000 24.6    
02851061 05/02/2020 1000 0       
02851061 06/02/2020 1000 0       
02851061 07/02/2020 1000 0       
02851061 08/02/2020 1000 0       
02851061 09/02/2020 1000 0.4     
02851061 10/02/2020 1000 0       
02851061 11/02/2020 1000 0       
