02854025 28/12/2019 1000 0       
02854025 29/12/2019 1000 0       
02854025 30/12/2019 1000 10      
02854025 31/12/2019 1000 0       
02854025 01/01/2020 1000 0       
02854025 02/01/2020 1000 0       
02854025 03/01/2020 1000 0       
02854025 04/01/2020 1000 0       
02854025 05/01/2020 1000 0       
02854025 06/01/2020 1000 0       
02854025 07/01/2020 1000 0       
02854025 08/01/2020 1000 0       
02854025 09/01/2020 1000 0       
02854025 10/01/2020 1000 5       
02854025 11/01/2020 1000 18      
02854025 12/01/2020 1000 0.2     
02854025 13/01/2020 1000 0       
02854025 14/01/2020 1000 25      
02854025 15/01/2020 1000 0       
02854025 16/01/2020 1000 50      
02854025 17/01/2020 1000 25      
02854025 18/01/2020 1000 0       
02854025 19/01/2020 1000 0       
02854025 20/01/2020 1000 0       
02854025 21/01/2020 1000 0       
02854025 22/01/2020 1000 5       
02854025 23/01/2020 1000 15      
02854025 24/01/2020 1000 0       
02854025 25/01/2020 1000 0       
02854025 26/01/2020 1000 0       
02854025 27/01/2020 1000 0       
02854025 28/01/2020 1000 0       
02854025 29/01/2020 1000 0       
02854025 30/01/2020 1000 20      
02854025 31/01/2020 1000 2       
02854025 01/02/2020 1000 0       
02854025 02/02/2020 1000 0       
02854025 03/02/2020 1000 0       
02854025 04/02/2020 1000 0       
02854025 05/02/2020 1000 0       
02854025 06/02/2020 1000 0       
02854025 07/02/2020 1000 0       
02854025 08/02/2020 1000 0       
02854025 09/02/2020 1000 0.2     
02854025 10/02/2020 1000 0       
02854025 11/02/2020 1000 0       
