02854026 28/12/2019 1000 0       
02854026 29/12/2019 1000 0       
02854026 30/12/2019 1000 10      
02854026 31/12/2019 1000 0       
02854026 01/01/2020 1000 0       
02854026 02/01/2020 1000 0       
02854026 03/01/2020 1000 0       
02854026 04/01/2020 1000 0       
02854026 05/01/2020 1000 0       
02854026 06/01/2020 1000 0       
02854026 07/01/2020 1000 0       
02854026 08/01/2020 1000 0       
02854026 09/01/2020 1000 0       
02854026 10/01/2020 1000 5       
02854026 11/01/2020 1000 34      
02854026 12/01/2020 1000 0       
02854026 13/01/2020 1000 0       
02854026 14/01/2020 1000 25      
02854026 15/01/2020 1000 0       
02854026 16/01/2020 1000 55.2    
02854026 17/01/2020 1000 28      
02854026 18/01/2020 1000 0       
02854026 19/01/2020 1000 0       
02854026 20/01/2020 1000 0       
02854026 21/01/2020 1000 0       
02854026 22/01/2020 1000 4.2     
02854026 23/01/2020 1000 22.4    
02854026 24/01/2020 1000 0       
02854026 25/01/2020 1000 0       
02854026 26/01/2020 1000 0       
02854026 27/01/2020 1000 0       
02854026 28/01/2020 1000 0       
02854026 29/01/2020 1000 0.6     
02854026 30/01/2020 1000 20.4    
02854026 31/01/2020 1000 1.4     
02854026 01/02/2020 1000 0       
02854026 02/02/2020 1000 0       
02854026 03/02/2020 1000 0       
02854026 04/02/2020 1000 0       
02854026 05/02/2020 1000 0       
02854026 06/02/2020 1000 0       
02854026 07/02/2020 1000 0       
02854026 08/02/2020 1000 0       
02854026 09/02/2020 1000 0.4     
02854026 10/02/2020 1000 0       
02854026 11/02/2020 1000 0       
