99990859 28/12/2019 1200 0       
99990859 29/12/2019 1200 0       
99990859 30/12/2019 1200 0       
99990859 31/12/2019 1200 0       
99990859 01/01/2020 1200 5.6     
99990859 02/01/2020 1200 0       
99990859 03/01/2020 1200 0.2     
99990859 04/01/2020 1200 0       
99990859 05/01/2020 1200 5.2     
99990859 06/01/2020 1200 0.2     
99990859 07/01/2020 1200 4       
99990859 08/01/2020 1200 0.6     
99990859 09/01/2020 1200 0.2     
99990859 10/01/2020 1200 0       
99990859 11/01/2020 1200 49.2    
99990859 12/01/2020 1200 0       
99990859 13/01/2020 1200 0       
99990859 14/01/2020 1200 0       
99990859 15/01/2020 1200 0       
99990859 16/01/2020 1200 7.6     
99990859 17/01/2020 1200 13.6    
99990859 18/01/2020 1200 0       
99990859 19/01/2020 1200 0       
99990859 20/01/2020 1200 0       
99990859 21/01/2020 1200 0       
99990859 22/01/2020 1200 0       
99990859 23/01/2020 1200 1       
99990859 24/01/2020 1200 0       
99990859 25/01/2020 1200 3.8     
99990859 26/01/2020 1200 0       
99990859 27/01/2020 1200 0       
99990859 28/01/2020 1200 0       
99990859 29/01/2020 1200 21      
99990859 30/01/2020 1200 36.6    
99990859 31/01/2020 1200 5.8     
99990859 01/02/2020 1200 0.2     
99990859 02/02/2020 1200 0       
99990859 03/02/2020 1200 3.8     
99990859 04/02/2020 1200 0       
99990859 05/02/2020 1200 0       
99990859 06/02/2020 1200 0       
99990859 07/02/2020 1200 6.8     
99990859 08/02/2020 1200 0       
99990859 09/02/2020 1200 0       
99990859 10/02/2020 1200 20.6    
99990859 11/02/2020 1200 0       
