99990844 28/12/2019 1200 0       
99990844 29/12/2019 1200 0       
99990844 30/12/2019 1200 0.6     
99990844 31/12/2019 1200 1.6     
99990844 01/01/2020 1200 1.6     
99990844 02/01/2020 1200 15.6    
99990844 03/01/2020 1200 0       
99990844 04/01/2020 1200 0       
99990844 05/01/2020 1200 0.4     
99990844 06/01/2020 1200 0       
99990844 07/01/2020 1200 0       
99990844 08/01/2020 1200 0       
99990844 09/01/2020 1200 0       
99990844 10/01/2020 1200 65      
99990844 11/01/2020 1200 23.2    
99990844 12/01/2020 1200 0       
99990844 13/01/2020 1200 0       
99990844 14/01/2020 1200 0       
99990844 15/01/2020 1200 0       
99990844 16/01/2020 1200 37.8    
99990844 17/01/2020 1200 12.8    
99990844 18/01/2020 1200 0       
99990844 19/01/2020 1200 0       
99990844 20/01/2020 1200 0       
99990844 21/01/2020 1200 2       
99990844 22/01/2020 1200 9.6     
99990844 23/01/2020 1200 0       
99990844 24/01/2020 1200 0       
99990844 25/01/2020 1200 0       
99990844 26/01/2020 1200 0       
99990844 27/01/2020 1200 0       
99990844 28/01/2020 1200 1.2     
99990844 29/01/2020 1200 0       
99990844 30/01/2020 1200 15      
99990844 31/01/2020 1200 0.6     
99990844 01/02/2020 1200 0.2     
99990844 02/02/2020 1200 0       
99990844 03/02/2020 1200 0       
99990844 04/02/2020 1200 23      
99990844 05/02/2020 1200 0       
99990844 06/02/2020 1200 0       
99990844 07/02/2020 1200 0       
99990844 08/02/2020 1200 0       
99990844 09/02/2020 1200 0.2     
99990844 10/02/2020 1200 0.2     
99990844 11/02/2020 1200 0       
