ONS-Operador Nacional Do Sistema Eletrico
Modelo Computacional SMAP
Versao: 2.0.4 Data: 14/05/2019

Iniciando execucao: 25-03-2020 15:02:27

Parametros
   Amplitude inicial: 0.5
   dm alvo: 0 (nao e necessario multiplicar por 100)
   Limite de iteracoes: 10000
   Particulas: 24
   Pulso inicial: 0.1
   Uso de pesos: on
   Gerar graficos: off
   Semente: 9952

Sub bacia: SMesa
cef: 0.98140777
*dm: 0.025415957
ebin: 741.70636
mape: 0.017329161
somacoef: 1.9640786
supin: 474.34197
Iteracoes: 10000
Iteracao otima: 9944
Tempo: 15.815 s

Qcal
[34](0,0,0,1216.0483,1148.7539,1317.4216,1222.1174,1230.7684,1113.5531,1307.7255,1463.669,1442.004,1451.488,1627.3452,1741.9116,2060.1559,2204.082,2154.6046,2008.4224,1729.9404,1765.1363,1578.517,1516.042,1389.0885,1278.3849,1184.2343,1111.4716,1057.1105,1016.2874,1159.6991,1467.4045,1712.1812,1619.0172,1694.4686)
Rsolo
[34](0,0,39.180698,40.055481,46.224707,44.294706,45.628501,42.901279,48.055398,50.89689,49.593019,49.495133,52.402915,53.330938,56.671317,56.687345,54.444376,51.522625,45.738607,48.822942,44.971482,45.041556,42.709984,40.891575,39.258685,37.685737,36.147817,34.832275,38.887479,46.732022,51.702496,48.668586,50.436824,43.902943)
Rsub
[34](0,0,117.94572,116.69465,115.48493,116.50934,116.76436,117.53469,117.26719,119.04572,122.10843,124.52514,126.87122,130.59245,134.74871,140.67967,146.55686,151.13076,154.15695,154.57466,156.29706,156.38944,156.5081,155.75932,154.40161,152.76385,151.14346,149.54026,147.95406,146.38469,147.29034,150.44573,152.1429,154.63505)
Rsup
[34](0,0,2.7316872,2.3894531,3.4046033,2.8186573,2.8592416,2.1563132,3.2842198,4.1178728,3.8821905,3.8492864,4.7770668,5.3020781,6.9842953,7.5983614,7.1005831,6.0930908,4.3797477,4.5673096,3.4302113,3.0670784,2.3316688,1.7212554,1.2282211,0.8684999,0.61412217,0.43708595,1.3204237,3.1493025,4.5261486,3.8753541,4.248408,3.0040781)
Peso chuva 
[34](1.3146989,0.5,2,2,2,2,2,2,2,1.3709781,1.2159968,0.87496288,1.3613276,1.4529487,0.96167918,0.50977711,0.55548145,0.5,0.5,1.1806382,0.5,0.70944581,0.5,0.5,0.5,0.50349569,0.84498873,0.5,1.2890892,1.4367739,0.98452675,0.73985128,0.8050542,1)
Previsao PMEDIA_ORIG
[13] (3,1.9,1.6,2.3,1.1,1.3,1.1,1.6,2.2,3.1,2.9,3,2.0916667)


Tempo de execucao em: 16 s

Finalizando execucao: 25-03-2020 15:02:43

