ONS-Operador Nacional Do Sistema Eletrico
Modelo Computacional SMAP
Versao: 2.0.4 Data: 14/05/2019

Iniciando execucao: 25-03-2020 15:02:08

Parametros
   Amplitude inicial: 0.5
   dm alvo: 0 (nao e necessario multiplicar por 100)
   Limite de iteracoes: 10000
   Particulas: 24
   Pulso inicial: 0.1
   Uso de pesos: on
   Gerar graficos: off
   Semente: 9952

Sub bacia: FOA
cef: 0.91646156
*dm: 0.13759451
ebin: 19.890119
mape: 0.10933242
somacoef: 1.8071291
supin: 6.9132986
Iteracoes: 10000
Iteracao otima: 9790
Tempo: 9.157 s

Qcal
[32](0,26.803418,25.357876,37.074517,99.830208,177.43154,148.22894,124.37098,104.86498,88.90608,75.843969,65.144558,56.368686,49.158509,43.223957,38.385168,36.236757,32.575061,29.552794,27.052454,24.978203,23.251875,21.809714,20.599718,19.57947,19.095877,44.511015,54.265019,46.906196,40.873081,35.92155,31.852497)
Rsolo
[32](58.343804,56.997943,61.833001,75.64452,89.914716,86.803387,83.535784,80.464608,77.956337,76.038689,73.875102,71.636162,69.395884,67.456402,66.072852,66.024955,63.981786,61.998095,60.076714,58.214096,56.417937,54.676994,52.988367,51.528364,50.896044,60.105435,65.972494,64.00454,62.017028,60.098253,58.255502,56.446513)
Rsub
[32](24.44807,24.157635,23.87065,23.587074,23.381233,23.396822,23.358935,23.268859,23.13349,22.964097,22.770832,22.552067,22.308714,22.043694,21.781821,21.52306,21.267373,21.014723,20.765075,20.518392,20.27464,20.033784,19.795789,19.560621,19.328247,19.098634,18.871748,18.647557,18.42603,18.207135,17.99084,17.777114)
Rsup
[32](0.54735393,0.45161243,1.3977522,6.3846412,12.541913,10.22882,8.342329,6.8037614,5.5489504,4.5256812,3.6910143,3.0102841,2.4551004,2.0023086,1.6360701,1.4826394,1.2091977,0.98618652,0.80430511,0.65596791,0.53498839,0.43632101,0.35585075,0.29022155,0.26690147,2.2939113,3.0807899,2.5126029,2.049206,1.6712729,1.3630417,1.1116573)
Peso chuva 
[32](0.5,0.5,0.5,0.5523008,1.0131904,1.763342,0.5,1.9787449,1.37098,1.6895587,0.58209456,0.5,0.5,0.5,0.5,2,1.0671054,0.5,0.61386302,0.5,1.9728266,2,0.91139388,1.7727856,0.5,0.96995344,0.9670403,0.67720775,0.5,2,2,1)
Previsao PMEDIA_ORIG
[13] (0,0.1,0.4,2.1,1.6,1.6,0.9,1.3,1.7,2.5,5.1,4.2,1.7916667)


Sub bacia: JordSeg
cef: 0.96480482
*dm: 0.072006567
ebin: 21.489975
mape: 0.062819143
somacoef: 1.9019857
supin: 0
Iteracoes: 10000
Iteracao otima: 9970
Tempo: 14.035 s

Qcal
[34](0,0,0,21.489975,22.284274,114.40895,165.32604,111.84838,79.082189,63.749557,52.828111,41.288234,34.606042,30.733931,28.463741,27.088566,27.896809,28.696111,27.629604,26.355837,25.479657,24.813427,24.251402,23.733253,23.22668,22.714609,22.189158,45.212833,57.647945,45.068149,35.237738,29.3928,26.374769,23.999965)
Rsolo
[34](0,0,45.78462,45.463786,60.439728,73.25773,73.071351,72.242419,72.795951,72.563812,69.931044,67.6505,65.417414,63.181934,61.07484,60.501656,60.055922,59.113741,57.331729,55.610727,53.988489,52.43061,50.956732,49.552303,48.220832,47.035324,53.755,59.771708,59.505056,58.018325,56.631353,55.8181,54.182401,52.603053)
Rsub
[34](0,0,16.29444,15.922275,15.558609,15.585057,16.154013,16.700918,17.19547,17.70527,18.192258,18.54517,18.789034,18.933401,18.98536,18.956643,18.907714,18.843899,18.748357,18.594621,18.389056,18.138689,17.848947,17.525358,17.172593,16.79501,16.411411,16.199303,16.187246,16.166058,16.094195,15.978207,15.838915,15.652573)
Rsup
[34](0,0,0,0.053853482,3.9344431,6.0666659,3.7942363,2.3909413,1.721094,1.2352551,0.72476149,0.42523948,0.24950086,0.14638969,0.085891259,0.12134785,0.15754681,0.11638158,0.068284593,0.040064635,0.023507133,0.013792345,0.0080923859,0.0047480475,0.002785823,0.0016345266,0.9876435,1.5204603,0.99396938,0.58319626,0.34223536,0.22217482,0.13035668,0.076484205)
Peso chuva 
[34](2,2,0.77090977,2,0.51764351,0.52366449,2,2,2,1.8011907,0.5,0.5,0.5,0.5,0.5,1.2224936,1.0723273,2,0.5,0.5,0.5,0.5,2,1.7155189,0.54113874,0.5,0.5,0.5,1.9730435,0.82376125,0.86600204,2,2,1)
Previsao PMEDIA_ORIG
[13] (0,0,0.3,1.5,2,1.4,1.3,1.4,1,3.1,6.4,5.4,1.9833333)


Sub bacia: SCaxias
cef: 0.98012484
*dm: 0.086892078
ebin: 61.359658
mape: 0.084588483
somacoef: 1.8955364
supin: 6.2681842
Iteracoes: 10000
Iteracao otima: 9880
Tempo: 14.094 s

Qcal
[32](0,67.627842,64.708597,96.049734,281.15805,346.01,316.88284,253.57786,205.32935,168.46453,140.22625,118.50959,101.73032,88.670658,78.428724,82.550265,73.293367,66.022948,60.273708,55.682769,51.975,48.941768,46.424837,44.304174,42.488694,69.870166,110.09183,120.53003,111.54664,92.476602,77.842861,66.575351)
Rsolo
[32](74.055072,71.840498,75.412171,88.190202,96.478649,99.367287,96.18896,93.187155,90.680357,88.338079,86.283546,84.161494,82.019071,80.038481,81.174977,79.62999,77.747539,75.750952,73.814934,72.150412,70.390008,68.596334,66.820179,65.139407,69.162708,75.035872,78.652543,79.814555,78.060456,76.134911,74.185573,72.264697)
Rsub
[32](12.931822,12.636459,12.347842,12.065816,11.864755,11.790401,11.764952,11.688276,11.567091,11.41203,11.227906,11.02069,10.791287,10.544814,10.30397,10.068627,9.838659,9.6139437,9.3943609,9.1797934,8.9701267,8.7652487,8.5650501,8.3694241,8.1782662,7.9914743,7.8089488,7.6305922,7.4563092,7.2860069,7.1195943,6.9569825)
Rsup
[32](0.12460791,0.094435139,0.74470283,4.4511522,5.7593368,5.1873192,3.9312528,2.9793325,2.2579118,1.7111772,1.2968298,0.9828132,0.74483312,0.56447795,0.66912944,0.50730635,0.38446632,0.29137098,0.22081791,0.16734868,0.12682659,0.096116579,0.072842746,0.055204478,0.61756345,1.4347662,1.6594884,1.4977274,1.1350651,0.86021848,0.6519237,0.49406578)
Peso chuva 
[32](2,0.5,2,0.62367326,0.99202877,2,0.5,0.5,0.5,0.5,0.5,0.5,0.58916271,0.5,1.2625204,0.5,0.5,0.5,0.5,0.5,0.5,0.5,1.0540357,0.5,1.940174,0.5,0.72724399,1.6107926,2,2,0.5,1)
Previsao PMEDIA_ORIG
[13] (0,0,0.6,3.5,2.1,1.3,1.4,1.6,2.1,5.2,8.1,4.3,2.5166667)


Sub bacia: StaClara
cef: 0.99018703
*dm: 0.023223041
ebin: 18.673715
mape: 0.021047926
somacoef: 1.9691391
supin: 2.0917875
Iteracoes: 10000
Iteracao otima: 5925
Tempo: 13.063 s

Qcal
[34](0,0,0,20.765503,19.90746,19.978895,19.979465,19.889815,18.909999,18.060979,17.317401,16.659105,16.070053,15.53748,15.05122,14.603171,14.186868,14.007803,13.59966,13.216513,12.85708,12.517732,12.195562,11.888231,11.593857,11.310921,11.159997,17.388803,27.664484,31.431237,27.529235,24.211197,21.237091,18.608863)
Rsolo
[34](0,0,88.20396,86.32805,86.325294,86.35413,86.356345,84.684633,82.986465,81.322349,79.798511,78.345371,76.881752,75.421309,73.99251,72.868384,72.499982,71.582866,70.276076,68.988977,67.725451,66.435142,65.168923,63.926838,62.708427,62.282136,68.635377,77.605821,83.960475,84.164671,84.091078,83.653435,82.068059,80.503886)
Rsub
[34](0,0,18.057138,17.644713,17.241707,16.847906,16.463099,16.087081,15.719652,15.360615,15.009778,14.666954,14.33196,14.004618,13.684752,13.372192,13.06677,12.768325,12.476696,12.191728,11.913268,11.641169,11.375284,11.115472,10.861595,10.613516,10.371103,10.134226,9.9027602,9.6765808,9.4555674,9.2396019,9.0285691,8.8223563)
Rsup
[34](0,0,0.22394137,0.17774238,0.23000806,0.27366799,0.30667338,0.24340682,0.19319212,0.15333669,0.12170341,0.096596061,0.076668344,0.060851705,0.04829803,0.038334172,0.052978016,0.042325131,0.033593479,0.026663162,0.021162565,0.016796739,0.013331581,0.010581283,0.0083983696,0.019706473,0.71338458,1.8396979,2.268583,1.8758857,1.5451342,1.2506442,0.99263694,0.78785646)
Peso chuva 
[34](2,2,2,0.59081874,1.8814732,0.5,0.96234186,0.5,0.5,0.5,0.5,0.5,0.5,0.5,0.5,0.5,0.5,0.5,0.5,0.5,0.5,0.5,0.63947759,2,1.9662157,1.1199942,0.75501765,0.5,0.92582879,2,2,2,0.80802181,1)
Previsao PMEDIA_ORIG
[13] (0,0,0.3,1.9,0.9,2.1,0.9,1.2,1,4.3,5.2,4,1.8166667)


Sub bacia: UVitoria
cef: 0.95901901
*dm: 0.083749267
ebin: 41.328
mape: 0.073037652
somacoef: 1.8859814
supin: 68.939034
Iteracoes: 10000
Iteracao otima: 9613
Tempo: 14.044 s

Qcal
[34](0,0,0,110.26703,104.99608,106.99753,214.60695,319.67656,377.12738,357.07301,335.92458,304.67738,276.81976,251.97926,229.82399,210.05801,192.41476,176.6566,162.56801,149.95845,138.66475,128.54265,119.4635,111.31086,103.98342,97.390984,92.40653,87.102973,94.355524,96.496596,97.822834,95.484356,93.027524,87.510427)
Rsolo
[34](0,0,40.552112,40.310657,41.771835,52.584977,62.331384,68.980989,69.911724,70.342195,68.395174,66.538446,64.761413,63.057563,61.420358,59.831708,57.972069,56.004477,54.097612,52.274201,50.522059,48.77332,47.100668,45.498211,44.004856,43.510394,42.669835,45.026849,46.369707,47.516182,47.620746,47.595641,46.150248,44.578303)
Rsub
[34](0,0,12.628114,12.533071,12.437442,12.353444,12.367098,12.496205,12.718177,12.951769,13.189288,13.394347,13.569703,13.717795,13.840821,13.940765,14.019267,14.074029,14.105075,14.114444,14.104288,14.076485,14.032145,13.973008,13.900637,13.81679,13.729983,13.637652,13.56524,13.505114,13.455863,13.408134,13.360735,13.301093)
Rsup
[34](0,0,2.2550402,2.0927986,2.1685044,5.69747,9.1329031,10.998335,10.318581,9.601796,8.5542531,7.6210604,6.7897395,6.0491728,5.3894445,4.8016231,4.2777599,3.8110508,3.3952603,3.024833,2.6948199,2.4008116,2.13888,1.9055254,1.6976301,1.5435614,1.3793716,1.6264914,1.7042791,1.7540978,1.6828771,1.607622,1.4322284,1.2759704)
Peso chuva 
[34](0.5,0.5,0.51775559,2,1.7994162,0.92950473,1.4368488,1.2119299,0.5,0.5,0.7736188,1.0743908,1.4934904,1.6341348,1.7037027,2,2,2,2,2,2,2,2,2,2,2,2,1.4982686,2,2,2,2,2,1)
Previsao PMEDIA_ORIG
[13] (0.2,0.1,0.4,1.2,1.4,1.7,0.7,2.4,2.6,4.2,4.9,4,1.9833333)


Tempo de execucao em: 64 s

Finalizando execucao: 25-03-2020 15:03:12

