ONS-Operador Nacional Do Sistema Eletrico
Modelo Computacional SMAP
Versao: 3.0.0 Data: 23/09/2019

Iniciando execucao: 08-03-2020 13:29:21

Parametros
   Amplitude inicial: 0.5
   dm alvo: 0 (nao e necessario multiplicar por 100)
   Limite de iteracoes: 10000
   Particulas: 24
   Pulso inicial: 0.1
   Uso de pesos: on
   Gerar graficos: off
   Semente: 9952

Sub bacia: BG
cef: 0.99509558
*dm: 0.029135211
ebin: 29.333064
mape: 0.028719456
somacoef: 1.9663761
supin: 48.268574
Iteracoes: 10000
Iteracao otima: 9895
Tempo: 8.589 s

Qcal
[34](0,0,0,77.601638,67.679866,72.101976,70.584081,83.789243,75.040037,63.85623,55.201428,48.497832,43.266752,39.136321,35.875431,33.856972,32.398988,30.313832,28.543777,27.021791,25.686517,24.486594,30.781449,53.52757,110.92862,96.920463,80.216253,65.820269,54.718248,46.195096,39.618568,35.716495,31.459966,28.108322)
Rsolo
[34](0,0,52.2,51.423209,52.956529,53.492225,56.280486,55.825843,54.241664,52.617436,50.664581,48.707753,47.110745,45.770747,44.833195,43.995271,42.770531,41.544549,40.143625,38.669574,37.437823,38.156943,42.132462,49.832811,50.212624,49.443431,48.097011,46.642456,45.238076,43.876266,43.425108,42.213902,40.88287,39.571285)
Rsub
[34](0,0,6.1856637,6.1315573,6.0700765,6.0290844,5.9961063,6.0002935,5.9982783,5.9757735,5.933856,5.8703085,5.78714,5.6900034,5.5827567,5.4701427,5.3535593,5.2299739,5.100132,4.9633877,4.8201156,4.6729514,4.5358581,4.4346147,4.4127153,4.3958345,4.3709276,4.3323044,4.2799649,4.2155871,4.1406495,4.0641807,3.9797001,3.8870137)
Rsup
[34](0,0,1.4319082,1.145186,1.2850187,1.2457564,1.6421325,1.3819944,1.0505055,0.79692287,0.6039546,0.457712,0.34688083,0.26380995,0.2190186,0.19160902,0.14615251,0.11102863,0.084143967,0.063769203,0.048328018,0.25577017,0.94982954,2.6668992,2.2544218,1.7612589,1.3376997,1.0137868,0.7683067,0.58226759,0.47705286,0.36153846,0.27399492,0.20764932)
Peso chuva 
[34](2,0.5,0.62813139,2,1.2928508,2,1.2191035,2,2,2,2,2,2,1.5850219,0.5,0.5,0.69014886,1.8492956,2,2,2,2,1.4888543,0.53529553,0.67796651,1.3947493,0.92003049,2,2,2,2,2,0.61248113,1)
Previsao ETA40_LIMITES
[13] (0,0,0,0.04875,0.0325,0.04875,1.3775,0.04875,4.10125,10.38375,1.604125,1.604125,1.604125)
Previsao PMEDIA_ORIG
[13] (1,0.1,0,0.1,0.1,0.2,0.2,0.7,3.4,4.4,2.2,4.5,1.4083333)
Previsao PRECMEDIA_ETA40.GEFS
[13] (1.63,0.05,0.02,0.09,0.08,0.19,0.41,0.92,4.28,6.22,1.389,1.389,1.389)
Previsao PRECZERADA_ETA40
[13] (0,0,0,0,0,0,0,0,0,0,0,0,0)


Sub bacia: CN
cef: 0.99251067
*dm: 0.027389172
ebin: 35.202905
mape: 0.026345336
somacoef: 1.9661653
supin: 41.109715
Iteracoes: 10000
Iteracao otima: 9768
Tempo: 8.806 s

Qcal
[34](0,0,0,76.31262,75.60676,76.803313,79.611516,86.858969,97.824447,118.5613,106.66251,100.70409,91.816446,82.507649,74.543123,67.703759,61.822287,56.737146,52.312346,48.433072,45.006433,42.036039,39.455092,88.310003,157.74308,169.28654,147.23866,128.48241,112.63648,99.258775,87.902455,78.488045,70.365891,63.33615)
Rsolo
[34](0,0,105.7945,106.88966,108.46929,110.43794,113.34242,116.9075,121.78676,120.75774,120.97477,120.03839,117.23106,114.6062,112.49937,110.40633,108.30635,106.17121,104.02342,101.8636,99.816039,98.199667,106.8231,117.18633,122.16021,120.26748,118.13823,116.55081,115.06112,113.52481,112.38955,111.13017,109.0557,106.95133)
Rsub
[34](0,0,10.082,9.8925423,9.7201658,9.5707962,9.4495109,9.3691644,9.3401921,9.3844015,9.4119474,9.4422218,9.4576984,9.4315361,9.3688614,9.2788481,9.1632232,9.0234008,8.8604377,8.6762699,8.4959302,8.3193388,8.146418,8.0095291,8.0128233,8.0903943,8.1374177,8.151859,8.1430895,8.1135089,8.0634065,7.9990615,7.9194323,7.8148428)
Rsup
[34](0,0,1.5381232,1.5364642,1.6037528,1.7283357,2.0153445,2.4361152,3.2157712,2.7648013,2.538268,2.2017811,1.8514699,1.5568944,1.3091869,1.1008906,0.92573493,0.77844718,0.65459344,0.55044528,0.46286746,0.38937114,2.239872,4.8555991,5.2870682,4.4520111,3.7441016,3.1493382,2.649956,2.2289228,1.8832273,1.5877424,1.3351269,1.1227034)
Peso chuva 
[34](2,0.5,1.9766076,1.9623069,1.2354568,1.5583001,2,0.98511382,1.919384,2,1.6381833,2,0.5,0.5,0.5,0.5,0.5,0.60560551,2,2,2,0.5,1.6570607,0.57454785,0.5,0.5,0.58275715,0.65667332,0.85804889,1.6774793,1.8928476,2,0.5,1)
Previsao ETA40_LIMITES
[13] (0.22375,0.09625,0,0.0975,0.2375,0.58875,2.0775,0.925,4.63,13.5275,2.240375,2.240375,2.240375)
Previsao PMEDIA_ORIG
[13] (0.1,0,0,0.1,0.1,0.1,0.5,0.8,2.8,4.4,2,4.2,1.2583333)
Previsao PRECMEDIA_ETA40.GEFS
[13] (1.5,0.08,0.03,0.11,0.16,0.26,0.62,1.05,4.09,6.26,1.416,1.416,1.416)
Previsao PRECZERADA_ETA40
[13] (0,0,0,0,0,0,0,0,0,0,0,0,0)


Sub bacia: FozChapeco
cef: 0.91603868
*dm: 0.10607742
ebin: 57.667872
mape: 0.064829902
somacoef: 1.8512088
supin: 9.5252087
Iteracoes: 10000
Iteracao otima: 9221
Tempo: 8.892 s

Qcal
[34](0,0,0,67.193081,65.118451,63.329173,61.78687,60.89581,60.83506,59.487433,58.299858,57.245535,56.304027,55.469102,55.143934,54.528199,53.786506,53.114731,52.473714,51.876784,51.316917,50.924851,68.752916,143.96169,190.64712,166.10304,145.67191,128.64854,114.4718,102.65693,92.920889,84.667557,77.765068,71.983107)
Rsolo
[34](0,0,40.1868,38.910891,37.836795,36.847197,36.304889,36.077919,34.949292,33.837866,32.733827,31.817347,30.983095,30.523647,29.908599,29.102743,28.345068,27.432163,26.51012,25.625348,25.08758,35.787985,60.600346,79.94238,77.909656,75.860279,73.701512,71.739773,70.14917,69.007231,67.08646,65.253039,63.497964,61.7178)
Rsub
[34](0,0,124.58726,123.62072,122.66168,121.71008,120.76586,119.82897,118.89935,117.97694,117.06168,116.15352,115.25241,114.3583,113.47111,112.59081,111.71734,110.85065,109.99068,109.13738,108.2907,107.45059,106.61699,105.78987,104.96916,104.15482,103.34679,102.54504,101.7495,100.96013,100.17689,99.399729,98.628594,97.863441)
Rsup
[34](0,0,0.93450296,0.7748564,0.64286469,0.53476542,0.49022338,0.52680899,0.43681115,0.36218817,0.30031346,0.24918439,0.20819207,0.21689371,0.19677324,0.16398271,0.1377417,0.11421048,0.094699244,0.078521223,0.078505282,1.8657389,9.2822056,13.9,11.529289,9.5618041,7.9283627,6.5739145,5.4509024,4.5315617,3.7574087,3.1155088,2.5832683,2.1419536)
Peso chuva 
[34](2,2,0.54805971,2,2,0.5,0.5,0.5,2,2,2,2,0.5,0.5,0.5,0.82254472,0.5,2,2,2,2,2,1.3805074,0.87980241,2,2,2,0.5,0.5,0.5,0.56858178,2,2,1)
Previsao ETA40_LIMITES
[13] (0,0,0,0,0.21,7.2033333,4.6466667,0.21,8.51,12.476667,3.3256667,3.3256667,3.3256667)
Previsao PMEDIA_ORIG
[13] (0,0,0,0,0.1,1.1,0.2,0.6,2.6,8,1.6,4.2,1.5333333)
Previsao PRECMEDIA_ETA40.GEFS
[13] (0.29,0,0,0,0.25,1.44,1.26,1.16,5.67,8.52,1.859,1.859,1.859)
Previsao PRECZERADA_ETA40
[13] (0,0,0,0,0,0,0,0,0,0,0,0,0)


Sub bacia: Ita
cef: 0.97879692
*dm: 0.039191028
ebin: 38.416062
mape: 0.032960069
somacoef: 1.9458369
supin: 21.928974
Iteracoes: 10000
Iteracao otima: 8109
Tempo: 8.593 s

Qcal
[34](0,0,0,60.345036,54.905044,53.339346,49.146663,50.65898,49.606778,45.827295,42.703143,40.074458,37.827586,35.871383,34.139562,32.602427,31.233054,29.945501,28.749356,27.618378,26.534794,25.488469,33.898957,157.35253,226.39428,205.09497,166.20047,135.73889,111.90734,93.280014,78.698436,67.261262,58.266168,51.165121)
Rsolo
[34](0,0,105.2802,103.39585,103.23724,101.70214,102.54107,102.38585,100.70319,98.74421,96.812365,94.817567,92.882067,91.318416,89.970095,88.710502,87.329707,85.747248,84.062632,82.400933,80.745344,83.708364,101.10077,114.74896,119.33813,117.73351,115.97691,113.84333,111.74829,109.72368,107.7625,105.83609,103.97106,102.10479)
Rsub
[34](0,0,6.0320169,5.9329119,5.8257684,5.7224257,5.6138323,5.5155344,5.4206729,5.3193748,5.210515,5.0949662,4.9730307,4.8457094,4.7156024,4.5842006,4.452193,4.3191538,4.1843348,4.0475795,3.9093533,3.7700159,3.650318,3.6314746,3.7088492,3.8188399,3.9110061,3.9852203,4.0397347,4.0761622,4.0962478,4.1015676,4.0933958,4.0731055)
Rsup
[34](0,0,0.70906503,0.55357358,0.52501131,0.4107238,0.48198652,0.46820637,0.36553301,0.28537498,0.22279487,0.173938,0.13579499,0.1060164,0.083106555,0.065887898,0.051439595,0.040159364,0.031352784,0.024477407,0.019109736,0.31975332,4.3362271,6.5725462,5.8679072,4.5876181,3.5836748,2.7978078,2.1842742,1.705283,1.3313301,1.0393816,0.81145476,0.63351018)
Peso chuva 
[34](0.5,0.5,1.0305168,0.5,1.8419276,0.5,1.1934573,0.97605245,0.5,0.5,0.5,0.5,0.5,0.5,0.5,0.5,0.5,0.5,0.5,0.5,0.5,2,0.963233,0.70844543,0.75578592,0.5,0.5,0.5,0.5,0.5,0.5,0.5,2,1)
Previsao ETA40_LIMITES
[13] (0,0,0,0.01625,0,4.82625,4.325,0.2975,6.02375,12.14625,2.7635,2.7635,2.7635)
Previsao PMEDIA_ORIG
[13] (0,0,0,0,0.1,0.5,0.2,0.7,2.7,4.8,1.7,5.9,1.3833333)
Previsao PRECMEDIA_ETA40.GEFS
[13] (0.29,0,0,0,0.15,1.08,1.24,1.45,5.86,8.35,1.842,1.842,1.842)
Previsao PRECZERADA_ETA40
[13] (0,0,0,0,0,0,0,0,0,0,0,0,0)


Sub bacia: Machadinho
cef: 0.89912619
*dm: 0.11850819
ebin: 34.958568
mape: 0.062198601
somacoef: 1.8369276
supin: 33.532075
Iteracoes: 10000
Iteracao otima: 6482
Tempo: 8.347 s

Qcal
[34](0,0,0,68.490642,54.482984,46.087157,40.94855,37.690227,35.521871,33.971094,32.770855,31.754454,30.83298,29.953519,29.088761,28.225764,27.359724,26.495487,25.629464,24.758777,23.885383,23.011612,27.765176,52.935307,187.2188,173.53433,116.04094,80.673386,57.070507,43.299071,35.256423,32.90113,29.685517,27.329948)
Rsolo
[34](0,0,173.9724,170.75584,167.57354,164.43831,161.421,159.10882,156.53657,153.76247,151.06029,148.32291,145.62398,142.9993,140.47177,138.23777,135.94279,133.54857,131.19316,128.88123,126.67387,128.5716,137.00267,158.6827,169.51478,169.91942,169.41518,166.66224,164.07381,161.56322,161.54928,160.36072,157.85537,155.32991)
Rsub
[34](0,0,8.1546029,8.1196444,8.0578197,7.9719715,7.8648375,7.7395279,7.6036273,7.4561617,7.2968173,7.1274861,6.9491032,6.7630891,6.5709959,6.3743853,6.175961,5.9758094,5.7738007,5.5707092,5.3672652,5.1644822,4.9864025,4.8727994,4.9254186,5.0664314,5.2015982,5.3232325,5.4125805,5.4737442,5.5097392,5.5432079,5.5646184,5.5642351)
Rsup
[34](0,0,1.2674676,0.74366156,0.43632872,0.25600725,0.15020719,0.088551632,0.05195592,0.030484109,0.017885948,0.010494226,0.0061572799,0.0036126622,0.0021196581,0.0012436675,0.00072969733,0.00042813548,0.00025120003,0.00014738665,8.6476203e-005,0.21262417,1.1928779,6.2870231,5.7612419,3.5652186,2.2064694,1.2946023,0.75958232,0.44566991,0.35081027,0.22384106,0.13133431,0.077057812)
Peso chuva 
[34](2,0.5,0.5,0.5,0.5,0.5,0.5,0.5,0.5,0.5,0.5,0.5,0.5,0.5,0.5,0.5,0.5,0.5,0.5,0.5,0.5,2,1.71405,0.5,0.5,2,2,2,2,2,2,2,1.1185677,1)
Previsao ETA40_LIMITES
[13] (0,0,0,0,0,0.97,2.8,0.09,3.615,8.9075,1.63825,1.63825,1.63825)
Previsao PMEDIA_ORIG
[13] (0,0,0,0,0,0,0.1,0.4,2.3,4.9,1.8,5.1,1.2166667)
Previsao PRECMEDIA_ETA40.GEFS
[13] (0.12,0,0,0,0,0.18,0.72,0.99,4.25,6.26,1.252,1.252,1.252)
Previsao PRECZERADA_ETA40
[13] (0,0,0,0,0,0,0,0,0,0,0,0,0)


Sub bacia: Monjolinho
cef: 0.9602012
*dm: 0.077153179
ebin: 14.778391
mape: 0.066095906
somacoef: 1.8941053
supin: 13.080816
Iteracoes: 10000
Iteracao otima: 9971
Tempo: 8.72 s

Qcal
[34](0,0,0,27.859207,24.118108,21.270307,19.091833,17.518059,16.15802,15.078811,14.209032,13.495819,12.900028,15.507483,25.452688,23.916117,22.391531,19.928109,17.281228,15.265076,13.716865,12.516134,19.79811,50.613217,50.395651,42.129005,33.296642,26.706864,21.772534,18.076076,15.296454,13.196138,11.599379,10.376137)
Rsolo
[34](0,0,146.9862,144.18731,141.62865,139.43369,137.72082,135.17282,132.47154,129.80522,127.17235,124.67898,126.03418,131.58867,132.15259,132.40942,131.66839,129.11197,126.49497,123.92902,121.43882,125.93026,137.68346,142.4648,143.0132,140.89339,138.75846,136.3469,133.97343,131.64739,129.36403,127.11064,125.04289,122.86196)
Rsub
[34](0,0,14.703884,14.368047,14.03988,13.719209,13.405862,13.099671,12.800475,12.508111,12.222426,11.943265,11.67048,11.403926,11.14346,10.888943,10.64024,10.397216,10.159743,9.9276945,9.7009456,9.4793757,9.2628665,9.0513023,8.8445703,8.64256,8.4451637,8.2522759,8.0637936,7.8796163,7.6996457,7.5237855,7.351942,7.1840234)
Rsup
[34](0,0,1.1424519,0.84519185,0.62527734,0.46316254,0.3532181,0.2613126,0.19332042,0.14301946,0.10580654,0.078276233,0.32995114,1.2219434,1.1106062,0.99979367,0.80647476,0.59663424,0.44139313,0.32654494,0.24157965,0.89702211,3.607356,3.6069254,2.9030805,2.1494125,1.5912023,1.1771797,0.87088372,0.64428432,0.47664491,0.35262439,0.26087337,0.19299548)
Peso chuva 
[34](2,0.6591485,2,0.5,0.5,0.5,0.5,0.5,0.5,0.5,0.5,0.5,2,1.9285286,2,1.0185687,2,0.5,0.5,0.5,0.5,0.89745463,0.5,0.97786346,2,0.5,0.5,2,0.65737067,0.5,0.66095826,0.57220342,0.5872452,1)
Previsao ETA40_LIMITES
[13] (0,0,0,0,0,4.75,2.11,0.21,5.81,6.87,1.975,1.975,1.975)
Previsao PMEDIA_ORIG
[13] (0,0,0,0,0,0.3,0.1,1.1,3.3,4.8,2.4,6.3,1.525)
Previsao PRECMEDIA_ETA40.GEFS
[13] (0,0,0,0,0.08,0.8,0.74,2.18,7.71,9.33,2.084,2.084,2.084)
Previsao PRECZERADA_ETA40
[13] (0,0,0,0,0,0,0,0,0,0,0,0,0)


Sub bacia: QQueixo
cef: 0.9929612
*dm: 0.015672998
ebin: 21.995518
mape: 0.014003506
somacoef: 1.9789577
supin: 25.689636
Iteracoes: 10000
Iteracao otima: 9744
Tempo: 8.604 s

Qcal
[34](0,0,0,47.685155,43.883341,40.60053,37.755851,35.317699,34.279987,32.272121,30.506742,28.94551,27.556043,26.311587,25.200913,24.441188,23.551005,22.698603,21.902366,21.161325,20.465575,19.80726,19.367928,39.392339,73.009265,64.739199,57.656798,51.594773,46.397946,42.070189,39.220966,35.835121,32.889504,30.34)
Rsolo
[34](0,0,196.6105,192.64874,188.7813,185.40719,182.93973,183.37678,179.81459,176.35771,173.00142,169.7984,166.86964,164.69511,163.74286,162.04141,160.04254,157.43956,154.79105,152.15233,149.50411,148.70899,166.50067,188.07391,185.37429,182.47778,179.65981,177.1465,175.84468,176.9129,175.08443,172.34445,169.55172,166.75333)
Rsub
[34](0,0,31.541072,31.573691,31.534065,31.42778,31.266782,31.068736,30.882362,30.642808,30.354779,30.022638,29.651259,29.246872,28.821736,28.393397,27.952106,27.494728,27.014608,26.512711,25.990684,25.449908,24.912476,24.611186,24.650901,24.644137,24.589829,24.491544,24.356164,24.203865,24.071447,23.914082,23.719319,23.488365)
Rsup
[34](0,0,5.6516243,4.8102352,4.0941084,3.4845954,2.972911,2.7750017,2.3618715,2.0102464,1.7109697,1.456248,1.2394482,1.0571439,0.95523021,0.82510766,0.70528384,0.60028426,0.51091656,0.43485353,0.37011444,0.35642726,4.8441741,12.285996,10.460519,8.9034548,7.5781636,6.4499597,5.5186388,4.9151855,4.1906274,3.5667451,3.0357437,2.5837954)
Peso chuva 
[34](0.5,0.58565564,0.5,0.5,0.5,0.5,0.50604067,1.6482001,0.5,0.50168502,0.5,1.7677975,0.5,0.5,0.7397773,0.5,0.50000552,2,2,2,2,2,1.8967779,1.5409308,1.2569754,2,2,2,0.70319222,0.90123512,2,2,0.5,1)
Previsao ETA40_LIMITES
[13] (1.155,0,0,0.115,1.04,9.26,5.205,0.23,11.69,10.995,3.969,3.969,3.969)
Previsao PMEDIA_ORIG
[13] (0.4,0,0,0,0.2,1.2,0.5,0.7,3,6.2,2,4.8,1.5833333)
Previsao PRECMEDIA_ETA40.GEFS
[13] (1.05,0,0,0.03,0.63,2,1.55,1.44,6.12,8.93,2.175,2.175,2.175)
Previsao PRECZERADA_ETA40
[13] (0,0,0,0,0,0,0,0,0,0,0,0,0)


Sub bacia: SJoao
cef: 0.9980959
*dm: 0.0089591441
ebin: 56.71619
mape: 0.008754466
somacoef: 1.9893414
supin: 6.7625601
Iteracoes: 10000
Iteracao otima: 9989
Tempo: 8.627 s

Qcal
[33](0,0,63.47875,61.738221,60.266125,58.970592,57.794998,56.696414,55.642175,54.609276,53.573801,55.290365,55.447585,54.530236,57.471185,64.582007,73.444029,78.892141,79.749293,70.966795,64.276408,59.118345,55.081593,53.558917,52.925778,51.774443,48.889996,46.518587,44.524416,42.846056,41.415477,40.171811,39.069958)
Rsolo
[33](0,57.7181,55.431592,53.300425,51.424197,49.723255,48.130968,46.623883,45.041165,43.548599,43.364958,43.029295,42.525008,43.048028,45.13069,47.972398,50.396903,51.905642,50.010083,48.225889,46.556632,45.194066,44.754638,44.462743,44.084692,42.655029,41.392284,40.18482,39.01858,37.886187,36.786658,35.719039,34.682405)
Rsub
[33](0,25.254436,25.262921,25.187068,25.039017,24.832795,24.578318,24.282521,23.951048,23.585004,23.189724,22.797684,22.405351,22.009045,21.632182,21.312604,21.074627,20.912133,20.799919,20.630942,20.4131,20.153627,19.863839,19.568609,19.271833,18.971551,18.643656,18.294305,17.945434,17.603216,17.267524,16.938234,16.615224)
Rsup
[33](0,0.22069469,0.16327109,0.1207888,0.089360186,0.066109133,0.048907882,0.036182306,0.026767859,0.019803002,0.10479314,0.138657,0.13747394,0.26249675,0.52217752,0.83480989,1.0300494,1.0699317,0.79154106,0.58558621,0.43321974,0.32049822,0.29204487,0.2930202,0.27719762,0.20507225,0.15171352,0.11223846,0.083034596,0.061429428,0.045445811,0.033621049,0.024873027)
Peso chuva 
[33](2,0.68377086,1.7673329,0.5,1.7766508,1.8947188,2,2,2,1.9750242,1.6705931,0.86729723,0.644985,1.0767428,1.0458358,0.96722001,0.9543591,0.89587478,1.7750564,2,0.5,0.5,1.8067311,2,1.9284259,0.5,0.5,2,1.881171,2,0.58609296,2,1)
Previsao ETA40_LIMITES
[13] (0,0,0,0,0,0.25125,0.35625,8.08375,29.61375,0.21,3.8515,3.8515,3.8515)
Previsao PMEDIA_ORIG
[13] (0,0,0,0,0.1,0.1,0.2,2.4,5.9,4.6,2.8,7.2,1.9416667)
Previsao PRECMEDIA_ETA40.GEFS
[13] (0,0,0,0,0.13,0.27,0.83,6.23,13.17,11.12,3.175,3.175,3.175)
Previsao PRECZERADA_ETA40
[13] (0,0,0,0,0,0,0,0,0,0,0,0,0)


Tempo de execucao em: 70 s

Finalizando execucao: 08-03-2020 13:30:31

