00083779 28/12/2019 1200 0       
00083779 29/12/2019 1200 0       
00083779 30/12/2019 1200 0       
00083779 31/12/2019 1200 0       
00083779 01/01/2020 1200 1       
00083779 02/01/2020 1200 17      
00083779 03/01/2020 1200 14      
00083779 04/01/2020 1200 0       
00083779 05/01/2020 1200 13      
00083779 06/01/2020 1200 15      
00083779 07/01/2020 1200 0       
00083779 08/01/2020 1200 20      
00083779 09/01/2020 1200 59      
00083779 10/01/2020 1200 0       
00083779 11/01/2020 1200 0       
00083779 12/01/2020 1200 0       
00083779 13/01/2020 1200 64      
00083779 14/01/2020 1200 0       
00083779 15/01/2020 1200 0       
00083779 16/01/2020 1200 0       
00083779 17/01/2020 1200 62      
00083779 18/01/2020 1200 1       
00083779 19/01/2020 1200 0       
00083779 20/01/2020 1200 0       
00083779 21/01/2020 1200 0       
00083779 22/01/2020 1200 0       
00083779 23/01/2020 1200 3       
00083779 24/01/2020 1200 7       
00083779 25/01/2020 1200 2       
00083779 26/01/2020 1200 0       
00083779 27/01/2020 1200 0       
00083779 28/01/2020 1200 0       
00083779 29/01/2020 1200 14      
00083779 30/01/2020 1200 0       
00083779 31/01/2020 1200 0       
00083779 01/02/2020 1200 2       
00083779 02/02/2020 1200 35      
00083779 03/02/2020 1200 41      
00083779 04/02/2020 1200 8       
00083779 05/02/2020 1200 1       
00083779 06/02/2020 1200 8       
00083779 07/02/2020 1200 36      
00083779 08/02/2020 1200 0       
00083779 09/02/2020 1200 0       
00083779 10/02/2020 1200 50      
00083779 11/02/2020 1200 30      
