00083780 28/12/2019 1200 0       
00083780 29/12/2019 1200 0       
00083780 30/12/2019 1200 0       
00083780 31/12/2019 1200 0       
00083780 01/01/2020 1200 0       
00083780 02/01/2020 1200 1       
00083780 03/01/2020 1200 4       
00083780 04/01/2020 1200 0       
00083780 05/01/2020 1200 1       
00083780 06/01/2020 1200 6       
00083780 07/01/2020 1200 0       
00083780 08/01/2020 1200 31      
00083780 09/01/2020 1200 25      
00083780 10/01/2020 1200 0       
00083780 11/01/2020 1200 0       
00083780 12/01/2020 1200 0       
00083780 13/01/2020 1200 1       
00083780 14/01/2020 1200 0       
00083780 15/01/2020 1200 0       
00083780 16/01/2020 1200 0       
00083780 17/01/2020 1200 32      
00083780 18/01/2020 1200 0       
00083780 19/01/2020 1200 0       
00083780 20/01/2020 1200 0       
00083780 21/01/2020 1200 0       
00083780 22/01/2020 1200 0       
00083780 23/01/2020 1200 0       
00083780 24/01/2020 1200 1       
00083780 25/01/2020 1200 2       
00083780 26/01/2020 1200 0       
00083780 27/01/2020 1200 0       
00083780 28/01/2020 1200 0       
00083780 29/01/2020 1200 0       
00083780 30/01/2020 1200 0       
00083780 31/01/2020 1200 9       
00083780 01/02/2020 1200 4       
00083780 02/02/2020 1200 12      
00083780 03/02/2020 1200 30      
00083780 04/02/2020 1200 8       
00083780 05/02/2020 1200 2       
00083780 06/02/2020 1200 4       
00083780 07/02/2020 1200 5       
00083780 08/02/2020 1200 1       
00083780 09/02/2020 1200 2       
00083780 10/02/2020 1200 8       
00083780 11/02/2020 1200 3       
