02148171 28/12/2019 1000 0       
02148171 29/12/2019 1000 0       
02148171 30/12/2019 1000 2       
02148171 31/12/2019 1000 0       
02148171 01/01/2020 1000 14.4    
02148171 02/01/2020 1000 5.5     
02148171 03/01/2020 1000 3.7     
02148171 04/01/2020 1000 8.9     
02148171 05/01/2020 1000 20      
02148171 06/01/2020 1000 20      
02148171 07/01/2020 1000 5       
02148171 08/01/2020 1000 23.4    
02148171 09/01/2020 1000 5.5     
02148171 10/01/2020 1000 4.3     
02148171 11/01/2020 1000 0       
02148171 12/01/2020 1000 0       
02148171 13/01/2020 1000 8.6     
02148171 14/01/2020 1000 0.5     
02148171 15/01/2020 1000 0       
02148171 16/01/2020 1000 0       
02148171 17/01/2020 1000 0       
02148171 18/01/2020 1000 0       
02148171 19/01/2020 1000 6.8     
02148171 20/01/2020 1000 3.8     
02148171 21/01/2020 1000 12.5    
02148171 22/01/2020 1000 0.1     
02148171 23/01/2020 1000 8.2     
02148171 24/01/2020 1000 30      
02148171 25/01/2020 1000 0       
02148171 26/01/2020 1000 0.1     
02148171 27/01/2020 1000 0       
02148171 28/01/2020 1000 0       
02148171 29/01/2020 1000 0.3     
02148171 30/01/2020 1000 1.7     
02148171 31/01/2020 1000 15      
02148171 01/02/2020 1000 0       
02148171 02/02/2020 1000 0       
02148171 03/02/2020 1000 0       
02148171 04/02/2020 1000 0       
02148171 05/02/2020 1000 10.1    
02148171 06/02/2020 1000 15      
02148171 07/02/2020 1000 7.3     
02148171 08/02/2020 1000 5       
02148171 09/02/2020 1000 0       
02148171 10/02/2020 1000 2.9     
02148171 11/02/2020 1000 11.6    
