02248121 28/12/2019 1000 0       
02248121 29/12/2019 1000 0.6     
02248121 30/12/2019 1000 0       
02248121 31/12/2019 1000 0       
02248121 01/01/2020 1000 3.4     
02248121 02/01/2020 1000 2       
02248121 03/01/2020 1000 17.6    
02248121 04/01/2020 1000 0       
02248121 05/01/2020 1000 0       
02248121 06/01/2020 1000 26.2    
02248121 07/01/2020 1000 0       
02248121 08/01/2020 1000 21.8    
02248121 09/01/2020 1000 12      
02248121 10/01/2020 1000 22.4    
02248121 11/01/2020 1000 0       
02248121 12/01/2020 1000 6.6     
02248121 13/01/2020 1000 9       
02248121 14/01/2020 1000 0.2     
02248121 15/01/2020 1000 0       
02248121 16/01/2020 1000 0       
02248121 17/01/2020 1000 51      
02248121 18/01/2020 1000 0       
02248121 19/01/2020 1000 0       
02248121 20/01/2020 1000 0       
02248121 21/01/2020 1000 0       
02248121 22/01/2020 1000 0       
02248121 23/01/2020 1000 0       
02248121 24/01/2020 1000 25.2    
02248121 25/01/2020 1000 0       
02248121 26/01/2020 1000 0       
02248121 27/01/2020 1000 0       
02248121 28/01/2020 1000 0       
02248121 29/01/2020 1000 0       
02248121 30/01/2020 1000 5.6     
02248121 31/01/2020 1000 29.4    
02248121 01/02/2020 1000 11.2    
02248121 02/02/2020 1000 5.6     
02248121 03/02/2020 1000 0.2     
02248121 04/02/2020 1000 19.2    
02248121 05/02/2020 1000 0       
02248121 06/02/2020 1000 0       
02248121 07/02/2020 1000 3.2     
02248121 08/02/2020 1000 0.2     
02248121 09/02/2020 1000 0       
02248121 10/02/2020 1000 20      
02248121 11/02/2020 1000 110.4   
