02249112 28/12/2019 1000 0       
02249112 29/12/2019 1000 0       
02249112 30/12/2019 1000 0       
02249112 31/12/2019 1000 0       
02249112 01/01/2020 1000 2.6     
02249112 02/01/2020 1000 0       
02249112 03/01/2020 1000 36.6    
02249112 04/01/2020 1000 4.4     
02249112 05/01/2020 1000 0       
02249112 06/01/2020 1000 7.8     
02249112 07/01/2020 1000 0       
02249112 08/01/2020 1000 1.6     
02249112 09/01/2020 1000 4.8     
02249112 10/01/2020 1000 79.2    
02249112 11/01/2020 1000 0.4     
02249112 12/01/2020 1000 1       
02249112 13/01/2020 1000 38.4    
02249112 14/01/2020 1000 0       
02249112 15/01/2020 1000 0       
02249112 16/01/2020 1000 0       
02249112 17/01/2020 1000 2.8     
02249112 18/01/2020 1000 0       
02249112 19/01/2020 1000 0       
02249112 20/01/2020 1000 0       
02249112 21/01/2020 1000 0       
02249112 22/01/2020 1000 0       
02249112 23/01/2020 1000 5.2     
02249112 24/01/2020 1000 7.6     
02249112 25/01/2020 1000 0       
02249112 26/01/2020 1000 0       
02249112 27/01/2020 1000 0       
02249112 28/01/2020 1000 0       
02249112 29/01/2020 1000 0       
02249112 30/01/2020 1000 0       
02249112 31/01/2020 1000 15.6    
02249112 01/02/2020 1000 1.4     
02249112 02/02/2020 1000 0       
02249112 03/02/2020 1000 0       
02249112 04/02/2020 1000 36.2    
02249112 05/02/2020 1000 9.6     
02249112 06/02/2020 1000 0       
02249112 07/02/2020 1000 2.8     
02249112 08/02/2020 1000 11.4    
02249112 09/02/2020 1000 0       
02249112 10/02/2020 1000 20      
02249112 11/02/2020 1000 5.6     
