00083376 13/12/2019 1200 8       
00083376 14/12/2019 1200 13      
00083376 15/12/2019 1200 0       
00083376 16/12/2019 1200 0       
00083376 17/12/2019 1200 0       
00083376 18/12/2019 1200 0.2     
00083376 19/12/2019 1200 17      
00083376 20/12/2019 1200 0.2     
00083376 21/12/2019 1200 0.8     
00083376 22/12/2019 1200 0       
00083376 23/12/2019 1200 25      
00083376 24/12/2019 1200 0       
00083376 25/12/2019 1200 6       
00083376 26/12/2019 1200 14      
00083376 27/12/2019 1200 3       
00083376 28/12/2019 1200 0       
00083376 29/12/2019 1200 4       
00083376 30/12/2019 1200 0       
00083376 31/12/2019 1200 0       
00083376 01/01/2020 1200 24      
00083376 02/01/2020 1200 0.1     
00083376 03/01/2020 1200 5       
00083376 04/01/2020 1200 5       
00083376 05/01/2020 1200 36      
00083376 06/01/2020 1200 59      
00083376 07/01/2020 1200 0.8     
00083376 08/01/2020 1200 9       
00083376 09/01/2020 1200 14      
00083376 10/01/2020 1200 0.4     
00083376 11/01/2020 1200 1       
00083376 12/01/2020 1200 8       
00083376 13/01/2020 1200 1       
00083376 14/01/2020 1200 0.6     
00083376 15/01/2020 1200 0       
00083376 16/01/2020 1200 11      
00083376 17/01/2020 1200 25      
00083376 18/01/2020 1200 4       
00083376 19/01/2020 1200 0       
00083376 20/01/2020 1200 7       
00083376 21/01/2020 1200 0.9     
00083376 22/01/2020 1200 11      
00083376 23/01/2020 1200 40.1    
00083376 24/01/2020 1200 31      
00083376 25/01/2020 1200 13      
00083376 26/01/2020 1200 24      
00083376 27/01/2020 1200 12      
