01448007 13/12/2019 1000 0       
01448007 14/12/2019 1000 0.4     
01448007 15/12/2019 1000 0       
01448007 16/12/2019 1000 0       
01448007 17/12/2019 1000 0       
01448007 18/12/2019 1000 0       
01448007 19/12/2019 1000 4       
01448007 20/12/2019 1000 0       
01448007 21/12/2019 1000 0       
01448007 22/12/2019 1000 0       
01448007 23/12/2019 1000 1       
01448007 24/12/2019 1000 0       
01448007 25/12/2019 1000 0       
01448007 26/12/2019 1000 0       
01448007 27/12/2019 1000 0       
01448007 28/12/2019 1000 0       
01448007 29/12/2019 1000 8       
01448007 30/12/2019 1000 0.4     
01448007 31/12/2019 1000 0       
01448007 01/01/2020 1000 0.8     
01448007 02/01/2020 1000 0.6     
01448007 03/01/2020 1000 19.4    
01448007 04/01/2020 1000 0       
01448007 05/01/2020 1000 12.8    
01448007 06/01/2020 1000 27      
01448007 07/01/2020 1000 0.2     
01448007 08/01/2020 1000 0       
01448007 09/01/2020 1000 0       
01448007 10/01/2020 1000 27.2    
01448007 11/01/2020 1000 0       
01448007 12/01/2020 1000 0       
01448007 13/01/2020 1000 1.2     
01448007 14/01/2020 1000 1.2     
01448007 15/01/2020 1000 0       
01448007 16/01/2020 1000 2.4     
01448007 17/01/2020 1000 0       
01448007 18/01/2020 1000 0.4     
01448007 19/01/2020 1000 0       
01448007 20/01/2020 1000 2.4     
01448007 21/01/2020 1000 0       
01448007 22/01/2020 1000 14.2    
01448007 23/01/2020 1000 7.4     
01448007 24/01/2020 1000 14      
01448007 25/01/2020 1000 75.8    
01448007 26/01/2020 1000 8.2     
01448007 27/01/2020 1000 1.4     
