01549000 13/12/2019 1000 0       
01549000 14/12/2019 1000 8.8     
01549000 15/12/2019 1000 0.4     
01549000 16/12/2019 1000 1.2     
01549000 17/12/2019 1000 4.2     
01549000 18/12/2019 1000 0       
01549000 19/12/2019 1000 0.2     
01549000 20/12/2019 1000 0       
01549000 21/12/2019 1000 4.8     
01549000 22/12/2019 1000 1       
01549000 23/12/2019 1000 1       
01549000 24/12/2019 1000 0       
01549000 25/12/2019 1000 50.2    
01549000 26/12/2019 1000 4.2     
01549000 27/12/2019 1000 0       
01549000 28/12/2019 1000 4.4     
01549000 29/12/2019 1000 0       
01549000 30/12/2019 1000 0       
01549000 31/12/2019 1000 35.8    
01549000 01/01/2020 1000 43.4    
01549000 02/01/2020 1000 1.6     
01549000 03/01/2020 1000 1       
01549000 04/01/2020 1000 2.8     
01549000 05/01/2020 1000 10.4    
01549000 06/01/2020 1000 32      
01549000 07/01/2020 1000 2.4     
01549000 08/01/2020 1000 1.6     
01549000 09/01/2020 1000 0.4     
01549000 10/01/2020 1000 0       
01549000 11/01/2020 1000 0       
01549000 12/01/2020 1000 7       
01549000 13/01/2020 1000 0       
01549000 14/01/2020 1000 0.8     
01549000 15/01/2020 1000 0       
01549000 16/01/2020 1000 0       
01549000 17/01/2020 1000 3.4     
01549000 18/01/2020 1000 47.4    
01549000 19/01/2020 1000 5.2     
01549000 20/01/2020 1000 2.2     
01549000 21/01/2020 1000 0.4     
01549000 22/01/2020 1000 9.4     
01549000 23/01/2020 1000 12.2    
01549000 24/01/2020 1000 19      
01549000 25/01/2020 1000 4       
01549000 26/01/2020 1000 29.4    
01549000 27/01/2020 1000 0.6     
