99990024 13/12/2019 1200 11.4    
99990024 14/12/2019 1200 2.2     
99990024 15/12/2019 1200 0       
99990024 16/12/2019 1200 0       
99990024 17/12/2019 1200 0       
99990024 18/12/2019 1200 0       
99990024 19/12/2019 1200 2.4     
99990024 20/12/2019 1200 1       
99990024 21/12/2019 1200 0       
99990024 22/12/2019 1200 0       
99990024 23/12/2019 1200 0       
99990024 24/12/2019 1200 0       
99990024 25/12/2019 1200 0       
99990024 26/12/2019 1200 0       
99990024 27/12/2019 1200 0       
99990024 28/12/2019 1200 0       
99990024 29/12/2019 1200 0       
99990024 30/12/2019 1200 0       
99990024 31/12/2019 1200 0.2     
99990024 01/01/2020 1200 0       
99990024 02/01/2020 1200 0       
99990024 03/01/2020 1200 0       
99990024 04/01/2020 1200 0.2     
99990024 05/01/2020 1200 0       
99990024 06/01/2020 1200 0.2     
99990024 07/01/2020 1200 0.2     
99990024 08/01/2020 1200 0.4     
99990024 09/01/2020 1200 0.2     
99990024 10/01/2020 1200 0.2     
99990024 11/01/2020 1200 0       
99990024 12/01/2020 1200 0.2     
99990024 13/01/2020 1200 0       
99990024 14/01/2020 1200 0       
99990024 15/01/2020 1200 0       
99990024 16/01/2020 1200 0       
99990024 17/01/2020 1200 0       
99990024 18/01/2020 1200 0       
99990024 19/01/2020 1200 0       
99990024 20/01/2020 1200 0.2     
99990024 21/01/2020 1200 0       
99990024 22/01/2020 1200 0       
99990024 23/01/2020 1200 0       
99990024 24/01/2020 1200 0.4     
99990024 25/01/2020 1200 0       
99990024 26/01/2020 1200 0.2     
99990024 27/01/2020 0000 -       
