99990022 13/12/2019 1200 0.2     
99990022 14/12/2019 1200 0.2     
99990022 15/12/2019 1200 4.2     
99990022 16/12/2019 1200 0       
99990022 17/12/2019 1200 0       
99990022 18/12/2019 1200 0       
99990022 19/12/2019 1200 0.8     
99990022 20/12/2019 1200 0       
99990022 21/12/2019 1200 0       
99990022 22/12/2019 1200 0       
99990022 23/12/2019 1200 0       
99990022 24/12/2019 1200 0       
99990022 25/12/2019 1200 0       
99990022 26/12/2019 1200 0       
99990022 27/12/2019 1200 0       
99990022 28/12/2019 1200 0       
99990022 29/12/2019 1200 0       
99990022 30/12/2019 1200 0       
99990022 31/12/2019 1200 0       
99990022 01/01/2020 1200 0       
99990022 02/01/2020 1200 0       
99990022 03/01/2020 1200 0       
99990022 04/01/2020 1200 0       
99990022 05/01/2020 1200 0       
99990022 06/01/2020 1200 65.6    
99990022 07/01/2020 1200 0       
99990022 08/01/2020 1200 1.4     
99990022 09/01/2020 1200 0       
99990022 10/01/2020 1200 9       
99990022 11/01/2020 1200 0       
99990022 12/01/2020 1200 0       
99990022 13/01/2020 1200 0       
99990022 14/01/2020 1200 0       
99990022 15/01/2020 1200 0       
99990022 16/01/2020 1200 0       
99990022 17/01/2020 1200 0.6     
99990022 18/01/2020 1200 7.4     
99990022 19/01/2020 1200 0       
99990022 20/01/2020 1200 35.6    
99990022 21/01/2020 1200 1.2     
99990022 22/01/2020 1200 2.4     
99990022 23/01/2020 1200 16.8    
99990022 24/01/2020 1200 11.8    
99990022 25/01/2020 1200 44.8    
99990022 26/01/2020 1200 44.6    
99990022 27/01/2020 1200 1       
