02452000 02/02/2020 1000 0.3     
02452000 03/02/2020 1000 55      
02452000 04/02/2020 1000 0       
02452000 05/02/2020 1000 0       
02452000 06/02/2020 1000 0       
02452000 07/02/2020 1000 0       
02452000 08/02/2020 1000 0       
02452000 09/02/2020 1000 0       
02452000 10/02/2020 1000 0       
02452000 11/02/2020 1000 0.8     
02452000 12/02/2020 1000 0       
02452000 13/02/2020 1000 0       
02452000 14/02/2020 1000 0       
02452000 15/02/2020 1000 0       
02452000 16/02/2020 1000 0       
02452000 17/02/2020 1000 0       
02452000 18/02/2020 1000 0       
02452000 19/02/2020 1000 7       
02452000 20/02/2020 1000 0.3     
02452000 21/02/2020 1000 0       
02452000 22/02/2020 1000 0       
02452000 23/02/2020 1000 0       
02452000 24/02/2020 1000 0       
02452000 25/02/2020 1000 0       
02452000 26/02/2020 1000 68.5    
02452000 27/02/2020 1000 12.8    
02452000 28/02/2020 1000 0       
02452000 29/02/2020 1000 0       
02452000 01/03/2020 1000 0       
02452000 02/03/2020 1000 0       
02452000 03/03/2020 1000 0       
02452000 04/03/2020 1000 0       
02452000 05/03/2020 1000 0       
02452000 06/03/2020 1000 0       
02452000 07/03/2020 1000 0       
02452000 08/03/2020 1000 4.3     
02452000 09/03/2020 1000 4.3     
02452000 10/03/2020 1000 0       
02452000 11/03/2020 1000 0       
02452000 12/03/2020 1000 0       
02452000 13/03/2020 1000 0       
02452000 14/03/2020 1000 0       
02452000 15/03/2020 1000 0       
02452000 16/03/2020 1000 0       
02452000 17/03/2020 1000 0       
02452000 18/03/2020 1000 0       
02452000 19/03/2020 1000 8       
02452000 20/03/2020 1000 10.8    
02452000 21/03/2020 1000 0       
02452000 22/03/2020 1000 0       
02452000 23/03/2020 1000 0       
02452000 24/03/2020 1000 0.0