02452016 02/02/2020 1000 0       
02452016 03/02/2020 1000 38      
02452016 04/02/2020 1000 0       
02452016 05/02/2020 1000 0       
02452016 06/02/2020 1000 0       
02452016 07/02/2020 1000 0       
02452016 08/02/2020 1000 0       
02452016 09/02/2020 1000 0       
02452016 10/02/2020 1000 1.8     
02452016 11/02/2020 1000 0       
02452016 12/02/2020 1000 0       
02452016 13/02/2020 1000 0       
02452016 14/02/2020 1000 0       
02452016 15/02/2020 1000 0       
02452016 16/02/2020 1000 0       
02452016 17/02/2020 1000 0       
02452016 18/02/2020 1000 0       
02452016 19/02/2020 1000 17.4    
02452016 20/02/2020 1000 1.2     
02452016 21/02/2020 1000 0       
02452016 22/02/2020 1000 0       
02452016 23/02/2020 1000 0       
02452016 24/02/2020 1000 0       
02452016 25/02/2020 1000 0       
02452016 26/02/2020 1000 54.4    
02452016 27/02/2020 1000 26.6    
02452016 28/02/2020 1000 0       
02452016 29/02/2020 1000 0       
02452016 01/03/2020 1000 0       
02452016 02/03/2020 1000 0       
02452016 03/03/2020 1000 0       
02452016 04/03/2020 1000 4.6     
02452016 05/03/2020 1000 0       
02452016 06/03/2020 1000 0       
02452016 07/03/2020 1000 0       
02452016 08/03/2020 1000 54.2    
02452016 09/03/2020 1000 54.2    
02452016 10/03/2020 1000 0       
02452016 11/03/2020 1000 0       
02452016 12/03/2020 1000 0       
02452016 13/03/2020 1000 0       
02452016 14/03/2020 1000 0       
02452016 15/03/2020 1000 0       
02452016 16/03/2020 1000 0       
02452016 17/03/2020 1000 0       
02452016 18/03/2020 1000 0       
02452016 19/03/2020 1000 11.6    
02452016 20/03/2020 1000 0       
02452016 21/03/2020 1000 0       
02452016 22/03/2020 1000 0       
02452016 23/03/2020 1000 0       
02452016 24/03/2020 1000 0.0