02451015 02/02/2020 1000 1.3     
02451015 03/02/2020 1000 75.8    
02451015 04/02/2020 1000 0.3     
02451015 05/02/2020 1000 0       
02451015 06/02/2020 1000 0.5     
02451015 07/02/2020 1000 1.8     
02451015 08/02/2020 1000 1.3     
02451015 09/02/2020 1000 0       
02451015 10/02/2020 1000 2       
02451015 11/02/2020 1000 0       
02451015 12/02/2020 1000 0       
02451015 13/02/2020 1000 0       
02451015 14/02/2020 1000 0       
02451015 15/02/2020 1000 0       
02451015 16/02/2020 1000 0       
02451015 17/02/2020 1000 0       
02451015 18/02/2020 1000 0       
02451015 19/02/2020 1000 0       
02451015 20/02/2020 1000 30.3    
02451015 21/02/2020 1000 0.5     
02451015 22/02/2020 1000 0       
02451015 23/02/2020 1000 0       
02451015 24/02/2020 1000 0       
02451015 25/02/2020 1000 0       
02451015 26/02/2020 1000 20.5    
02451015 27/02/2020 1000 33.8    
02451015 28/02/2020 1000 0       
02451015 29/02/2020 1000 0       
02451015 01/03/2020 1000 0       
02451015 02/03/2020 1000 0       
02451015 03/03/2020 1000 0       
02451015 04/03/2020 1000 0       
02451015 05/03/2020 1000 0       
02451015 06/03/2020 1000 0       
02451015 07/03/2020 1000 0       
02451015 08/03/2020 1000 22.8    
02451015 09/03/2020 1000 22.8    
02451015 10/03/2020 1000 0       
02451015 11/03/2020 1000 0       
02451015 12/03/2020 1000 0       
02451015 13/03/2020 1000 0       
02451015 14/03/2020 1000 0       
02451015 15/03/2020 1000 0       
02451015 16/03/2020 1000 0       
02451015 17/03/2020 1000 12.3    
02451015 18/03/2020 1000 1.3     
02451015 19/03/2020 1000 32.5    
02451015 20/03/2020 1000 1       
02451015 21/03/2020 1000 0       
02451015 22/03/2020 1000 0       
02451015 23/03/2020 1000 0       
02451015 24/03/2020 1000 0.010421874999928379