02454033 02/02/2020 1100 5.5     
02454033 03/02/2020 1100 23.5    
02454033 04/02/2020 1100 0       
02454033 05/02/2020 1100 0       
02454033 06/02/2020 1100 0       
02454033 07/02/2020 1100 0       
02454033 08/02/2020 1100 0       
02454033 09/02/2020 1100 0       
02454033 10/02/2020 1100 0       
02454033 11/02/2020 1100 2.5     
02454033 12/02/2020 1100 0       
02454033 13/02/2020 1100 0       
02454033 14/02/2020 1100 0       
02454033 15/02/2020 1100 0       
02454033 16/02/2020 1100 0       
02454033 17/02/2020 1100 3.3     
02454033 18/02/2020 1100 0.3     
02454033 19/02/2020 1100 1.3     
02454033 20/02/2020 1100 0       
02454033 21/02/2020 1100 0.3     
02454033 22/02/2020 1100 0       
02454033 23/02/2020 1100 0       
02454033 24/02/2020 1100 0       
02454033 25/02/2020 1100 1.8     
02454033 26/02/2020 1100 4.8     
02454033 27/02/2020 1100 2.5     
02454033 28/02/2020 1100 0       
02454033 29/02/2020 1100 0       
02454033 01/03/2020 1100 1.5     
02454033 02/03/2020 1100 0       
02454033 03/03/2020 1100 0       
02454033 04/03/2020 1100 0       
02454033 05/03/2020 1100 0       
02454033 06/03/2020 1100 0       
02454033 07/03/2020 1100 0       
02454033 08/03/2020 1100 1.5     
02454033 09/03/2020 1100 0       
02454033 10/03/2020 1100 0       
02454033 11/03/2020 1100 0       
02454033 12/03/2020 1100 0       
02454033 13/03/2020 1100 0       
02454033 14/03/2020 1100 0       
02454033 15/03/2020 1100 0       
02454033 16/03/2020 1100 0       
02454033 17/03/2020 1100 0       
02454033 18/03/2020 1100 3.5     
02454033 19/03/2020 1100 16.3    
02454033 20/03/2020 1100 2.5     
02454033 21/03/2020 1100 0       
02454033 22/03/2020 1100 0       
02454033 23/03/2020 1100 0       
02454033 24/03/2020 1100 0.0