02454030 02/02/2020 1200 0       
02454030 03/02/2020 1200 46.8    
02454030 04/02/2020 1200 0       
02454030 05/02/2020 1200 0       
02454030 06/02/2020 1200 0       
02454030 07/02/2020 1200 0       
02454030 08/02/2020 1200 0       
02454030 09/02/2020 1200 0       
02454030 10/02/2020 1200 0       
02454030 11/02/2020 1200 22.6    
02454030 12/02/2020 1200 0       
02454030 13/02/2020 1200 0       
02454030 14/02/2020 1200 0       
02454030 15/02/2020 1200 0       
02454030 16/02/2020 1200 0       
02454030 17/02/2020 1200 5.8     
02454030 18/02/2020 1200 0       
02454030 19/02/2020 1200 0.8     
02454030 20/02/2020 1200 0       
02454030 21/02/2020 1200 0       
02454030 22/02/2020 1200 0       
02454030 23/02/2020 1200 0       
02454030 24/02/2020 1200 0       
02454030 25/02/2020 1200 0       
02454030 26/02/2020 1200 6.4     
02454030 27/02/2020 1200 0       
02454030 28/02/2020 1200 0       
02454030 29/02/2020 1200 0       
02454030 01/03/2020 1200 0       
02454030 02/03/2020 1200 0       
02454030 03/03/2020 1200 0.4     
02454030 04/03/2020 1200 0       
02454030 05/03/2020 1200 0       
02454030 06/03/2020 1200 0.4     
02454030 07/03/2020 1200 0       
02454030 08/03/2020 1200 3.2     
02454030 09/03/2020 1200 0       
02454030 10/03/2020 1200 0       
02454030 11/03/2020 1200 0       
02454030 12/03/2020 1200 0       
02454030 13/03/2020 1200 0       
02454030 14/03/2020 1200 3.6     
02454030 15/03/2020 1200 0       
02454030 16/03/2020 1200 0       
02454030 17/03/2020 1200 0       
02454030 18/03/2020 1200 0.4     
02454030 19/03/2020 1200 9       
02454030 20/03/2020 1200 2.4     
02454030 21/03/2020 1200 0       
02454030 22/03/2020 1200 0       
02454030 23/03/2020 1200 0       
02454030 24/03/2020 1200 0.0