02454042 02/02/2020 1100 0.3     
02454042 03/02/2020 1100 2.3     
02454042 04/02/2020 1100 0.3     
02454042 05/02/2020 1100 0       
02454042 06/02/2020 1100 0       
02454042 07/02/2020 1100 0       
02454042 08/02/2020 1100 0       
02454042 09/02/2020 1100 0       
02454042 10/02/2020 1100 0       
02454042 11/02/2020 1100 42.3    
02454042 12/02/2020 1100 0       
02454042 13/02/2020 1100 0       
02454042 14/02/2020 1100 0       
02454042 15/02/2020 1100 0       
02454042 16/02/2020 1100 0       
02454042 17/02/2020 1100 21      
02454042 18/02/2020 1100 4       
02454042 19/02/2020 1100 0.5     
02454042 20/02/2020 1100 22      
02454042 21/02/2020 1100 0       
02454042 22/02/2020 1100 0       
02454042 23/02/2020 1100 0       
02454042 24/02/2020 1100 0       
02454042 25/02/2020 1100 3.5     
02454042 26/02/2020 1100 0.3     
02454042 27/02/2020 1100 5.8     
02454042 28/02/2020 1100 0       
02454042 29/02/2020 1100 0       
02454042 01/03/2020 1100 0       
02454042 02/03/2020 1100 0       
02454042 03/03/2020 1100 1.5     
02454042 04/03/2020 1100 0       
02454042 05/03/2020 1100 0       
02454042 06/03/2020 1100 0       
02454042 07/03/2020 1100 0       
02454042 08/03/2020 1100 6       
02454042 09/03/2020 1100 0       
02454042 10/03/2020 1100 0       
02454042 11/03/2020 1100 0       
02454042 12/03/2020 1100 0       
02454042 13/03/2020 1100 0       
02454042 14/03/2020 1100 0       
02454042 15/03/2020 1100 0       
02454042 16/03/2020 1100 0       
02454042 17/03/2020 1100 0.3     
02454042 18/03/2020 1100 0       
02454042 19/03/2020 1100 16      
02454042 20/03/2020 1100 14      
02454042 21/03/2020 1100 0       
02454042 22/03/2020 1100 0       
02454042 23/03/2020 1100 0       
02454042 24/03/2020 1100 0.0