02554042 02/02/2020 1000 0       
02554042 03/02/2020 1000 55.3    
02554042 04/02/2020 1000 0       
02554042 05/02/2020 1000 0.5     
02554042 06/02/2020 1000 0       
02554042 07/02/2020 1000 0       
02554042 08/02/2020 1000 0       
02554042 09/02/2020 1000 0       
02554042 10/02/2020 1000 0       
02554042 11/02/2020 1000 0       
02554042 12/02/2020 1000 0.5     
02554042 13/02/2020 1000 0       
02554042 14/02/2020 1000 0       
02554042 15/02/2020 1000 0       
02554042 16/02/2020 1000 0       
02554042 17/02/2020 1000 9.3     
02554042 18/02/2020 1000 0.3     
02554042 19/02/2020 1000 6.5     
02554042 20/02/2020 1000 0       
02554042 21/02/2020 1000 0       
02554042 22/02/2020 1000 0       
02554042 23/02/2020 1000 0       
02554042 24/02/2020 1000 0       
02554042 25/02/2020 1000 0       
02554042 26/02/2020 1000 32.8    
02554042 27/02/2020 1000 1.3     
02554042 28/02/2020 1000 0       
02554042 29/02/2020 1000 0       
02554042 01/03/2020 1000 0       
02554042 02/03/2020 1000 0       
02554042 03/03/2020 1000 0.8     
02554042 04/03/2020 1000 0       
02554042 05/03/2020 1000 0       
02554042 06/03/2020 1000 0       
02554042 07/03/2020 1000 0       
02554042 08/03/2020 1000 0.3     
02554042 09/03/2020 1000 0       
02554042 10/03/2020 1000 0       
02554042 11/03/2020 1000 0       
02554042 12/03/2020 1000 0       
02554042 13/03/2020 1000 0       
02554042 14/03/2020 1000 0       
02554042 15/03/2020 1000 0       
02554042 16/03/2020 1000 0       
02554042 17/03/2020 1000 0       
02554042 18/03/2020 1000 6.5     
02554042 19/03/2020 1000 21.8    
02554042 20/03/2020 1000 7.5     
02554042 21/03/2020 1000 0       
02554042 22/03/2020 1000 0       
02554042 23/03/2020 1000 0       
02554042 24/03/2020 1000 0.0