99990824 02/02/2020 1200 5.2     
99990824 03/02/2020 1200 9.6     
99990824 04/02/2020 1200 0       
99990824 05/02/2020 1200 0       
99990824 06/02/2020 1200 24.6    
99990824 07/02/2020 1200 0       
99990824 08/02/2020 1200 0       
99990824 09/02/2020 1200 0.2     
99990824 10/02/2020 1200 0       
99990824 11/02/2020 1200 32.6    
99990824 12/02/2020 1200 0       
99990824 13/02/2020 1200 0       
99990824 14/02/2020 0000 -       
99990824 15/02/2020 1200 0       
99990824 16/02/2020 1200 0       
99990824 17/02/2020 1200 0       
99990824 18/02/2020 1200 0       
99990824 19/02/2020 1200 6.6     
99990824 20/02/2020 1200 0.2     
99990824 21/02/2020 1200 0.2     
99990824 22/02/2020 1200 0       
99990824 23/02/2020 1200 0       
99990824 24/02/2020 1200 0       
99990824 25/02/2020 1200 0       
99990824 26/02/2020 1200 21.2    
99990824 27/02/2020 1200 15.8    
99990824 28/02/2020 1200 0       
99990824 29/02/2020 1200 0       
99990824 01/03/2020 1200 0       
99990824 02/03/2020 1200 0       
99990824 03/03/2020 1200 1.6     
99990824 04/03/2020 1200 0       
99990824 05/03/2020 1200 0       
99990824 06/03/2020 1200 0       
99990824 07/03/2020 1200 0       
99990824 08/03/2020 1200 3       
99990824 09/03/2020 1200 0       
99990824 10/03/2020 1200 0       
99990824 11/03/2020 1200 0       
99990824 12/03/2020 1200 0       
99990824 13/03/2020 1200 0       
99990824 14/03/2020 1200 0       
99990824 15/03/2020 1200 0       
99990824 16/03/2020 1200 0       
99990824 17/03/2020 1200 0       
99990824 18/03/2020 1200 0       
99990824 19/03/2020 1200 1.8     
99990824 20/03/2020 1200 1.4     
99990824 21/03/2020 1200 0       
99990824 22/03/2020 1200 0       
99990824 23/03/2020 1200 0       
99990824 24/03/2020 1200 0.0