99990721 02/02/2020 1200 5       
99990721 03/02/2020 1200 12.4    
99990721 04/02/2020 1200 14      
99990721 05/02/2020 1200 5       
99990721 06/02/2020 1200 0       
99990721 07/02/2020 1200 0       
99990721 08/02/2020 1200 0       
99990721 09/02/2020 1200 0       
99990721 10/02/2020 1200 0       
99990721 11/02/2020 1200 31.4    
99990721 12/02/2020 1200 0       
99990721 13/02/2020 1200 0       
99990721 14/02/2020 1200 0       
99990721 15/02/2020 1200 0       
99990721 16/02/2020 1200 0       
99990721 17/02/2020 1200 0       
99990721 18/02/2020 1200 0       
99990721 19/02/2020 1200 0.4     
99990721 20/02/2020 1200 1.8     
99990721 21/02/2020 1200 1.4     
99990721 22/02/2020 1200 0       
99990721 23/02/2020 1200 0       
99990721 24/02/2020 1200 0       
99990721 25/02/2020 1200 2.8     
99990721 26/02/2020 1200 12      
99990721 27/02/2020 1200 9       
99990721 28/02/2020 1200 0       
99990721 29/02/2020 1200 0       
99990721 01/03/2020 1200 0       
99990721 02/03/2020 1200 0       
99990721 03/03/2020 1200 0       
99990721 04/03/2020 1200 0       
99990721 05/03/2020 1200 0       
99990721 06/03/2020 1200 0       
99990721 07/03/2020 1200 0       
99990721 08/03/2020 1200 0.2     
99990721 09/03/2020 1200 0       
99990721 10/03/2020 1200 0       
99990721 11/03/2020 1200 0       
99990721 12/03/2020 1200 0       
99990721 13/03/2020 1200 0       
99990721 14/03/2020 1200 0       
99990721 15/03/2020 1200 0       
99990721 16/03/2020 1200 0       
99990721 17/03/2020 1200 1.6     
99990721 18/03/2020 1200 0.2     
99990721 19/03/2020 1200 0       
99990721 20/03/2020 1200 0.4     
99990721 21/03/2020 1200 0       
99990721 22/03/2020 1200 0       
99990721 23/03/2020 1200 0       
99990721 24/03/2020 1200 0.0