99990822 02/02/2020 1200 2.2     
99990822 03/02/2020 1200 38.2    
99990822 04/02/2020 1200 0       
99990822 05/02/2020 1200 0       
99990822 06/02/2020 1200 0       
99990822 07/02/2020 1200 0       
99990822 08/02/2020 1200 1.2     
99990822 09/02/2020 1200 0       
99990822 10/02/2020 1200 0       
99990822 11/02/2020 1200 0       
99990822 12/02/2020 1200 0       
99990822 13/02/2020 1200 0       
99990822 14/02/2020 1200 0       
99990822 15/02/2020 1200 0       
99990822 16/02/2020 1200 0       
99990822 17/02/2020 1200 0       
99990822 18/02/2020 1200 0       
99990822 19/02/2020 1200 0.4     
99990822 20/02/2020 1200 18      
99990822 21/02/2020 1200 0       
99990822 22/02/2020 1200 0       
99990822 23/02/2020 1200 0       
99990822 24/02/2020 1200 0       
99990822 25/02/2020 1200 0       
99990822 26/02/2020 1200 6.4     
99990822 27/02/2020 1200 2.8     
99990822 28/02/2020 1200 0       
99990822 29/02/2020 1200 0       
99990822 01/03/2020 1200 0       
99990822 02/03/2020 1200 0       
99990822 03/03/2020 1200 0       
99990822 04/03/2020 1200 0       
99990822 05/03/2020 1200 0       
99990822 06/03/2020 1200 0       
99990822 07/03/2020 1200 0       
99990822 08/03/2020 1200 11.2    
99990822 09/03/2020 1200 0       
99990822 10/03/2020 1200 0       
99990822 11/03/2020 1200 0       
99990822 12/03/2020 1200 0       
99990822 13/03/2020 1200 0       
99990822 14/03/2020 1200 0       
99990822 15/03/2020 1200 0       
99990822 16/03/2020 1200 0       
99990822 17/03/2020 1200 11.2    
99990822 18/03/2020 1200 0       
99990822 19/03/2020 1200 14.4    
99990822 20/03/2020 1200 22.4    
99990822 21/03/2020 1200 0       
99990822 22/03/2020 1200 0       
99990822 23/03/2020 1200 0       
99990822 24/03/2020 1200 0.03609374999988461