00083428 23/01/2020 1200 65      
00083428 24/01/2020 1200 27      
00083428 25/01/2020 1200 14      
00083428 26/01/2020 1200 51      
00083428 27/01/2020 1200 4       
00083428 28/01/2020 1200 12      
00083428 29/01/2020 1200 15      
00083428 30/01/2020 1200 4       
00083428 31/01/2020 1200 0       
00083428 01/02/2020 1200 0       
00083428 02/02/2020 1200 0       
00083428 03/02/2020 1200 0       
00083428 04/02/2020 1200 3       
00083428 05/02/2020 1200 0       
00083428 06/02/2020 1200 0       
00083428 07/02/2020 1200 49      
00083428 08/02/2020 1200 17      
00083428 09/02/2020 1200 12      
00083428 10/02/2020 1200 0.3     
00083428 11/02/2020 1200 0       
00083428 12/02/2020 1200 57      
00083428 13/02/2020 1200 4       
00083428 14/02/2020 1200 4       
00083428 15/02/2020 1200 3       
00083428 16/02/2020 1200 7       
00083428 17/02/2020 1200 0       
00083428 18/02/2020 1200 0       
00083428 19/02/2020 1200 0       
00083428 20/02/2020 1200 0       
00083428 21/02/2020 1200 18      
00083428 22/02/2020 1200 0       
00083428 23/02/2020 1200 17      
00083428 24/02/2020 1200 15      
00083428 25/02/2020 1200 3       
00083428 26/02/2020 1200 10      
00083428 27/02/2020 1200 14      
00083428 28/02/2020 1200 0.2     
00083428 29/02/2020 1200 0       
00083428 01/03/2020 1200 1       
00083428 02/03/2020 1200 5       
00083428 03/03/2020 1200 67      
00083428 04/03/2020 1200 30      
00083428 05/03/2020 1200 0.8     
00083428 06/03/2020 1200 82      
00083428 07/03/2020 1200 12      
00083428 08/03/2020 1200 31      
00083428 09/03/2020 1200 1.8714271716206703