01647010 23/01/2020 1000 30      
01647010 24/01/2020 1000 15      
01647010 25/01/2020 1000 15      
01647010 26/01/2020 1000 70      
01647010 27/01/2020 1000 30      
01647010 28/01/2020 1000 40      
01647010 29/01/2020 1000 2       
01647010 30/01/2020 1000 2       
01647010 31/01/2020 1000 0       
01647010 01/02/2020 1000 0       
01647010 02/02/2020 1000 0       
01647010 03/02/2020 1000 0       
01647010 04/02/2020 1000 108     
01647010 05/02/2020 1000 5       
01647010 06/02/2020 1000 24      
01647010 07/02/2020 1000 25      
01647010 08/02/2020 1000 12      
01647010 09/02/2020 1000 6       
01647010 10/02/2020 1000 0       
01647010 11/02/2020 1000 2       
01647010 12/02/2020 1000 30      
01647010 13/02/2020 1000 4       
01647010 14/02/2020 1000 24      
01647010 15/02/2020 1000 23      
01647010 16/02/2020 1000 14      
01647010 17/02/2020 1000 4       
01647010 18/02/2020 1000 4       
01647010 19/02/2020 1000 0       
01647010 20/02/2020 1000 0       
01647010 21/02/2020 1000 4       
01647010 22/02/2020 1000 10      
01647010 23/02/2020 1000 48      
01647010 24/02/2020 1000 0       
01647010 25/02/2020 1000 10      
01647010 26/02/2020 1000 5       
01647010 27/02/2020 1000 5       
01647010 28/02/2020 1000 0       
01647010 29/02/2020 1000 0       
01647010 01/03/2020 1000 0       
01647010 02/03/2020 1000 0       
01647010 03/03/2020 1000 0       
01647010 04/03/2020 1000 0       
01647010 05/03/2020 1000 0       
01647010 06/03/2020 1000 60      
01647010 07/03/2020 1000 10      
01647010 08/03/2020 1000 40      
01647010 09/03/2020 1000 4.790418749949073