01646012 23/01/2020 1000 50      
01646012 24/01/2020 1000 25      
01646012 25/01/2020 1000 15      
01646012 26/01/2020 1000 50      
01646012 27/01/2020 1000 5       
01646012 28/01/2020 1000 10      
01646012 29/01/2020 1000 2       
01646012 30/01/2020 1000 7       
01646012 31/01/2020 1000 0       
01646012 01/02/2020 1000 0       
01646012 02/02/2020 1000 0       
01646012 03/02/2020 1000 0       
01646012 04/02/2020 1000 2       
01646012 05/02/2020 1000 0       
01646012 06/02/2020 1000 0       
01646012 07/02/2020 1000 45      
01646012 08/02/2020 1000 13      
01646012 09/02/2020 1000 12      
01646012 10/02/2020 1000 0       
01646012 11/02/2020 1000 0       
01646012 12/02/2020 1000 50      
01646012 13/02/2020 1000 5       
01646012 14/02/2020 1000 5       
01646012 15/02/2020 1000 5       
01646012 16/02/2020 1000 5       
01646012 17/02/2020 1000 0       
01646012 18/02/2020 1000 10      
01646012 19/02/2020 1000 0       
01646012 20/02/2020 1000 0       
01646012 21/02/2020 1000 15      
01646012 22/02/2020 1000 0       
01646012 23/02/2020 1000 0       
01646012 24/02/2020 1000 10      
01646012 25/02/2020 1000 2       
01646012 26/02/2020 1000 10      
01646012 27/02/2020 1000 15      
01646012 28/02/2020 1000 0       
01646012 29/02/2020 1000 0       
01646012 01/03/2020 1000 2       
01646012 02/03/2020 1000 5       
01646012 03/03/2020 1000 60      
01646012 04/03/2020 1000 5       
01646012 05/03/2020 1000 0       
01646012 06/03/2020 1000 80      
01646012 07/03/2020 1000 10      
01646012 08/03/2020 1000 5       
01646012 09/03/2020 1000 3.8400593750217418