01944079 23/01/2020 1000 2       
01944079 24/01/2020 1000 102     
01944079 25/01/2020 1000 119     
01944079 26/01/2020 1000 59      
01944079 27/01/2020 1000 0       
01944079 28/01/2020 1000 0       
01944079 29/01/2020 1000 36      
01944079 30/01/2020 1000 14      
01944079 31/01/2020 1000 0       
01944079 01/02/2020 1000 1       
01944079 02/02/2020 1000 0       
01944079 03/02/2020 1000 15      
01944079 04/02/2020 1000 0       
01944079 05/02/2020 1000 10      
01944079 06/02/2020 1000 10      
01944079 07/02/2020 1000 30      
01944079 08/02/2020 1000 20      
01944079 09/02/2020 1000 5       
01944079 10/02/2020 1000 4       
01944079 11/02/2020 1000 10      
01944079 12/02/2020 1000 46      
01944079 13/02/2020 1000 2       
01944079 14/02/2020 1000 27      
01944079 15/02/2020 1000 0       
01944079 16/02/2020 1000 0       
01944079 17/02/2020 1000 8       
01944079 18/02/2020 1000 7       
01944079 19/02/2020 1000 0       
01944079 20/02/2020 1000 0       
01944079 21/02/2020 1000 0       
01944079 22/02/2020 1000 5       
01944079 23/02/2020 1000 0       
01944079 24/02/2020 1000 1       
01944079 25/02/2020 1000 10      
01944079 26/02/2020 1000 0       
01944079 27/02/2020 1000 7       
01944079 28/02/2020 1000 8       
01944079 29/02/2020 1000 10      
01944079 01/03/2020 1000 0       
01944079 02/03/2020 1000 29      
01944079 03/03/2020 1000 16      
01944079 04/03/2020 1000 0       
01944079 05/03/2020 1000 1       
01944079 06/03/2020 1000 0       
01944079 07/03/2020 1000 3       
01944079 08/03/2020 1000 0       
01944079 09/03/2020 1000 0.5350869555854559