99990536 23/01/2020 1200 1.8     
99990536 24/01/2020 1200 44.2    
99990536 25/01/2020 1200 53.4    
99990536 26/01/2020 1200 19.2    
99990536 27/01/2020 1200 0       
99990536 28/01/2020 1200 0.6     
99990536 29/01/2020 1200 14.8    
99990536 30/01/2020 1200 8.8     
99990536 31/01/2020 1200 3.2     
99990536 01/02/2020 1200 0       
99990536 02/02/2020 1200 0       
99990536 03/02/2020 1200 12.6    
99990536 04/02/2020 1200 0       
99990536 05/02/2020 1200 0       
99990536 06/02/2020 1200 3.2     
99990536 07/02/2020 1200 42.4    
99990536 08/02/2020 1200 31.2    
99990536 09/02/2020 1200 37.8    
99990536 10/02/2020 1200 0.2     
99990536 11/02/2020 1200 12.6    
99990536 12/02/2020 1200 42      
99990536 13/02/2020 1200 27      
99990536 14/02/2020 1200 19.4    
99990536 15/02/2020 1200 0       
99990536 16/02/2020 1200 25.8    
99990536 17/02/2020 1200 63.4    
99990536 18/02/2020 1200 42.4    
99990536 19/02/2020 1200 0       
99990536 20/02/2020 1200 0       
99990536 21/02/2020 1200 0       
99990536 22/02/2020 1200 5       
99990536 23/02/2020 1200 4.6     
99990536 24/02/2020 1200 1.8     
99990536 25/02/2020 1200 34.6    
99990536 26/02/2020 1200 2.2     
99990536 27/02/2020 1200 18.2    
99990536 28/02/2020 1200 26.2    
99990536 29/02/2020 1200 60.8    
99990536 01/03/2020 1200 1.6     
99990536 02/03/2020 1200 56.8    
99990536 03/03/2020 1200 1       
99990536 04/03/2020 1200 9.6     
99990536 05/03/2020 1200 2.2     
99990536 06/03/2020 1200 35.4    
99990536 07/03/2020 1200 25.2    
99990536 08/03/2020 1200 0       
99990536 09/03/2020 1200 1.3177919737843156