99990555 23/01/2020 1200 18      
99990555 24/01/2020 0000 -       
99990555 25/01/2020 0000 -       
99990555 26/01/2020 1200 4.2     
99990555 27/01/2020 1200 0.2     
99990555 28/01/2020 1200 5.4     
99990555 29/01/2020 1200 94      
99990555 30/01/2020 1200 14.2    
99990555 31/01/2020 1200 8       
99990555 01/02/2020 1200 0       
99990555 02/02/2020 1200 0.2     
99990555 03/02/2020 1200 42.2    
99990555 04/02/2020 1200 0.2     
99990555 05/02/2020 1200 31      
99990555 06/02/2020 1200 4.4     
99990555 07/02/2020 1200 82.4    
99990555 08/02/2020 1200 0       
99990555 09/02/2020 1200 16.6    
99990555 10/02/2020 1200 9.8     
99990555 11/02/2020 1200 17.6    
99990555 12/02/2020 1200 52.8    
99990555 13/02/2020 1200 2.8     
99990555 14/02/2020 1200 7.4     
99990555 15/02/2020 1200 10.4    
99990555 16/02/2020 1200 1       
99990555 17/02/2020 1200 14.4    
99990555 18/02/2020 1200 0       
99990555 19/02/2020 1200 0       
99990555 20/02/2020 1200 0       
99990555 21/02/2020 1200 5.2     
99990555 22/02/2020 1200 0       
99990555 23/02/2020 1200 0.2     
99990555 24/02/2020 1200 0.2     
99990555 25/02/2020 1200 16.4    
99990555 26/02/2020 1200 18.8    
99990555 27/02/2020 1200 16.2    
99990555 28/02/2020 1200 23.2    
99990555 29/02/2020 1200 27.8    
99990555 01/03/2020 1200 1.6     
99990555 02/03/2020 1200 37.4    
99990555 03/03/2020 1200 20.8    
99990555 04/03/2020 1200 9.6     
99990555 05/03/2020 1200 12.4    
99990555 06/03/2020 1200 15.2    
99990555 07/03/2020 1200 16.4    
99990555 08/03/2020 1200 0       
99990555 09/03/2020 1200 3.768702993596306