01948001 05/06/2017 1000 0       
01948001 06/06/2017 1000 0.2     
01948001 07/06/2017 1000 0       
01948001 08/06/2017 1000 0       
01948001 09/06/2017 1000 0       
01948001 10/06/2017 1000 0       
01948001 11/06/2017 1000 0       
01948001 12/06/2017 1000 0       
01948001 13/06/2017 1000 2.6     
01948001 14/06/2017 1000 0       
01948001 15/06/2017 1000 0       
01948001 16/06/2017 1000 0       
01948001 17/06/2017 1000 0.2     
01948001 18/06/2017 1000 0       
01948001 19/06/2017 1000 0       
01948001 20/06/2017 1000 0       
01948001 21/06/2017 1000 0       
01948001 22/06/2017 1000 0       
01948001 23/06/2017 1000 0       
01948001 24/06/2017 1000 0       
01948001 25/06/2017 1000 0       
01948001 26/06/2017 1000 0       
01948001 27/06/2017 1000 0       
01948001 28/06/2017 1000 0       
01948001 29/06/2017 1000 0       
01948001 30/06/2017 1000 0       
01948001 01/07/2017 1000 0       
01948001 02/07/2017 1000 0       
01948001 03/07/2017 1000 0       
01948001 04/07/2017 1000 0       
01948001 05/07/2017 1000 0       
01948001 06/07/2017 1000 0       
01948001 07/07/2017 1000 0       
01948001 08/07/2017 1000 0       
01948001 09/07/2017 1000 0       
01948001 10/07/2017 1000 0       
01948001 11/07/2017 1000 0       
01948001 12/07/2017 1000 0       
01948001 13/07/2017 1000 0       
01948001 14/07/2017 1000 0       
01948001 15/07/2017 1000 0       
01948001 16/07/2017 1000 0       
01948001 17/07/2017 1000 0       
01948001 18/07/2017 1000 0       
01948001 19/07/2017 1000 0       
01948001 20/07/2017 1000 0       
