ONS-Operador Nacional Do Sistema Eletrico
Modelo Computacional SMAP
Versao: 2.0.4 Data: 14/05/2019

Iniciando execucao: 25-03-2020 15:02:18

Parametros
   Amplitude inicial: 0.5
   somacoef alvo: 2 (nao e necessario multiplicar por 100)
   Limite de iteracoes: 10000
   Particulas: 24
   Pulso inicial: 0.1
   Uso de pesos: on
   Gerar graficos: off
   Semente: 9952

Sub bacia: CanoasI
cef: 0.98488455
dm: 0.022456376
ebin: 77.605525
mape: 0.016607588
*somacoef: 1.968277
supin: 73.442482
Iteracoes: 10000
Iteracao otima: 9733
Tempo: 14.116 s

Qcal
[34](0,0,0,151.04801,151.06351,139.57508,191.94287,212.97827,201.38374,183.44656,165.38702,149.24648,136.32776,125.97058,117.6506,110.95138,105.54215,101.16013,97.596543,94.685485,92.295081,90.320488,88.678326,87.302264,86.13951,87.380416,93.489463,97.188815,106.97308,120.79,126.14499,126.30066,121.06832,112.37985)
Rsolo
[34](0,0,341.01,343.88825,343.45402,353.69132,354.16535,348.93568,344.50143,342.9333,340.01235,336.51611,333.04326,329.60625,326.20472,322.83828,319.50659,316.20929,312.94601,309.7164,306.52686,303.39228,300.27189,297.17866,296.89731,299.07567,300.78075,304.7639,310.16258,314.04621,316.67227,317.26241,314.61898,311.37211)
Rsub
[34](0,0,191.4683,190.97189,190.47675,189.98291,196.61421,203.59602,206.55616,206.20541,205.67078,205.13754,204.60568,204.0752,203.5461,203.01837,202.492,201.967,201.44337,200.92109,200.40016,199.88058,199.36236,198.84547,198.32993,197.81572,197.30284,196.7913,196.28108,195.77218,195.26461,194.75835,194.2534,193.74976)
Rsup
[34](0,0,2.2772152,2.2839346,1.9339379,3.7622291,4.4441941,3.680585,2.864832,2.3244959,1.8449536,1.4643407,1.1622479,0.92247681,0.73217033,0.58112397,0.4612384,0.36608516,0.29056199,0.2306192,0.18304258,0.14528099,0.1153096,0.091521291,0.14185954,0.34276594,0.46860237,0.78278189,1.2216916,1.3979344,1.4126913,1.2601292,1.0001652,0.79383166)
Peso chuva 
[34](1.913495,1.8745558,2,1.5255309,2,0.80551555,0.5,0.5,0.5,0.5,0.51252811,1.9987527,2,1.9448763,0.5,0.5,0.52829856,0.76790681,2,0.5,0.5,1.9343715,1.848563,1.6565358,2,1.1323683,1.250961,1.7234673,1.0518626,0.90886768,1.5210177,1.8714258,0.5,1)
Previsao PMEDIA_ORIG
[13] (0,0.1,0.5,1.1,5.8,2.6,2.1,0.9,1.5,3.6,4,4.3,2.2083333)


Sub bacia: Capivara
cef: 0.97083325
dm: 0.041514436
ebin: 141.94864
mape: 0.029542325
*somacoef: 1.9412909
supin: 178.48367
Iteracoes: 10000
Iteracao otima: 9394
Tempo: 14.008 s

Qcal
[33](0,0,320.4323,288.2767,243.24373,234.88322,285.36019,311.67256,305.13146,254.64002,219.34888,194.57405,177.07225,164.59784,155.54002,148.94875,144.10534,140.47724,137.69471,135.50098,133.71779,132.22134,130.92565,129.77104,128.71605,139.09808,176.68256,190.62881,187.13184,204.56525,231.41149,210.85555,183.04707)
Rsolo
[33](0,66.0592,66.284619,64.674048,65.068398,68.979894,72.072976,73.490426,71.050382,68.695689,66.847665,65.139209,63.572918,61.79957,59.953114,58.353667,56.883707,55.487453,53.875035,52.247442,50.669019,49.138281,47.653788,46.517636,46.464904,49.348482,51.187038,51.68518,54.046899,57.379211,57.342513,55.641622,53.960659)
Rsub
[33](0,67.109195,66.814215,66.532456,66.173419,65.835746,65.701163,65.741993,65.867167,65.84768,65.697677,65.45174,65.122211,64.720436,64.298601,63.879516,63.463163,63.049523,62.63858,62.230315,61.824711,61.42175,61.021416,60.623691,60.228559,59.836001,59.446003,59.058546,58.673615,58.291193,57.911263,57.533809,57.158816)
Rsup
[33](0,1.7992462,1.4813839,1.0334264,0.956802,1.4728469,1.7409645,1.6741548,1.1624951,0.80715009,0.56060003,0.38941315,0.27068834,0.18794584,0.1304956,0.090606432,0.062910362,0.043680273,0.030328331,0.021057736,0.014620924,0.010151682,0.0070485721,0.0048940039,0.11797773,0.50522725,0.65413148,0.62714106,0.81109033,1.0898744,0.89075652,0.61847503,0.42942303)
Peso chuva 
[33](1.8985057,1.8229273,1.1646879,0.5,1.0454434,0.93111938,0.71045433,0.99280064,0.80787451,2,1.9984718,2,1.9449333,2,2,2,2,2,2,0.5,2,0.55775327,2,2,2,1.9379809,1.3815033,0.68015005,0.86570613,1.0180719,2,0.5,1)
Previsao PMEDIA_ORIG
[13] (0,0.1,0.6,2.3,7.1,2.5,2.2,2.6,1.4,3.5,4.3,5.8,2.7)


Sub bacia: Chavantes
cef: 0.98430638
dm: 0.034161525
ebin: 44.519625
mape: 0.03034337
*somacoef: 1.953963
supin: 65.90501
Iteracoes: 10000
Iteracao otima: 8854
Tempo: 13.106 s

Qcal
[34](0,0,0,110.42464,108.96834,91.029918,87.350423,89.173359,87.869893,100.41526,82.669943,69.910297,61.174069,55.175572,51.040031,48.172253,46.167271,44.749545,43.731599,42.985875,42.425583,41.991668,41.64395,41.355091,41.106488,40.885482,40.683462,40.494721,40.31615,41.279962,49.090221,57.72988,51.939062,47.848453)
Rsolo
[34](0,0,122.9812,126.13043,125.55958,127.08721,129.41657,131.2056,135.02496,133.50677,131.32822,128.79588,126.28801,123.82896,121.4178,119.05359,116.73542,114.46238,112.24173,110.08262,107.95933,105.85851,103.79852,101.77738,99.795605,98.213535,96.774624,95.375284,94.818314,96.749953,99.543428,98.334984,96.52988,94.650279)
Rsub
[34](0,0,97.383774,96.994374,96.606531,96.220239,95.835491,95.452282,95.070605,94.690454,94.311823,93.934707,93.559098,93.184991,92.81238,92.441259,92.071622,91.703463,91.336776,90.971556,90.607795,90.24549,89.884633,89.525219,89.167242,88.810696,88.455576,88.101877,87.749591,87.398714,87.04924,86.701164,86.354479,86.009181)
Rsup
[34](0,0,1.8036389,1.7686558,1.282583,1.1867183,1.2414206,1.2105427,1.55865,1.0777657,0.7333064,0.49893801,0.33947492,0.23097704,0.15715562,0.1069279,0.072753209,0.04950092,0.033680178,0.022915825,0.015591813,0.010608591,0.0072180325,0.0049111133,0.0033414969,0.0022735378,0.0015511665,0.0010893521,0.0318737,0.25000888,0.4908249,0.33670095,0.22908965,0.15587145)
Peso chuva 
[34](2,1.8515403,1.9873022,1.1214449,2,1.1469786,0.59584666,0.5,1.5599648,2,2,2,0.5,0.69704613,1.9912448,0.5,0.69786548,2,2,2,2,2,2,2,0.70133292,2,0.6900489,0.58438625,1.1931654,1.0187887,0.9920615,0.5,0.5,1)
Previsao PMEDIA_ORIG
[13] (0,0.1,0.2,0.8,5,3.5,1.4,0.9,1.8,2.9,3.6,4.1,2.025)


Sub bacia: Jurumirim
cef: 0.99906744
dm: 0.010134064
ebin: 82.798492
mape: 0.010091065
*somacoef: 1.9889764
supin: 156.22901
Iteracoes: 10000
Iteracao otima: 9723
Tempo: 13.816 s

Qcal
[34](0,0,0,239.0275,231.37953,218.88166,201.6321,175.47899,178.82656,193.91815,200.30445,176.50957,158.08303,145.017,135.95544,129.22453,122.2966,116.93532,112.73317,109.39134,106.69637,104.47875,102.61455,101.01065,99.584568,98.287604,97.075214,96.076048,105.38246,116.16995,183.37407,244.21951,285.7777,297.23008)
Rsolo
[34](0,0,54.972,56.901377,57.843313,57.646381,55.141954,56.466391,58.775037,60.266922,57.861843,55.036847,53.308235,51.917282,50.66681,48.529738,46.513628,44.67928,43.127424,41.713773,40.459682,39.340234,38.154818,37.098534,36.020494,35.02296,34.444528,36.157783,38.505809,46.223747,53.562639,59.536687,63.326051,59.665601)
Rsub
[34](0,0,51.541396,52.271382,53.154291,54.110705,55.04274,55.759208,56.578601,57.589823,58.727412,59.64219,60.314529,60.846175,61.269382,61.599106,61.779962,61.830457,61.770881,61.62467,61.404796,61.123896,60.792058,60.409506,59.985004,59.520444,59.05869,58.600517,58.152079,57.805469,57.86898,58.43913,59.503835,60.916864)
Rsup
[34](0,0,3.1158115,2.9398937,2.6623504,2.2876849,1.7362294,1.7800382,2.0547706,2.1497399,1.6387309,1.2419258,0.95979773,0.76204185,0.61424249,0.46550876,0.35278967,0.26736457,0.20262446,0.15356062,0.11637719,0.088197417,0.066841143,0.050656114,0.038390155,0.029094297,0.023961124,0.22424635,0.45375812,1.8051734,3.0166324,3.8271967,4.0214898,3.0477193)
Peso chuva 
[34](2,1.8115365,1.703858,0.56444337,1.280221,1.0891953,0.5,1.3987541,1.4555617,1.1476686,0.51975987,0.5,2,2,2,0.5,0.5,0.5,0.5,0.5,0.50189148,0.5,1.1021243,1.890483,1.3718904,2,0.57190792,2,1.0085658,0.90541673,1.0193068,0.75568702,0.69071585,1)
Previsao PMEDIA_ORIG
[13] (0.1,0.1,0.2,0.6,4,4.2,1.4,1.1,3,4,3.7,3.2,2.1333333)


Sub bacia: Maua
cef: 0.98280817
dm: 0.029155793
ebin: 39.441444
mape: 0.023547852
*somacoef: 1.9592603
supin: 36.654786
Iteracoes: 10000
Iteracao otima: 8023
Tempo: 12.036 s

Qcal
[34](0,0,0,76.09623,72.710504,69.547468,92.260298,109.2394,103.25056,97.71952,92.594625,87.840161,83.430753,79.368725,75.581443,72.059903,68.77954,65.717251,62.861001,60.194537,57.707537,55.401785,53.262217,51.275043,49.427647,47.708477,50.329111,48.885868,52.840002,60.408382,57.854362,55.252735,52.845705,50.617031)
Rsolo
[34](0,0,90.6444,88.502197,86.419011,95.37639,102.76073,100.72186,98.25357,95.818441,93.72633,92.065907,90.668044,88.88446,87.063042,85.162479,83.612791,82.281667,80.812906,79.121892,77.431538,75.776943,74.156319,72.570355,71.018309,73.571613,73.069472,76.451523,81.578524,80.813933,79.413143,77.730617,76.078237,74.451169)
Rsub
[34](0,0,19.265389,19.134026,18.981985,18.811046,18.737354,18.755831,18.747728,18.708973,18.641596,18.551023,18.443125,18.321457,18.182637,18.027163,17.855182,17.670826,17.476668,17.275932,17.077501,16.881349,16.68745,16.495778,16.306308,16.119014,15.933871,15.750855,15.569941,15.393769,15.216956,15.042174,14.8694,14.698611)
Rsup
[34](0,0,2.4185037,2.2128561,2.0246948,3.5463908,4.6766358,4.2789933,3.9151465,3.5822379,3.2776369,2.9989363,2.7454963,2.5120442,2.2984427,2.103004,1.9241836,1.7606293,1.6109214,1.4739432,1.3486124,1.2339387,1.1290157,1.0330144,0.94517626,1.1433868,1.0731699,1.3587878,1.8825917,1.7378734,1.5901004,1.4548927,1.3311818,1.2179902)
Peso chuva 
[34](1.8184108,0.5,0.5,0.5,0.5,1.1034804,1.3325479,0.5,0.5,0.5,0.5,0.5,0.5,0.52796284,2,2,2,0.75445821,2,2,2,2,0.55057146,2,0.5297088,2,2,1.1858522,1.823146,2,2,0.5,1.8813279,1)
Previsao PMEDIA_ORIG
[13] (0,0,0.3,4,4.3,2.4,1,2.2,2.1,3,4.8,3.8,2.325)


Sub bacia: Rosana
cef: 0.94807419
dm: 0.058476695
ebin: 162.75707
mape: 0.026893021
*somacoef: 1.9211812
supin: 2.4222051
Iteracoes: 10000
Iteracao otima: 9381
Tempo: 9.955 s

Qcal
[34](0,0,0,165.17927,164.17959,163.57217,164.4742,230.86198,329.9308,293.43715,230.43413,197.53286,181.2198,197.13032,200.41831,183.19053,174.30093,169.51336,167.13985,165.95393,165.34266,165.00037,164.77561,164.59389,164.41911,164.23427,164.0325,164.24727,171.13944,176.90439,187.34576,186.67345,174.8012,168.58442)
Rsolo
[34](0,0,138.1169,135.90824,133.70785,132.09383,139.02578,149.81266,153.94383,151.70516,149.16634,146.75931,148.76812,150.01474,147.66723,145.27001,142.20481,139.34441,136.56826,133.84512,131.20577,128.66008,126.20945,123.85428,121.64601,119.75003,118.37645,118.50054,119.21615,121.39664,122.41395,120.82112,119.06762,116.97985)
Rsub
[34](0,0,315.77374,315.83656,315.83688,315.77663,315.67309,315.76229,316.18087,316.73425,317.21176,317.60554,317.92199,318.30107,318.71914,319.06105,319.32721,319.49962,319.58744,319.59584,319.52892,319.39143,319.18816,318.9237,318.60241,318.22962,317.81411,317.36876,316.92743,316.50341,316.13061,315.78271,315.39855,314.97542)
Rsup
[34](0,0,0.026023193,0.014935063,0.0084074696,0.01843217,0.73224904,1.7961104,1.4017195,0.72177618,0.36565405,0.18821253,0.35739636,0.39062212,0.20321868,0.10581911,0.052909556,0.026454778,0.013227389,0.0066136945,0.0033068472,0.0016534236,0.00082671181,0.0004133559,0.00020667795,0.00010333898,0.0047115135,0.081224296,0.14560458,0.26013041,0.25497177,0.12934757,0.064684277,0.032342139)
Peso chuva 
[34](2,0.59333503,0.65138027,0.67867213,0.93516732,0.5,0.5,0.55646032,0.71211406,0.5,0.9333539,1.5640462,1.4305069,1.5704816,1.6233026,1.6107993,2,2,2,2,2,2,1.8738001,2,2,2,2,2,2,2,2,2,2,1)
Previsao PMEDIA_ORIG
[13] (0,0.1,2.8,10.7,13.8,2,0.9,1.3,1.5,4.6,5.2,12.2,4.5916667)


Tempo de execucao em: 77 s

Finalizando execucao: 25-03-2020 15:03:35

