ONS-Operador Nacional Do Sistema Eletrico
Modelo Computacional SMAP
Versao: 3.0.0 Data: 23/09/2019

Iniciando execucao: 27-01-2020 13:12:47

Parametros
   Amplitude inicial: 0.5
   somacoef alvo: 2 (nao e necessario multiplicar por 100)
   Limite de iteracoes: 10000
   Particulas: 24
   Pulso inicial: 0.1
   Uso de pesos: on
   Gerar graficos: off
   Semente: 9952

Sub bacia: AVERMELHA
cef: 0.99403084
dm: 0.015066637
ebin: 143.74714
mape: 0.01383375
*somacoef: 1.9801971
supin: 322.48309
Iteracoes: 10000
Iteracao otima: 9995
Tempo: 8.316 s

Qcal
[33](0,0,466.23024,428.51894,394.9854,365.27824,338.99453,315.78066,295.57206,280.7642,320.51347,373.77085,383.42957,360.78763,361.06004,356.03058,400.91662,468.53161,469.90742,489.9044,454.08048,422.29808,393.95698,368.78415,358.59804,359.34048,379.28722,408.18611,397.70972,448.15036,521.48513,619.09037,653.03107)
Rsolo
[33](0,74.7472,68.462606,63.397336,59.06632,55.461687,52.762023,50.670486,49.612072,56.87504,64.346907,66.808977,63.690103,64.845097,64.929906,70.186787,76.007506,75.860033,77.388846,71.066709,66.108781,61.885642,57.860888,57.958919,59.746665,63.63864,67.818245,66.697359,72.038307,77.794058,83.460374,84.67532,75.851738)
Rsub
[33](0,122.76441,126.20953,128.60749,130.25562,131.32989,131.97394,132.32388,132.46277,132.5004,133.30047,135.05803,137.16313,138.81032,140.6117,142.41645,145.00614,148.56563,152.08168,155.85606,158.52228,160.41069,161.70067,162.47612,163.25958,164.25917,165.7682,167.8764,169.80625,172.56416,176.31373,181.13848,186.18775)
Rsup
[33](0,10.287677,8.9559432,7.7966014,6.7873358,5.908719,5.144105,4.4863499,4.0087694,5.2754231,6.9445248,7.1870003,6.3860554,6.3332171,6.105481,7.4699959,9.5302766,9.4412056,9.9477997,8.6639768,7.5504783,6.5758167,5.7245809,5.3706633,5.3650826,5.9640736,6.8296216,6.4166604,7.9537019,10.190168,13.163855,14.066389,12.245503)
Peso chuva 
[33](0.5,0.5,2,2,2,1.8697397,0.5,0.57395059,0.5,1.3099983,1.2843195,0.83466056,0.5,1.6617819,2,1.86981,1.9356897,1.1275253,2,2,2,1.9426074,2,2,2,2,2,2,1.4015352,0.91986934,0.89393713,0.67754683,1)
Previsao ETA40_LIMITES
[13] (0,0,0.099090909,0.5,4.1,10.039091,11.916364,3.1081818,0.34272727,2.5154545,3.2620909,3.2620909,3.2620909)
Previsao PMEDIA_ORIG
[13] (0.3,3,4,3.7,6.7,10.8,10.1,8.9,4.1,3.5,3.4,5.5,5.3333333)
Previsao PRECMEDIA_ETA40.GEFS
[13] (0.3,1.34,2.73,2.01,4.7,9.27,8.31,7.42,5.66,3.01,4.475,4.475,4.475)
Previsao PRECZERADA_ETA40
[13] (0,0,0,0,0,0,0,0,0,0,0,0,0)


Sub bacia: Camargos
cef: 0.85223847
dm: 0.15229979
ebin: 52.987713
mape: 0.036901987
*somacoef: 1.8153365
supin: 60.895662
Iteracoes: 10000
Iteracao otima: 9752
Tempo: 8.451 s

Qcal
[33](0,0,113.88337,106.92774,100.32549,94.477074,89.293355,84.69879,80.651085,77.129596,82.139868,93.355717,113.55334,136.30291,131.46811,129.78333,123.9739,123.14467,116.8443,114.17841,130.01014,123.88389,116.5329,109.52002,107.773,104.00981,103.21277,104.47987,99.437879,94.389787,112.68751,122.24204,115.98338)
Rsolo
[33](0,45.29,41.588675,39.558108,37.626683,35.78956,34.811716,33.876714,33.103217,37.459586,43.900654,51.302298,54.537198,48.33241,48.018483,45.514839,46.954672,44.30835,45.149566,51.253284,46.153881,41.918856,40.864651,43.002438,43.073993,44.74567,46.4008,42.239089,40.124035,48.279158,50.788642,44.738079,41.192551)
Rsub
[33](0,158.1493,158.91022,158.1776,157.44835,156.72246,155.99992,155.28071,154.56481,153.85222,153.14291,153.27127,157.33694,163.449,165.75605,167.88185,168.70763,170.25629,170.49414,171.13013,175.08377,176.19376,175.38145,174.57288,174.19912,173.85862,174.28564,175.52414,174.8159,174.00994,176.23923,179.89034,180.28595)
Rsup
[33](0,7.0766194,6.2386858,5.4999708,4.8487262,4.2745946,3.7687978,3.3264213,2.9450666,3.5550502,4.8860493,7.2281951,9.7135993,8.9137752,8.6281627,7.8702856,7.7417688,6.949312,6.6302512,8.4452763,7.5794144,6.6819454,5.8986138,5.7270769,5.304313,5.2249476,5.3555698,4.7214235,4.1623656,6.3201045,7.3436284,6.4741579,5.707561)
Peso chuva 
[33](2,2,2,1.9477515,2,0.52967228,1.0699738,0.5,0.5,1.0223485,0.77836044,0.55942976,1.2658739,2,0.90520389,1.1198299,2,2,0.88463775,1.8057592,2,2,2,1.2355149,2,2,2,0.5,0.5,0.67532274,0.63016488,0.5,1)
Previsao ETA40_LIMITES
[13] (2.462,7.18,6.838,3.218,9.316,8.798,31,12.776,3.546,1.118,8.6252,8.6252,8.6252)
Previsao PMEDIA_ORIG
[13] (1.7,4.3,6.1,5.2,7.9,17.2,19.6,10.3,3.2,3.7,2.5,7.5,7.4333333)
Previsao PRECMEDIA_ETA40.GEFS
[13] (2.53,5.44,11.74,11.5,11.54,24.06,28.75,18.42,5.18,4.57,12.373,12.373,12.373)
Previsao PRECZERADA_ETA40
[13] (0,0,0,0,0,0,0,0,0,0,0,0,0)


Sub bacia: CAPESCURO
cef: 0.99721026
dm: 0.013311145
ebin: 53.883069
mape: 0.013015526
*somacoef: 1.9841947
supin: 9.7374196
Iteracoes: 10000
Iteracao otima: 9960
Tempo: 8.812 s

Qcal
[33](0,0,63.620489,61.895141,60.336975,58.924833,57.640293,56.467314,56.010025,76.23385,115.17367,117.6265,116.03117,111.26322,106.85029,104.81607,107.06551,108.62749,106.83819,104.35991,100.54275,96.657393,92.691868,89.165946,86.023356,90.668717,103.8002,113.01749,120.71418,126.77313,141.63739,160.95755,173.51105)
Rsolo
[33](0,108.912,106.8373,105.30812,104.04764,102.33186,100.41614,100.45344,114.56428,131.55083,123.93495,119.50512,114.1658,113.46783,115.54881,119.27007,119.73893,116.29243,114.52613,111.1015,110.38686,108.20572,106.0654,104.68654,111.8993,122.57615,124.66006,124.72801,124.13356,128.18879,131.15079,129.98209,116.64127)
Rsub
[33](0,91.372863,90.584597,89.803132,89.028408,88.260368,87.498953,86.744107,85.995773,87.241718,98.082464,104.22571,107.86035,108.7212,109.23369,110.77026,114.22271,117.89663,119.73474,120.67075,119.95448,118.91964,117.89373,116.87667,115.86839,115.56785,120.78963,127.1545,133.50382,139.45541,147.75369,157.81854,167.06255)
Rsup
[33](0,1.100434,0.95798348,0.83397306,0.72601572,0.63203339,0.55021702,0.54884368,2.8842266,7.2018156,6.7565504,6.1668566,5.3858019,4.8297236,4.5656798,4.7174895,4.6639287,4.2168767,3.8143078,3.3205478,2.9291952,2.5500125,2.2199148,1.9325481,2.5247195,4.028748,4.7224068,5.1680407,5.4296303,6.7128201,8.3431845,9.0911138,7.9142742)
Peso chuva 
[33](2,1.7102335,0.5,0.5,0.5,0.5,0.5364692,1.7908517,1.1351457,1.641217,0.5,0.5,0.5,0.5,0.724917,0.68521262,1.4787783,2,1.1846681,0.5,1.7404667,0.5,1.3784693,1.9113638,1.2282665,1.2182326,0.85261567,0.85244667,0.97489809,0.53389365,0.94150136,1.6398774,1)
Previsao ETA40_LIMITES
[13] (0,1.325,2.935,1.1125,1.845,13.9025,18.4725,3.435,0.7475,0.1925,4.39675,4.39675,4.39675)
Previsao PMEDIA_ORIG
[13] (0.1,5.5,6.7,3.7,5.3,14.9,18,13.1,4.6,2.1,2.5,6.4,6.9083333)
Previsao PRECMEDIA_ETA40.GEFS
[13] (0.62,3.39,5.6,2.38,3.39,12.56,15.49,11.25,4.42,1.52,6.062,6.062,6.062)
Previsao PRECZERADA_ETA40
[13] (0,0,0,0,0,0,0,0,0,0,0,0,0)


Sub bacia: EDACUNHA
cef: 0.96618199
dm: 0.049784969
ebin: 55.432849
mape: 0.036536079
*somacoef: 1.9296459
supin: 0
Iteracoes: 10000
Iteracao otima: 9933
Tempo: 8.767 s

Qcal
[33](0,0,55.432849,55.16023,55.016505,54.610611,54.177902,55.784684,66.286743,98.680537,111.86701,113.08022,109.36401,100.95535,95.848626,109.08058,129.99672,135.74663,119.93921,105.73157,106.53606,107.47984,99.569684,91.153582,89.26275,85.644409,80.562326,80.434803,79.762995,102.74974,147.49985,146.05048,126.68255)
Rsolo
[33](0,35.742,34.399183,33.812083,33.088061,32.350363,32.51187,36.846296,45.447545,47.877664,47.060935,45.470576,42.726311,41.772516,45.781448,49.469022,49.197689,43.374796,39.579556,41.995537,43.278585,40.486329,37.822771,38.345424,37.368463,35.743826,36.535324,36.717709,43.739986,51.339193,49.022789,42.301532,37.850921)
Rsub
[33](0,142.13694,141.43247,140.3474,139.27064,138.20215,137.14186,136.0897,135.79737,139.08195,143.5844,147.62307,150.82822,152.7274,154.19733,157.50546,162.73623,167.77547,169.83561,170.28085,171.71166,173.69797,174.47287,174.22714,174.17267,173.7685,172.82194,172.14266,171.53005,173.72847,179.9131,184.72365,186.17615)
Rsup
[33](0,0,0.00014244442,0.018911729,0.019854415,0.018779697,0.15447239,0.88740198,3.0707838,3.8704152,3.8339627,3.4785752,2.8298526,2.4371131,3.2873321,4.6055082,4.8546853,3.6609843,2.6527666,2.6951375,2.7210475,2.1377337,1.5521698,1.4316089,1.1900103,0.85925982,0.87548898,0.84816022,2.4081081,5.3561577,5.0968102,3.6699589,2.5950528)
Peso chuva 
[33](0.5,2,0.5,0.5,0.5,0.89125486,2,2,0.68498302,0.6116909,0.73428103,2,1.8177799,1.3201936,1.2411184,0.82219558,0.89978751,0.87806375,2,1.6300675,1.7501375,2,2,2,1.9376097,2,2,2,1.1420232,0.92177547,0.65948585,0.5,1)
Previsao ETA40_LIMITES
[13] (0,1.14,4.28,4.2,6.82,29.72,30,3.58,0,0,7.974,7.974,7.974)
Previsao PMEDIA_ORIG
[13] (0.3,3.1,7,3.6,4.3,17.1,15.5,11,1.9,1.6,1.7,7.2,6.1916667)
Previsao PRECMEDIA_ETA40.GEFS
[13] (0.47,2.65,7.73,4.47,5.31,18.76,17.29,10.62,2.4,1.25,7.095,7.095,7.095)
Previsao PRECZERADA_ETA40
[13] (0,0,0,0,0,0,0,0,0,0,0,0,0)


Sub bacia: FUNIL MG
cef: 0.99717582
dm: 0.016651467
ebin: 33.328238
mape: 0.016410221
*somacoef: 1.9807656
supin: 126.49968
Iteracoes: 10000
Iteracao otima: 9769
Tempo: 8.35 s

Qcal
[33](0,0,159.82792,139.88308,122.46494,107.85557,95.597766,85.308753,89.893277,101.22806,127.11342,179.77777,271.14648,301.07928,266.43528,240.53007,212.08913,186.05436,173.29472,177.26943,172.81183,180.51558,161.93344,150.4549,155.73935,140.64929,142.28971,157.26321,153.73539,139.68042,166.80965,349.83616,414.25919)
Rsolo
[33](0,60.525,56.513363,54.122441,51.832672,49.639777,47.988495,51.489844,56.478401,63.73365,70.210357,74.994629,72.372613,63.190164,61.728796,59.00011,56.809858,58.882312,63.28924,63.405237,65.476823,58.532223,58.859035,62.712925,57.967777,61.253338,64.990287,63.140453,58.455469,65.462006,78.34689,75.421954,61.178757)
Rsub
[33](0,59.242977,60.404283,60.094937,59.787174,59.480988,59.176371,58.873313,58.571807,58.271845,61.151766,67.977781,78.125675,86.336531,88.770878,90.404567,90.649634,90.185394,90.37468,92.84302,95.36293,99.052927,99.028997,99.161775,101.26928,100.96758,102.28974,105.66025,107.96826,107.86215,111.47943,123.97483,134.15359)
Rsup
[33](0,7.0721665,5.9205942,4.9565343,4.1494539,3.4737916,2.9081485,3.1739853,3.8171568,5.2737534,8.1274611,13.020888,14.375164,12.180094,10.655258,9.0138406,7.5506178,6.8518706,7.0681299,6.7412883,7.0927242,5.9378045,5.2968313,5.5880906,4.6781728,4.7793721,5.574906,5.2716704,4.4133153,5.9333556,16.051976,19.260652,16.124409)
Peso chuva 
[33](1.42766,0.69782405,0.64726405,0.5,0.5,0.5,0.77281158,0.89795289,0.80746936,1.2788844,1.4050996,1.4528056,0.9537952,0.5,2,1.294543,0.60562553,1.2133362,1.3132768,0.86953865,2,0.6048464,1.9999845,1.8807424,0.5,1.1304097,0.9175229,1.4281009,0.50697987,0.76307312,1.1729916,1.5630123,1)
Previsao ETA40_LIMITES
[13] (3.196,7.206,6.418,4.944,10.586,2.106,23.164,16.244,1.806,1.634,7.7304,7.7304,7.7304)
Previsao PMEDIA_ORIG
[13] (2.9,5.3,6.3,7.4,8.2,17.5,14.3,15.8,6.1,2.8,2.9,6.5,8)
Previsao PRECMEDIA_ETA40.GEFS
[13] (2.4,7.46,11.29,9.88,9.46,15.24,19.63,18.96,7.58,3.18,10.508,10.508,10.508)
Previsao PRECZERADA_ETA40
[13] (0,0,0,0,0,0,0,0,0,0,0,0,0)


Sub bacia: FURNAS
cef: 0.97241388
dm: 0.048952257
ebin: 95.016
mape: 0.040439205
*somacoef: 1.9319747
supin: 141.51695
Iteracoes: 10000
Iteracao otima: 9943
Tempo: 8.738 s

Qcal
[33](0,0,236.53295,223.33448,209.99327,197.95584,187.09053,178.28986,173.21388,211.96513,240.70025,288.33718,411.33486,443.56873,447.84163,435.69844,409.92286,387.88919,361.67771,364.06084,397.84124,394.92895,374.55513,359.11763,348.24451,354.88377,342.64474,352.20565,344.95867,354.38001,371.74014,500.48491,718.2601)
Rsolo
[33](0,40.256,36.898223,35.407579,33.798628,32.069704,31.442748,31.251087,37.215691,42.069995,45.581768,50.256884,47.141512,44.859858,42.605964,39.572306,38.58821,37.048087,40.503319,44.820256,43.035355,39.787638,39.174873,39.528952,41.905858,40.045063,42.31905,40.987769,42.619036,43.969187,50.342435,53.694325,39.999793)
Rsub
[33](0,81.079802,82.031965,81.626825,81.223685,80.822536,80.423368,80.026172,79.630938,79.237655,81.157688,85.144388,92.325604,97.272326,100.72895,102.84094,103.34436,103.37339,102.86284,103.83359,107.23345,109.55701,110.13356,110.40764,110.85242,112.52637,113.21676,115.10666,116.26822,118.31082,121.12465,128.19177,137.85175)
Rsup
[33](0,5.8963799,5.2999669,4.7638804,4.2820185,3.8488965,3.5017017,3.3096024,4.9434923,6.1599591,8.051028,12.981133,13.973537,13.910035,13.235306,12.05823,11.115605,10.022072,10.146295,11.506375,11.219027,10.256688,9.585325,9.1189082,9.3738193,8.7821393,9.14679,8.7525626,9.0883917,9.7119769,14.938806,23.667459,21.273518)
Peso chuva 
[33](2,0.5,2,2,2,1.9301259,2,2,1.0938692,0.81985463,0.96784477,1.7618642,2,2,2,2,2,2,2,2,2,2,2,1.4230308,1.9012686,1.3492727,1.4396712,2,1.3519756,0.5,0.8887754,1.695113,1)
Previsao ETA40_LIMITES
[13] (0.3975,5.08,1.46,4.7658333,6.1175,9.1508333,25.8625,5.1583333,1.4758333,0.050833333,5.9519167,5.9519167,5.9519167)
Previsao PMEDIA_ORIG
[13] (0.3,4.3,7.5,5.3,6.6,15,11.6,9.7,3.8,1.5,2.1,5.3,6.0833333)
Previsao PRECMEDIA_ETA40.GEFS
[13] (0.98,5.79,8.68,7.4,7.15,15.76,18.07,12.55,4.8,1.82,8.3,8.3,8.3)
Previsao PRECZERADA_ETA40
[13] (0,0,0,0,0,0,0,0,0,0,0,0,0)


Sub bacia: MARIMBONDO
cef: 0.98018253
dm: 0.026826238
ebin: 133.41471
mape: 0.018080788
*somacoef: 1.9621017
supin: 12.064435
Iteracoes: 10000
Iteracao otima: 9883
Tempo: 8.65 s

Qcal
[33](0,0,145.47915,143.30839,141.07009,139.08504,137.41119,135.9553,134.91835,143.4289,161.83232,220.98853,269.26808,296.22497,319.97827,340.82397,363.71758,428.02988,408.2547,375.60389,346.7,321.19859,298.24977,278.67556,277.2626,272.79489,274.96408,266.6021,255.29083,251.56191,262.56228,298.24987,312.95287)
Rsolo
[33](0,77.112,75.774545,74.764318,73.758369,72.866209,71.994046,71.289492,74.074166,79.74788,90.374607,96.0615,97.066386,97.572822,97.811763,98.501173,103.38832,96.00698,87.967719,83.403466,80.402741,77.446564,75.534017,79.772179,81.412029,83.857707,81.94376,79.317639,79.855184,83.941879,90.663726,91.885723,84.269956)
Rsub
[33](0,149.61416,149.50181,148.97969,148.4071,147.83671,147.26852,146.7025,146.13867,145.57699,146.33012,151.06632,158.28556,165.94571,173.81565,181.76893,190.02187,200.69228,207.69559,211.21463,212.98553,213.6993,213.44546,212.6251,213.12863,214.18714,216.11184,217.34405,217.67885,218.19062,220.13073,224.70425,229.77882)
Rsup
[33](0,0.28942124,0.23974915,0.19722233,0.16185052,0.13389744,0.11112623,0.09835842,0.31458486,0.76809146,2.1711154,3.2280061,3.7202566,4.1262223,4.4579476,4.8370191,6.2032986,5.5006366,4.5675401,3.798867,3.1492144,2.5834119,2.1192641,2.102917,1.984967,2.014361,1.772587,1.4748742,1.3782569,1.6312034,2.4458322,2.7007141,2.2154912)
Peso chuva 
[33](2,1.9571385,1.5976115,0.79238705,1.0046566,1.313855,0.5,0.5,0.5,0.55272135,0.88864267,1.1659478,1.6295799,1.9388685,1.552733,1.1088679,1.9437123,2,2,2,2,1.8715784,1.5726574,1.5035815,1.0184183,1.1417199,1.2741795,0.59999407,0.8584468,0.52296526,0.75982067,0.82750149,1)
Previsao ETA40_LIMITES
[13] (0,0.058,1.929,1.179,3.988,13.218,19.398,3.901,0.306,0.174,4.4151,4.4151,4.4151)
Previsao PMEDIA_ORIG
[13] (0.2,2.6,5.9,2.8,6,12.9,15.2,10.3,4.1,2.2,2.4,5.8,5.8666667)
Previsao PRECMEDIA_ETA40.GEFS
[13] (0.31,1.44,4.17,1.99,4.2,10.53,12.78,8.67,4.6,1.61,5.03,5.03,5.03)
Previsao PRECZERADA_ETA40
[13] (0,0,0,0,0,0,0,0,0,0,0,0,0)


Sub bacia: PARAGUACU
cef: 0.94741553
dm: 0.058254587
ebin: 25.352
mape: 0.025069307
*somacoef: 1.9223462
supin: 104.63271
Iteracoes: 10000
Iteracao otima: 9928
Tempo: 8.619 s

Qcal
[33](0,0,129.98471,118.75053,107.6972,97.937833,89.319276,82.083548,89.139139,100.13006,103.386,125.37337,147.74268,185.94376,181.31511,184.15094,189.00811,193.66529,178.72878,164.1744,165.76589,200.978,196.86844,181.99889,167.29639,154.40364,144.83054,134.26308,126.4247,120.2951,129.32329,136.99594,145.00076)
Rsolo
[33](0,61.8815,57.141431,54.981286,52.9487,50.970084,50.49133,55.610204,61.493159,63.037288,67.141289,68.411828,70.731821,65.159114,65.724508,66.247077,66.371954,59.842265,57.96007,62.71976,69.364782,65.145586,59.020876,57.214487,56.682238,57.225131,56.479341,56.619385,57.305106,62.730758,64.500659,65.173479,58.193071)
Rsub
[33](0,46.680327,48.807467,48.566416,48.326555,48.087879,47.850382,47.614058,47.378901,49.280139,52.07202,57.44379,63.651374,71.475366,75.462024,79.789781,84.434569,89.137987,89.91659,89.704384,92.108151,98.809751,102.65284,102.92641,102.41808,101.91225,101.40893,100.90809,100.40972,99.913817,102.27366,105.69505,109.5218)
Rsup
[33](0,8.0357816,7.0842748,6.2454347,5.5059206,4.8539715,4.3081743,4.8599,5.7138103,5.8845658,7.4567443,8.9506489,11.62557,10.943753,10.995261,11.187781,11.351719,10.008417,8.8581665,8.9892441,11.59327,10.998133,9.6958579,8.5552971,7.5863374,6.8722225,6.0816361,5.5005393,5.0505737,5.7646222,6.2554519,6.7275158,5.9309191)
Peso chuva 
[33](2,1.9757302,0.64531209,2,2,1.8057998,0.93782712,1.3330451,1.2150325,1.3282567,1.4739682,1.4332714,1.7450227,2,2,1.6681295,2,2,1.3104403,1.6466393,1.9135698,1.419585,1.9857213,1.1137909,1.004959,2,2,2,2,2,1.0254267,1.2467028,1)
Previsao ETA40_LIMITES
[13] (0,1.83,2.972,5.052,7.666,24.088,28.002,2.394,1.408,2.912,7.6324,7.6324,7.6324)
Previsao PMEDIA_ORIG
[13] (0.2,2.6,9.2,3.7,3.7,11.4,13.2,8,2.3,1.5,2.4,7.1,5.4416667)
Previsao PRECMEDIA_ETA40.GEFS
[13] (0.45,2.94,9.84,5.34,6.31,17.87,21.46,9.95,3.31,2.25,7.972,7.972,7.972)
Previsao PRECZERADA_ETA40
[13] (0,0,0,0,0,0,0,0,0,0,0,0,0)


Sub bacia: PASSAGEM
cef: 0.9917371
dm: 0.016871748
ebin: 56.112886
mape: 0.014709874
*somacoef: 1.9770272
supin: 28.872693
Iteracoes: 10000
Iteracao otima: 9843
Tempo: 8.828 s

Qcal
[33](0,0,84.985578,80.568832,76.919648,73.638053,70.758506,68.210042,77.410426,86.375035,120.74202,153.56731,200.21597,215.87195,222.89805,219.46041,252.42085,286.2102,296.2327,318.46145,329.71366,324.1576,318.48296,282.0994,251.34118,228.28694,213.98004,207.24308,201.22707,183.66921,180.51074,199.1309,208.99994)
Rsolo
[33](0,83.565,81.350845,79.788902,78.155021,75.998351,74.281188,76.458323,78.733221,84.531009,89.947095,96.128225,99.356277,101.46065,102.18996,105.92159,109.29531,110.76384,112.82032,113.96318,113.79001,113.5403,107.6766,103.29356,100.73048,99.502879,99.373708,99.176847,95.309632,95.453775,98.329862,100.13932,95.822689)
Rsub
[33](0,58.957539,59.143515,59.195847,59.158224,59.030439,58.789481,58.49913,58.284548,58.192644,58.442352,59.050014,60.11239,61.428805,62.91523,64.456863,66.322032,68.493357,70.795975,73.290927,75.889202,78.45701,80.986776,82.932467,84.471241,85.781949,86.983692,88.168833,89.331906,90.181181,91.037386,92.117117,93.340457)
Rsup
[33](0,0.94168756,0.79186169,0.6712185,0.56535662,0.47540636,0.3997675,0.70885243,1.0078956,2.1316331,3.194484,4.6970747,5.1747195,5.3630133,5.2047533,6.2319089,7.2760561,7.5355406,8.1890579,8.4786037,8.2167375,7.9519497,6.686766,5.6231844,4.8235011,4.3161929,4.0591619,3.8261599,3.2174042,3.0880271,3.6687489,3.9571128,3.3275219)
Peso chuva 
[33](0.59621477,1.9468876,0.80156989,1.692101,1.360525,2,2,2,2,0.70856721,0.81811862,0.72438621,1.6090714,1.3747351,1.3714464,0.90481043,0.66611458,0.67751821,1.8556187,1.4185078,1.1278536,1.1634493,1.6304102,0.50686612,0.5,0.5,0.81672139,1.7506531,1.9845549,2,0.9239771,0.80930111,1)
Previsao ETA40_LIMITES
[13] (0,0.046666667,5.02,2.4644444,9.0788889,22.378889,29.317778,1.9455556,0.023333333,1.2622222,7.1537778,7.1537778,7.1537778)
Previsao PMEDIA_ORIG
[13] (0,0.9,6.6,3.2,5.2,16.2,16,10,2.8,1.6,2.4,6.8,5.975)
Previsao PRECMEDIA_ETA40.GEFS
[13] (0.16,1.13,7.59,3.68,8.07,16.85,18.8,11,3.71,1.74,7.273,7.273,7.273)
Previsao PRECZERADA_ETA40
[13] (0,0,0,0,0,0,0,0,0,0,0,0,0)


Sub bacia: PBUENOS
cef: 0.75219075
dm: 0.25326792
ebin: 37.74
mape: 0.052299265
*somacoef: 1.6998915
supin: 58.86851
Iteracoes: 10000
Iteracao otima: 9384
Tempo: 8.319 s

Qcal
[33](0,0,96.60851,88.988229,81.339892,74.533903,68.782484,69.005575,71.426732,104.03189,110.37516,107.95763,106.1254,102.09358,131.51988,133.62655,140.00017,132.96998,121.86258,120.01587,121.02671,115.08125,106.03782,98.021327,95.479861,102.46908,105.39235,106.1675,109.45493,115.1622,120.02162,115.27073,119.99986)
Rsolo
[33](0,57.09,48.912428,45.75872,43.959321,42.244367,44.555974,47.517862,56.477083,55.741688,53.252342,52.481035,51.175101,58.021248,55.964341,56.397623,53.051246,49.418145,51.376705,52.923528,50.953532,48.014217,46.536182,48.198022,52.145867,52.855544,52.520652,53.202165,54.214838,54.522049,51.534477,53.490378,47.446948)
Rsub
[33](0,111.10097,116.24067,116.91087,116.37187,115.83536,115.30132,114.76974,114.80991,119.55714,123.84112,126.6843,129.09693,130.81631,136.44851,140.78721,145.36651,148.00057,148.76402,150.496,153.03701,154.53336,154.61281,154.04222,154.20749,156.31521,158.79256,161.07834,163.72236,166.91776,170.27308,171.98724,174.73946)
Rsup
[33](0,5.0216933,4.2227239,3.5508734,2.9859167,2.5108467,2.5453518,2.7672885,5.5474604,5.9510045,5.6206443,5.3819621,4.9681226,7.4284686,7.4449721,7.8629429,7.1305488,6.1067207,5.9270682,5.9631089,5.3823094,4.5675127,3.8813756,3.6811134,4.2725294,4.4608198,4.4551573,4.6693516,5.0795872,5.4015199,4.8990254,5.252766,4.4170321)
Peso chuva 
[33](1.9559395,2,0.5,2,2,1.9065588,1.9976992,2,1.4966337,0.9044122,0.5,0.5,0.5,1.4024019,1.1136717,1.1581085,0.58946765,0.5,0.63216246,0.59350752,0.5,0.5,1.2570506,1.4601077,2,2,2,2,1.6703216,1.0080774,0.5,0.90177321,1)
Previsao ETA40_LIMITES
[13] (0.015,2.5,2.225,5.0825,4.6275,14.215,32.0025,3.9125,1.17,0.0625,6.58125,6.58125,6.58125)
Previsao PMEDIA_ORIG
[13] (0.1,1.6,6.8,10.4,7.7,20.5,24.3,11.2,3.1,4.2,3.4,7.6,8.4083333)
Previsao PRECMEDIA_ETA40.GEFS
[13] (0.32,1.87,9.29,13.84,12.95,27.23,30.91,14.81,3.93,4.87,12.002,12.002,12.002)
Previsao PRECZERADA_ETA40
[13] (0,0,0,0,0,0,0,0,0,0,0,0,0)


Sub bacia: PCOLOMBIA
cef: 0.99846629
dm: 0.012965081
ebin: 84.768
mape: 0.012874046
*somacoef: 1.9855922
supin: 214.8194
Iteracoes: 10000
Iteracao otima: 9957
Tempo: 8.707 s

Qcal
[33](0,0,299.5874,283.06337,266.1346,250.6551,236.31074,223.1123,251.6538,309.00933,411.19518,444.40251,457.62513,442.79981,422.87921,429.24956,440.70162,446.35549,426.0317,417.28968,396.20453,374.46263,354.12399,388.57191,450.90897,488.65392,477.38113,512.49327,515.30975,642.56116,1208.7236,1469.6505,1429.5933)
Rsolo
[33](0,51.0485,47.73452,46.152337,44.777315,42.651327,40.46183,47.907135,57.917704,64.687452,61.203111,58.810672,53.383112,50.679221,54.830041,56.897382,56.691293,50.752527,52.056871,48.837357,46.108641,43.870648,52.494968,60.768245,61.10257,54.432238,59.530505,57.26819,66.445089,78.146597,71.50188,61.707881,51.148117)
Rsub
[33](0,54.702037,55.544242,55.16057,54.779548,54.401158,54.025382,53.652201,53.281598,57.757341,66.576317,72.983489,77.854482,79.676288,80.17442,82.734027,86.416181,89.955898,90.416891,91.492953,91.089166,90.459967,89.835114,91.129488,97.088475,103.22018,105.40972,110.49515,114.19792,123.89303,143.31906,156.75498,162.86674)
Rsup
[33](0,11.537436,10.579876,9.7026041,8.9029483,8.1640396,7.4864573,9.0504116,12.161684,17.277339,18.326849,18.503754,17.302124,16.080612,16.38129,16.783325,16.780526,15.394384,14.886504,13.664514,12.530414,11.490441,13.392561,16.632808,18.16405,17.048292,18.751853,18.479874,25.006072,54.60641,67.003396,63.733789,58.444142)
Peso chuva 
[33](0.5,1.8803936,2,0.92552463,1.7451707,2,2,1.481305,0.82542466,1.1805052,1.0600397,0.85735233,1.3081506,0.69380379,1.6156062,1.0082766,2,2,2,2,0.5,0.5,2,1.7417492,0.83186922,0.5,1.2164973,1.0198776,1.9897554,1.2532498,1.0266633,2,1)
Previsao ETA40_LIMITES
[13] (0.023,3.526,1.524,1.833,1.975,10.12,20.441,4.66,1.135,0.106,4.5343,4.5343,4.5343)
Previsao PMEDIA_ORIG
[13] (0.4,7.4,6.7,3.9,5.1,13.8,17.4,13,7.4,1.7,2.5,5.7,7.0833333)
Previsao PRECMEDIA_ETA40.GEFS
[13] (1.17,6.68,5.76,3.26,3.85,11.06,15.3,12.44,6.89,1.47,6.788,6.788,6.788)
Previsao PRECZERADA_ETA40
[13] (0,0,0,0,0,0,0,0,0,0,0,0,0)


Tempo de execucao em: 96 s

Finalizando execucao: 27-01-2020 13:14:23

