02454034 03/02/2020 1100 7.8     
02454034 04/02/2020 1100 0.3     
02454034 05/02/2020 1100 0       
02454034 06/02/2020 1100 20.8    
02454034 07/02/2020 1100 0       
02454034 08/02/2020 1100 4       
02454034 09/02/2020 1100 0.3     
02454034 10/02/2020 1100 12.5    
02454034 11/02/2020 1100 0       
02454034 12/02/2020 1100 0       
02454034 13/02/2020 1100 0       
02454034 14/02/2020 1100 0       
02454034 15/02/2020 1100 0       
02454034 16/02/2020 1100 0       
02454034 17/02/2020 1100 2.3     
02454034 18/02/2020 1100 3.3     
02454034 19/02/2020 1100 2.8     
02454034 20/02/2020 1100 3.5     
02454034 21/02/2020 1100 0.3     
02454034 22/02/2020 1100 0       
02454034 23/02/2020 1100 0       
02454034 24/02/2020 1100 0       
02454034 25/02/2020 1100 0       
02454034 26/02/2020 1100 0.3     
02454034 27/02/2020 1100 2.3     
02454034 28/02/2020 1100 0       
02454034 29/02/2020 1100 0       
02454034 01/03/2020 1100 1.8     
02454034 02/03/2020 1100 0.5     
02454034 03/03/2020 1100 3       
02454034 04/03/2020 1100 0.3     
02454034 05/03/2020 1100 0       
02454034 06/03/2020 1100 0       
02454034 07/03/2020 1100 0       
02454034 08/03/2020 1100 20.5    
02454034 09/03/2020 1100 0       
02454034 10/03/2020 1100 0       
02454034 11/03/2020 1100 0       
02454034 12/03/2020 1100 0       
02454034 13/03/2020 1100 0       
02454034 14/03/2020 1100 0       
02454034 15/03/2020 1100 0       
02454034 16/03/2020 1100 0       
02454034 17/03/2020 1100 0       
02454034 18/03/2020 1100 0       
02454034 19/03/2020 1100 31.8    
02454034 20/03/2020 1100 15      
02454034 21/03/2020 1100 0.3     
02454034 22/03/2020 1100 0       
02454034 23/03/2020 1100 0       
02454034 24/03/2020 1100 0       
02454034 25/03/2020 1100 0.0