99990818 03/02/2020 1200 17.8    
99990818 04/02/2020 1200 0       
99990818 05/02/2020 1200 2       
99990818 06/02/2020 1200 14      
99990818 07/02/2020 1200 0       
99990818 08/02/2020 1200 0.2     
99990818 09/02/2020 1200 0       
99990818 10/02/2020 1200 0.4     
99990818 11/02/2020 1200 0       
99990818 12/02/2020 1200 0       
99990818 13/02/2020 1200 0       
99990818 14/02/2020 1200 0       
99990818 15/02/2020 1200 0       
99990818 16/02/2020 1200 0       
99990818 17/02/2020 1200 0       
99990818 18/02/2020 1200 0       
99990818 19/02/2020 1200 0       
99990818 20/02/2020 1200 4.4     
99990818 21/02/2020 1200 0       
99990818 22/02/2020 1200 0       
99990818 23/02/2020 1200 0       
99990818 24/02/2020 1200 0       
99990818 25/02/2020 1200 0.6     
99990818 26/02/2020 1200 12.2    
99990818 27/02/2020 1200 16.4    
99990818 28/02/2020 1200 0.2     
99990818 29/02/2020 1200 0       
99990818 01/03/2020 1200 0       
99990818 02/03/2020 1200 0       
99990818 03/03/2020 1200 0.4     
99990818 04/03/2020 1200 0       
99990818 05/03/2020 1200 0       
99990818 06/03/2020 1200 0       
99990818 07/03/2020 1200 0       
99990818 08/03/2020 1200 8.8     
99990818 09/03/2020 1200 0       
99990818 10/03/2020 1200 0       
99990818 11/03/2020 1200 0       
99990818 12/03/2020 1200 0       
99990818 13/03/2020 1200 0       
99990818 14/03/2020 1200 0       
99990818 15/03/2020 1200 0       
99990818 16/03/2020 1200 0       
99990818 17/03/2020 1200 0       
99990818 18/03/2020 1200 0       
99990818 19/03/2020 1200 10      
99990818 20/03/2020 1200 1.4     
99990818 21/03/2020 1200 1.4     
99990818 22/03/2020 1200 0.2     
99990818 23/03/2020 1200 0       
99990818 24/03/2020 1200 0       
99990818 25/03/2020 1200 0.0