99990703 03/02/2020 1200 8.4     
99990703 04/02/2020 1200 0.2     
99990703 05/02/2020 1200 10.8    
99990703 06/02/2020 1200 23      
99990703 07/02/2020 1200 3.4     
99990703 08/02/2020 1200 3       
99990703 09/02/2020 1200 1.8     
99990703 10/02/2020 1200 4.8     
99990703 11/02/2020 1200 5.4     
99990703 12/02/2020 1200 4.6     
99990703 13/02/2020 1200 0       
99990703 14/02/2020 1200 0       
99990703 15/02/2020 1200 0       
99990703 16/02/2020 1200 0       
99990703 17/02/2020 1200 0       
99990703 18/02/2020 1200 0       
99990703 19/02/2020 1200 0       
99990703 20/02/2020 1200 9.2     
99990703 21/02/2020 1200 48.8    
99990703 22/02/2020 1200 0       
99990703 23/02/2020 1200 0       
99990703 24/02/2020 1200 0       
99990703 25/02/2020 1200 0       
99990703 26/02/2020 1200 25.4    
99990703 27/02/2020 1200 0.2     
99990703 28/02/2020 1200 0       
99990703 29/02/2020 1200 0       
99990703 01/03/2020 1200 0       
99990703 02/03/2020 1200 13.6    
99990703 03/03/2020 1200 0       
99990703 04/03/2020 1200 0       
99990703 05/03/2020 1200 0       
99990703 06/03/2020 1200 0       
99990703 07/03/2020 1200 0       
99990703 08/03/2020 1200 0       
99990703 09/03/2020 1200 0       
99990703 10/03/2020 1200 0       
99990703 11/03/2020 1200 0       
99990703 12/03/2020 1200 0       
99990703 13/03/2020 1200 0       
99990703 14/03/2020 1200 0       
99990703 15/03/2020 1200 0       
99990703 16/03/2020 1200 0       
99990703 17/03/2020 1200 0.4     
99990703 18/03/2020 1200 0       
99990703 19/03/2020 1200 28      
99990703 20/03/2020 1200 26      
99990703 21/03/2020 1200 0.4     
99990703 22/03/2020 1200 0       
99990703 23/03/2020 1200 0       
99990703 24/03/2020 1200 0       
99990703 25/03/2020 1200 0.0