ONS-Operador Nacional Do Sistema Eletrico
Modelo Computacional SMAP
Versao: 3.0.0 Data: 23/09/2019

Iniciando execucao: 11-02-2020 13:40:37

Parametros
   Amplitude inicial: 0.5
   somacoef alvo: 2 (nao e necessario multiplicar por 100)
   Limite de iteracoes: 10000
   Particulas: 24
   Pulso inicial: 0.1
   Uso de pesos: on
   Gerar graficos: off
   Semente: 9952

Sub bacia: CanoasI
cef: 0.99946447
dm: 0.0064064372
ebin: 63.977495
mape: 0.0063840148
*somacoef: 1.9930805
supin: 51.137052
Iteracoes: 10000
Iteracao otima: 9827
Tempo: 9.361 s

Qcal
[34](0,0,0,115.11455,106.67487,116.33106,133.4235,139.29993,124.64027,124.24191,116.32203,105.1231,96.201033,89.086488,83.406661,78.894635,80.772272,84.888042,82.952771,78.374559,74.708331,71.766029,69.646294,81.430252,103.68236,133.10504,163.27994,197.33983,207.59905,203.34861,195.63592,182.89814,167.64345,211.24738)
Rsolo
[34](0,0,329.85,328.92471,332.87205,338.41324,342.37864,340.72534,342.89116,342.74777,339.6188,336.26068,332.87628,329.07484,326.2888,326.66681,327.99507,327.40386,324.26261,321.05254,317.54973,315.3383,318.5653,324.44789,332.00991,340.38579,350.54789,353.14097,351.22849,349.57717,346.90773,344.92777,354.73903,342.78553)
Rsub
[34](0,0,157.84524,157.43599,157.02781,156.62068,156.21462,155.8096,155.40563,155.00272,154.60084,154.20001,153.80022,153.40146,153.00374,152.60705,152.21138,151.81675,151.42313,151.03054,150.63896,150.2484,149.85886,149.47032,149.08279,148.69626,148.31074,152.636,158.93843,163.75525,167.3035,168.83664,168.89763,176.39759)
Rsup
[34](0,0,1.5855955,1.3290516,1.6335887,2.1686868,2.3559993,1.9065406,1.8992656,1.6587594,1.3165671,1.04496,0.82938533,0.65828357,0.52337856,0.58658351,0.71917283,0.66412595,0.52711711,0.41837313,0.33206297,0.27124521,0.64152351,1.3363728,2.2535457,3.262272,4.6663992,4.8346641,4.3546072,3.8225326,3.1706459,2.6491802,4.390945,3.197842)
Peso chuva 
[34](2,0.51701138,0.5,0.78771378,1.0414129,1.1279284,2,1.2074468,1.1029561,0.92197404,0.5,0.56526594,0.5,1.7024548,0.5,0.85067959,1.2660996,1.9187184,0.5,0.5,0.5,0.5,0.5,0.64058867,0.95573347,0.84010649,0.81381692,1.0145264,1.4317712,1.2497322,0.82353107,1.1569157,0.8691897,1)
Previsao ETA40_LIMITES
[13] (1.2744444,1.3788889,0.0088888889,0.063333333,15.143333,10.098889,3.77,2.5644444,2.1144444,2.2944444,3.8711111,3.8711111,3.8711111)
Previsao PMEDIA_ORIG
[13] (1.3,1,0.2,0.3,2,4.7,3.6,4.5,5.2,3.5,3.3,1.7,2.6083333)
Previsao PRECMEDIA_ETA40.GEFS
[13] (1.59,0.91,0.26,0.23,5.94,4.24,4,4.8,5.41,3.3,3.068,3.068,3.068)
Previsao PRECZERADA_ETA40
[13] (0,0,0,0,0,0,0,0,0,0,0,0,0)


Sub bacia: Capivara
cef: 0.99374216
dm: 0.015520619
ebin: 152.08046
mape: 0.014203136
*somacoef: 1.979539
supin: 385.74308
Iteracoes: 10000
Iteracao otima: 9600
Tempo: 8.311 s

Qcal
[33](0,0,537.82354,536.45053,460.2682,459.05099,394.16822,322.93197,273.332,238.70391,214.43449,197.25815,184.97291,175.999,172.2696,178.07179,174.24118,168.79255,163.2418,158.95046,155.67361,153.10669,154.26176,187.7527,227.25955,254.47909,285.13868,383.12852,364.69363,297.00557,251.53592,239.02504,242.6)
Rsolo
[33](0,77.368,81.049811,80.850176,83.163661,81.880982,78.22743,75.192877,72.419061,69.954824,67.594787,65.022349,62.668857,61.566346,61.125653,60.171462,58.953261,57.42948,55.488806,53.563034,52.073052,51.216857,52.814794,55.832676,58.744102,62.249744,68.902547,71.147893,68.901693,67.360392,67.309946,68.305986,65.807938)
Rsub
[33](0,71.899229,72.23059,72.813816,73.378964,74.109414,74.740455,75.110838,75.280415,75.279199,75.136584,74.867711,74.471137,73.98575,73.503526,73.024446,72.548488,72.075632,71.605858,71.139146,70.675476,70.214828,69.757182,69.30252,68.85082,68.402065,67.956235,67.803644,67.777119,67.625649,67.393538,67.160327,66.98092)
Rsup
[33](0,3.888573,3.8676665,3.0872568,3.0629361,2.393295,1.6617259,1.1538243,0.80113201,0.5565043,0.38639517,0.26828405,0.18627647,0.15903116,0.22780377,0.1994037,0.1546262,0.10875308,0.075510042,0.052428553,0.036438791,0.05790496,0.40527637,0.81322903,1.0972534,1.4158931,2.4132088,2.2306253,1.5488456,1.0937079,0.97253834,1.0135493,0.70373318)
Peso chuva 
[33](2,1.8827376,2,0.83651863,1.2391071,0.92539798,0.5,0.73692997,0.5,0.5,1.9713681,0.92910167,0.5,1.7438549,1.3264893,0.70512159,0.87905702,2,1.9446788,1.1994696,1.6638927,0.74222559,1.3199777,1.1726173,0.86262134,0.68067722,1.0120571,1.3171368,0.5,0.84625068,2,1.675537,1)
Previsao ETA40_LIMITES
[13] (0.43133333,0.087333333,0.040666667,0.74133333,8.1473333,4.1773333,2.9573333,4.806,7.924,10.686,3.9998667,3.9998667,3.9998667)
Previsao PMEDIA_ORIG
[13] (0.9,1.6,0.8,0.7,4.3,3.5,3,3.7,5.4,3.4,2.8,2.5,2.7166667)
Previsao PRECMEDIA_ETA40.GEFS
[13] (1.04,1.08,0.59,0.55,4.09,3.54,3.11,3.86,5.42,3.43,2.671,2.671,2.671)
Previsao PRECZERADA_ETA40
[13] (0,0,0,0,0,0,0,0,0,0,0,0,0)


Sub bacia: Chavantes
cef: 0.86670109
dm: 0.14745123
ebin: 67.599439
mape: 0.063033851
*somacoef: 1.8036672
supin: 13.360337
Iteracoes: 10000
Iteracao otima: 9949
Tempo: 8.763 s

Qcal
[34](0,0,0,80.959777,97.882475,143.5419,139.94454,131.64245,111.13792,97.110428,89.653151,83.167953,77.713684,73.899695,71.22061,69.328308,69.203739,69.068471,67.61389,66.528467,65.707882,65.067819,64.567416,64.917157,71.654283,81.796385,92.527244,99.540995,132.92912,124.75929,105.5379,91.512897,83.331312,95.598353)
Rsolo
[34](0,0,133.6024,136.53304,142.92056,144.80169,145.56117,142.49321,139.78016,138.50614,136.86981,134.28904,131.78244,129.09874,127.03542,125.91302,124.8201,122.82427,120.56133,118.07573,115.97276,114.13473,112.99006,113.79047,115.99967,118.91089,121.68266,128.14534,130.20876,128.95824,127.15966,126.18081,129.15795,126.39933)
Rsub
[34](0,0,147.86936,147.27809,146.72234,146.6871,146.81344,147.0056,146.93311,146.63644,146.23843,145.71301,145.13036,144.55004,143.97204,143.39635,142.82296,142.25187,141.68306,141.11652,140.55225,139.99024,139.43047,138.87294,138.31764,137.76456,137.21369,136.66503,136.11856,135.57427,135.03216,134.49222,133.95444,133.41881)
Rsup
[34](0,0,0.36563569,0.83616089,2.0926869,1.9946779,1.7658916,1.202335,0.8193481,0.6189746,0.44647219,0.30377745,0.20668866,0.14062993,0.096074259,0.099867656,0.10333944,0.070676592,0.048088,0.032718835,0.022261732,0.015598498,0.032173275,0.22352519,0.50803404,0.80862777,1.0074668,1.9280724,1.7113234,1.1920965,0.81505324,0.59790103,0.94034447,0.63980568)
Peso chuva 
[34](2,0.5,0.85602541,1.178158,1.5992941,0.55141515,0.78279533,1.5148777,0.5,0.5,0.5,2,2,2,0.66117318,0.5,0.5,0.65858491,2,2,2,0.7659169,0.5,0.51355973,0.67391164,0.70830813,0.5,1.3146372,2,2,2,2,2,1)
Previsao ETA40_LIMITES
[13] (0.2525,0.58,0.09,0.1625,11.035,4.99,2.2925,3.2225,5.22,3.0975,3.09425,3.09425,3.09425)
Previsao PMEDIA_ORIG
[13] (0.5,0.6,0.3,0.2,2.6,4.4,3.4,4.1,4.4,2.5,3.2,1.9,2.3416667)
Previsao PRECMEDIA_ETA40.GEFS
[13] (0.78,0.77,0.29,0.2,4.62,4.32,3.8,4.84,5.6,3.05,2.827,2.827,2.827)
Previsao PRECZERADA_ETA40
[13] (0,0,0,0,0,0,0,0,0,0,0,0,0)


Sub bacia: Jurumirim
cef: 0.99758245
dm: 0.01124069
ebin: 86.487921
mape: 0.010977638
*somacoef: 1.9866048
supin: 69.473018
Iteracoes: 10000
Iteracao otima: 9898
Tempo: 9.059 s

Qcal
[34](0,0,0,155.96094,215.04115,229.42323,212.70788,198.84908,187.21819,173.91255,166.53472,165.62146,175.88937,190.47064,171.02663,156.24758,145.53596,141.5782,137.63018,131.56599,126.17112,121.94873,118.57643,115.85998,115.59433,120.28549,146.96219,198.231,310.00981,403.04393,459.69372,438.85808,378.08153,326.81478)
Rsolo
[34](0,0,54.024,59.360558,61.876702,61.366295,60.708823,59.921485,58.421494,57.54638,57.448635,58.619365,60.237249,57.354912,54.266649,52.312958,51.246983,50.156291,48.627213,46.816658,44.946815,43.146938,41.884584,41.245092,41.476641,45.027333,50.763418,59.468902,66.86424,72.172265,73.531038,71.175917,68.416411,63.85182)
Rsub
[34](0,0,53.838036,54.475238,55.554877,56.858482,58.103734,59.278017,60.371004,61.321706,62.189219,63.041638,63.988993,65.074222,65.896258,66.458916,66.867827,67.195547,67.443445,67.585419,67.609696,67.520828,67.331072,67.075736,66.78973,66.517662,66.441973,66.738417,67.732641,69.442867,71.732321,74.165499,76.302446,78.11313)
Rsup
[34](0,0,1.3855611,2.5434343,2.7956783,2.4205435,2.104249,1.8346614,1.5342775,1.3566757,1.3106677,1.4881392,1.7485941,1.3260358,1.0049472,0.77328919,0.68125514,0.59201667,0.46313092,0.3509876,0.26599886,0.20158944,0.15349241,0.15637504,0.25909826,0.79985171,1.8247753,4.0445801,5.8681871,6.9432097,6.454315,5.1642392,4.0733166,3.0869967)
Peso chuva 
[34](2,2,0.5,1.2279122,0.94831826,0.63895614,1.3569187,1.0724251,0.85348226,1.9679569,2,2,1.7113718,1.6289039,0.5,1.8906209,2,1.5332741,0.73529631,0.58522078,1.8095593,0.59104387,0.89114679,0.66883061,0.95264136,0.68844065,0.58293181,0.83775566,0.64146197,0.8339434,2,2,1.8629692,1)
Previsao ETA40_LIMITES
[13] (1.608,2.241,0.497,0.23,12.145,7.901,2.682,3.86,3.101,0.454,3.4719,3.4719,3.4719)
Previsao PMEDIA_ORIG
[13] (1.4,2,0.4,0.2,1.9,4.9,4.2,5.3,4.8,3.3,4,2.7,2.925)
Previsao PRECMEDIA_ETA40.GEFS
[13] (1.69,1.54,0.54,0.25,5.05,5.53,4.8,6.15,4.9,3.24,3.369,3.369,3.369)
Previsao PRECZERADA_ETA40
[13] (0,0,0,0,0,0,0,0,0,0,0,0,0)


Sub bacia: Maua
cef: 0.95751466
dm: 0.047533009
ebin: 30.832
mape: 0.021316262
*somacoef: 1.9361984
supin: 94.690277
Iteracoes: 10000
Iteracao otima: 9999
Tempo: 8.73 s

Qcal
[34](0,0,0,125.52228,149.96075,185.17827,182.18842,171.03077,164.01125,163.50471,158.87387,149.40228,140.6672,132.60102,125.1471,118.36119,112.00461,106.13419,100.694,95.644822,90.953533,86.595464,85.668241,89.921906,91.456612,110.24134,168.85187,159.67967,150.19202,142.26285,134.51024,132.15261,124.97639,118.47387)
Rsolo
[34](0,0,112.2093,119.97208,128.73956,130.20509,128.0301,127.54642,129.24726,129.38765,125.74555,122.10776,118.61249,115.25314,113.07839,110.55017,107.63092,104.71942,101.90888,99.413454,96.998426,97.484743,100.49259,102.31412,109.49454,122.18316,120.90231,118.49484,117.13508,115.38816,116.42579,114.11743,112.17437,109.22129)
Rsub
[34](0,0,15.060059,15.254453,15.570581,16.038427,16.528453,16.972121,17.401771,17.858078,18.311778,18.693259,19.006232,19.256634,19.449915,19.607131,19.724456,19.79814,19.830592,19.825388,19.788542,19.722694,19.663428,19.64199,19.644225,19.745622,20.047808,20.324591,20.55791,20.766339,20.944413,21.136972,21.290856,21.413154)
Rsup
[34](0,0,6.2477185,7.8339242,10.114894,9.8544252,9.0520443,8.5289613,8.4375028,8.0703194,7.3840926,6.7562163,6.1817289,5.6560907,5.182244,4.7415968,4.3384144,3.9695149,3.6319834,3.3231524,3.0405817,2.9882977,3.2769626,3.3811192,4.6202442,8.4737041,7.8276977,7.1643095,6.6096213,6.0699448,5.8903332,5.3908313,4.9410044,4.5208662)
Peso chuva 
[34](2,0.57464739,0.5,1.51231,1.0589304,2,2,2,0.5,1.5685962,0.5,0.5,0.5,0.5,0.5,0.5,0.5,0.5,0.5,0.74697323,0.59563666,1.8064369,0.81222482,1.8075379,1.377536,0.94867322,0.5,0.5,0.7945698,2,1.1329811,0.5,2,1)
Previsao ETA40_LIMITES
[13] (0.125,0.058,0.075,0.564,2.896,2.512,3.498,7.799,11.843,8.192,3.7562,3.7562,3.7562)
Previsao PMEDIA_ORIG
[13] (0.9,1.3,0.2,0.1,1.9,3.2,2.8,3.6,6.2,2.1,2.2,2.1,2.2166667)
Previsao PRECMEDIA_ETA40.GEFS
[13] (0.59,1.32,0.17,0.25,1.84,2.87,2.88,3.81,4,2.1,1.983,1.983,1.983)
Previsao PRECZERADA_ETA40
[13] (0,0,0,0,0,0,0,0,0,0,0,0,0)


Sub bacia: Rosana
cef: 0.99351452
dm: 0.01351808
ebin: 130.68429
mape: 0.011860733
*somacoef: 1.9816538
supin: 185.42223
Iteracoes: 10000
Iteracao otima: 9648
Tempo: 8.552 s

Qcal
[34](0,0,0,316.10652,310.6186,259.11183,288.77054,259.99903,225.10255,205.3507,212.67914,194.49956,168.64504,156.15332,150.28697,150.32308,174.70045,179.99824,169.76768,158.70535,153.40303,150.94005,149.86117,150.35095,154.61808,157.08002,208.23927,345.41973,323.37865,271.33067,230.8276,191.83155,172.51967,163.06185)
Rsolo
[34](0,0,191.4997,194.981,194.72066,198.21551,198.57532,197.02389,195.26564,195.25265,192.90616,187.13375,181.66489,176.36037,173.01862,173.24788,172.56144,169.98998,165.68224,161.32581,157.13272,153.37513,150.67271,148.8671,147.36347,152.35475,163.75543,169.2156,170.89242,170.72074,166.95247,162.89661,159.1464,155.27753)
Rsub
[34](0,0,253.54761,255.75735,258.12097,260.46595,262.96862,265.48148,267.91385,270.25706,272.59319,274.81438,276.76999,278.48409,279.97347,281.32469,282.68125,284.00692,285.22855,286.28333,287.17585,287.91817,288.53077,289.05261,289.51478,289.92797,290.50111,291.47008,292.64123,293.87394,295.09655,296.17161,297.09352,297.87863)
Rsup
[34](0,0,1.9921016,1.9209051,1.3544487,1.6601046,1.3371365,0.94830795,0.72263275,0.788391,0.58014071,0.29007035,0.14503518,0.072517589,0.064658141,0.31907641,0.36848173,0.25122783,0.12561392,0.062806958,0.031403479,0.01570174,0.017571518,0.060526152,0.084416935,0.63176328,2.102401,1.8602348,1.2945671,0.85259239,0.42686431,0.21343215,0.10671608,0.053358038)
Peso chuva 
[34](0.5252175,1.9263648,0.6965597,1.4272092,2,1.1248088,0.7916145,1.3733641,2,1.86296,2,0.5,0.5,1.9314682,2,1.0761389,0.94057661,1.7004494,0.5,0.5,1.9149309,0.5,0.5,0.62216895,0.54151091,0.73612862,0.70897834,0.55302898,0.90359546,1.2835374,0.5,0.5,2,1)
Previsao ETA40_LIMITES
[13] (0.27875,0.04875,0,1.07125,8.1125,1.1775,1.97,6.805,7.17875,16.3525,4.2995,4.2995,4.2995)
Previsao PMEDIA_ORIG
[13] (0.6,0.7,0.7,1.1,2.6,3.1,3.2,4.1,4.5,3.5,3.1,3,2.5166667)
Previsao PRECMEDIA_ETA40.GEFS
[13] (0.58,0.46,0.51,0.99,4.29,2.78,2.99,4.49,3.52,3.38,2.399,2.399,2.399)
Previsao PRECZERADA_ETA40
[13] (0,0,0,0,0,0,0,0,0,0,0,0,0)


Tempo de execucao em: 42 s

Finalizando execucao: 11-02-2020 13:41:32

