00083428 13/12/2019 1200 0.8     
00083428 14/12/2019 1200 0       
00083428 15/12/2019 1200 0       
00083428 16/12/2019 1200 0       
00083428 17/12/2019 1200 0       
00083428 18/12/2019 1200 0.9     
00083428 19/12/2019 1200 6       
00083428 20/12/2019 1200 1       
00083428 21/12/2019 1200 0       
00083428 22/12/2019 1200 0       
00083428 23/12/2019 1200 14      
00083428 24/12/2019 1200 14      
00083428 25/12/2019 1200 9       
00083428 26/12/2019 1200 3       
00083428 27/12/2019 1200 0       
00083428 28/12/2019 1200 0       
00083428 29/12/2019 1200 0       
00083428 30/12/2019 1200 0       
00083428 31/12/2019 1200 0       
00083428 01/01/2020 1200 0.2     
00083428 02/01/2020 1200 0       
00083428 03/01/2020 1200 17      
00083428 04/01/2020 1200 23      
00083428 05/01/2020 1200 19      
00083428 06/01/2020 1200 2       
00083428 07/01/2020 1200 0.1     
00083428 08/01/2020 1200 9       
00083428 09/01/2020 1200 0       
00083428 10/01/2020 1200 0       
00083428 11/01/2020 1200 0       
00083428 12/01/2020 1200 0       
00083428 13/01/2020 1200 0       
00083428 14/01/2020 1200 0       
00083428 15/01/2020 1200 0       
00083428 16/01/2020 1200 0       
00083428 17/01/2020 1200 0       
00083428 18/01/2020 1200 1       
00083428 19/01/2020 1200 0       
00083428 20/01/2020 1200 0       
00083428 21/01/2020 1200 8       
00083428 22/01/2020 1200 97      
00083428 23/01/2020 1200 65      
00083428 24/01/2020 1200 27      
00083428 25/01/2020 1200 14      
00083428 26/01/2020 1200 51      
00083428 27/01/2020 1200 4       
