00083583 13/12/2019 1200 20      
00083583 14/12/2019 1200 0       
00083583 15/12/2019 1200 0       
00083583 16/12/2019 1200 0       
00083583 17/12/2019 1200 0       
00083583 18/12/2019 1200 0       
00083583 19/12/2019 1200 0       
00083583 20/12/2019 1200 6       
00083583 21/12/2019 1200 0.1     
00083583 22/12/2019 1200 0       
00083583 23/12/2019 1200 13      
00083583 24/12/2019 1200 1       
00083583 25/12/2019 1200 14      
00083583 26/12/2019 1200 0       
00083583 27/12/2019 1200 0       
00083583 28/12/2019 1200 0       
00083583 29/12/2019 1200 0       
00083583 30/12/2019 1200 10      
00083583 31/12/2019 1200 0       
00083583 01/01/2020 1200 0       
00083583 02/01/2020 1200 78      
00083583 03/01/2020 1200 13      
00083583 04/01/2020 1200 74      
00083583 05/01/2020 1200 7       
00083583 06/01/2020 1200 0       
00083583 07/01/2020 1200 0.4     
00083583 08/01/2020 1200 24      
00083583 09/01/2020 1200 0       
00083583 10/01/2020 1200 20      
00083583 11/01/2020 1200 0       
00083583 12/01/2020 1200 0       
00083583 13/01/2020 1200 0       
00083583 14/01/2020 1200 2       
00083583 15/01/2020 1200 37      
00083583 16/01/2020 1200 14      
00083583 17/01/2020 1200 28      
00083583 18/01/2020 1200 0       
00083583 19/01/2020 1200 0       
00083583 20/01/2020 1200 3       
00083583 21/01/2020 1200 9       
00083583 22/01/2020 1200 2       
00083583 23/01/2020 1200 17      
00083583 24/01/2020 1200 147     
00083583 25/01/2020 1200 84      
00083583 26/01/2020 1200 0.3     
00083583 27/01/2020 1200 0       
