01647010 13/12/2019 1000 5       
01647010 14/12/2019 1000 0       
01647010 15/12/2019 1000 0       
01647010 16/12/2019 1000 0       
01647010 17/12/2019 1000 0       
01647010 18/12/2019 1000 0       
01647010 19/12/2019 1000 6       
01647010 20/12/2019 1000 0       
01647010 21/12/2019 1000 0       
01647010 22/12/2019 1000 0       
01647010 23/12/2019 1000 20      
01647010 24/12/2019 1000 37      
01647010 25/12/2019 1000 8       
01647010 26/12/2019 1000 0       
01647010 27/12/2019 1000 0       
01647010 28/12/2019 1000 0       
01647010 29/12/2019 1000 0       
01647010 30/12/2019 1000 0       
01647010 31/12/2019 1000 0       
01647010 01/01/2020 1000 9       
01647010 02/01/2020 1000 12      
01647010 03/01/2020 1000 10      
01647010 04/01/2020 1000 10      
01647010 05/01/2020 1000 20      
01647010 06/01/2020 1000 5       
01647010 07/01/2020 1000 0       
01647010 08/01/2020 1000 10      
01647010 09/01/2020 1000 0       
01647010 10/01/2020 1000 5       
01647010 11/01/2020 1000 0       
01647010 12/01/2020 1000 0       
01647010 13/01/2020 1000 0       
01647010 14/01/2020 1000 0       
01647010 15/01/2020 1000 0       
01647010 16/01/2020 1000 0       
01647010 17/01/2020 1000 0       
01647010 18/01/2020 1000 5       
01647010 19/01/2020 1000 0       
01647010 20/01/2020 1000 0       
01647010 21/01/2020 1000 15      
01647010 22/01/2020 1000 10      
01647010 23/01/2020 1000 30      
01647010 24/01/2020 1000 15      
01647010 25/01/2020 1000 15      
01647010 26/01/2020 1000 70      
01647010 27/01/2020 1000 30      
