01645000 13/12/2019 1000 0       
01645000 14/12/2019 1000 0       
01645000 15/12/2019 1000 0       
01645000 16/12/2019 1000 0       
01645000 17/12/2019 1000 0       
01645000 18/12/2019 1000 0       
01645000 19/12/2019 1000 0       
01645000 20/12/2019 1000 0       
01645000 21/12/2019 1000 0       
01645000 22/12/2019 1000 0       
01645000 23/12/2019 1000 0       
01645000 24/12/2019 1000 27      
01645000 25/12/2019 1000 0       
01645000 26/12/2019 1000 0       
01645000 27/12/2019 1000 1       
01645000 28/12/2019 1000 0       
01645000 29/12/2019 1000 0       
01645000 30/12/2019 1000 0       
01645000 31/12/2019 1000 0       
01645000 01/01/2020 1000 0       
01645000 02/01/2020 1000 28.2    
01645000 03/01/2020 1000 9.7     
01645000 04/01/2020 1000 19.8    
01645000 05/01/2020 1000 35.7    
01645000 06/01/2020 1000 3.7     
01645000 07/01/2020 1000 28.3    
01645000 08/01/2020 1000 0       
01645000 09/01/2020 1000 0       
01645000 10/01/2020 1000 0.3     
01645000 11/01/2020 1000 0       
01645000 12/01/2020 1000 0       
01645000 13/01/2020 1000 0       
01645000 14/01/2020 1000 0       
01645000 15/01/2020 1000 0.3     
01645000 16/01/2020 1000 0       
01645000 17/01/2020 1000 0.1     
01645000 18/01/2020 1000 18.2    
01645000 19/01/2020 1000 0       
01645000 20/01/2020 1000 0       
01645000 21/01/2020 1000 61      
01645000 22/01/2020 1000 1.2     
01645000 23/01/2020 1000 24.2    
01645000 24/01/2020 1000 56      
01645000 25/01/2020 1000 6.3     
01645000 26/01/2020 1000 3.3     
01645000 27/01/2020 1000 12.6    
