01745015 13/12/2019 1000 0       
01745015 14/12/2019 1000 0       
01745015 15/12/2019 1000 0       
01745015 16/12/2019 1000 0       
01745015 17/12/2019 1000 0       
01745015 18/12/2019 1000 0       
01745015 19/12/2019 1000 0       
01745015 20/12/2019 1000 0       
01745015 21/12/2019 1000 0       
01745015 22/12/2019 1000 0       
01745015 23/12/2019 1000 0       
01745015 24/12/2019 1000 0       
01745015 25/12/2019 1000 0       
01745015 26/12/2019 1000 0       
01745015 27/12/2019 1000 2       
01745015 28/12/2019 1000 0       
01745015 29/12/2019 1000 0       
01745015 30/12/2019 1000 0       
01745015 31/12/2019 1000 0       
01745015 01/01/2020 1000 0       
01745015 02/01/2020 1000 15      
01745015 03/01/2020 1000 5       
01745015 04/01/2020 1000 10      
01745015 05/01/2020 1000 30      
01745015 06/01/2020 1000 2       
01745015 07/01/2020 1000 0       
01745015 08/01/2020 1000 0       
01745015 09/01/2020 1000 0       
01745015 10/01/2020 1000 5       
01745015 11/01/2020 1000 0       
01745015 12/01/2020 1000 0       
01745015 13/01/2020 1000 0       
01745015 14/01/2020 1000 0       
01745015 15/01/2020 1000 0       
01745015 16/01/2020 1000 0       
01745015 17/01/2020 1000 0       
01745015 18/01/2020 1000 5       
01745015 19/01/2020 1000 0       
01745015 20/01/2020 1000 0       
01745015 21/01/2020 1000 20      
01745015 22/01/2020 1000 2       
01745015 23/01/2020 1000 20      
01745015 24/01/2020 1000 50      
01745015 25/01/2020 1000 35      
01745015 26/01/2020 1000 10      
01745015 27/01/2020 1000 5       
