01845009 13/12/2019 1000 14      
01845009 14/12/2019 1000 13      
01845009 15/12/2019 1000 0       
01845009 16/12/2019 1000 0       
01845009 17/12/2019 1000 0       
01845009 18/12/2019 1000 0       
01845009 19/12/2019 1000 0       
01845009 20/12/2019 1000 0       
01845009 21/12/2019 1000 0       
01845009 22/12/2019 1000 0       
01845009 23/12/2019 1000 6       
01845009 24/12/2019 1000 13      
01845009 25/12/2019 1000 0       
01845009 26/12/2019 1000 0       
01845009 27/12/2019 1000 0       
01845009 28/12/2019 1000 0       
01845009 29/12/2019 1000 0       
01845009 30/12/2019 1000 0       
01845009 31/12/2019 1000 0       
01845009 01/01/2020 1000 1       
01845009 02/01/2020 1000 3       
01845009 03/01/2020 1000 1       
01845009 04/01/2020 1000 33      
01845009 05/01/2020 1000 3       
01845009 06/01/2020 1000 0       
01845009 07/01/2020 1000 0       
01845009 08/01/2020 1000 2       
01845009 09/01/2020 1000 1       
01845009 10/01/2020 1000 1       
01845009 11/01/2020 1000 0       
01845009 12/01/2020 1000 0       
01845009 13/01/2020 1000 0       
01845009 14/01/2020 1000 0       
01845009 15/01/2020 1000 0       
01845009 16/01/2020 1000 0       
01845009 17/01/2020 1000 0       
01845009 18/01/2020 1000 0       
01845009 19/01/2020 1000 0       
01845009 20/01/2020 1000 10      
01845009 21/01/2020 1000 5       
01845009 22/01/2020 1000 9       
01845009 23/01/2020 1000 2       
01845009 24/01/2020 1000 49      
01845009 25/01/2020 1000 63      
01845009 26/01/2020 1000 32      
01845009 27/01/2020 1000 0       
