01843021 13/12/2019 1000 0       
01843021 14/12/2019 1000 0       
01843021 15/12/2019 1000 0       
01843021 16/12/2019 1000 0       
01843021 17/12/2019 1000 0       
01843021 18/12/2019 1000 0       
01843021 19/12/2019 1000 0       
01843021 20/12/2019 1000 0       
01843021 21/12/2019 1000 0       
01843021 22/12/2019 1000 0       
01843021 23/12/2019 1000 2       
01843021 24/12/2019 1000 8       
01843021 25/12/2019 1000 3       
01843021 26/12/2019 1000 0       
01843021 27/12/2019 1000 0       
01843021 28/12/2019 1000 0       
01843021 29/12/2019 1000 0       
01843021 30/12/2019 1000 0       
01843021 31/12/2019 1000 0       
01843021 01/01/2020 1000 0       
01843021 02/01/2020 1000 2       
01843021 03/01/2020 1000 1       
01843021 04/01/2020 1000 30      
01843021 05/01/2020 1000 1       
01843021 06/01/2020 1000 3       
01843021 07/01/2020 1000 0       
01843021 08/01/2020 1000 7       
01843021 09/01/2020 1000 6       
01843021 10/01/2020 1000 6       
01843021 11/01/2020 1000 0       
01843021 12/01/2020 1000 0       
01843021 13/01/2020 1000 0       
01843021 14/01/2020 1000 0       
01843021 15/01/2020 1000 0       
01843021 16/01/2020 1000 3       
01843021 17/01/2020 1000 33      
01843021 18/01/2020 1000 2       
01843021 19/01/2020 1000 0       
01843021 20/01/2020 1000 0       
01843021 21/01/2020 1000 35      
01843021 22/01/2020 1000 30      
01843021 23/01/2020 1000 73      
01843021 24/01/2020 1000 31      
01843021 25/01/2020 1000 51      
01843021 26/01/2020 1000 41      
01843021 27/01/2020 1000 1       
