01945017 13/12/2019 1000 5       
01945017 14/12/2019 1000 0       
01945017 15/12/2019 1000 0       
01945017 16/12/2019 1000 0       
01945017 17/12/2019 1000 0       
01945017 18/12/2019 1000 0       
01945017 19/12/2019 1000 0       
01945017 20/12/2019 1000 2       
01945017 21/12/2019 1000 4       
01945017 22/12/2019 1000 0       
01945017 23/12/2019 1000 0       
01945017 24/12/2019 1000 10      
01945017 25/12/2019 1000 8       
01945017 26/12/2019 1000 0       
01945017 27/12/2019 1000 0       
01945017 28/12/2019 1000 0       
01945017 29/12/2019 1000 0       
01945017 30/12/2019 1000 0       
01945017 31/12/2019 1000 0       
01945017 01/01/2020 1000 0       
01945017 02/01/2020 1000 10      
01945017 03/01/2020 1000 5       
01945017 04/01/2020 1000 26      
01945017 05/01/2020 1000 1       
01945017 06/01/2020 1000 0       
01945017 07/01/2020 1000 0       
01945017 08/01/2020 1000 0       
01945017 09/01/2020 1000 10      
01945017 10/01/2020 1000 10      
01945017 11/01/2020 1000 0       
01945017 12/01/2020 1000 0       
01945017 13/01/2020 1000 0       
01945017 14/01/2020 1000 0       
01945017 15/01/2020 1000 0       
01945017 16/01/2020 1000 0       
01945017 17/01/2020 1000 9       
01945017 18/01/2020 1000 1       
01945017 19/01/2020 1000 1       
01945017 20/01/2020 1000 20      
01945017 21/01/2020 1000 10      
01945017 22/01/2020 1000 10      
01945017 23/01/2020 1000 10      
01945017 24/01/2020 1000 25      
01945017 25/01/2020 1000 76      
01945017 26/01/2020 1000 0       
01945017 27/01/2020 1000 0       
