01944060 13/12/2019 1000 0       
01944060 14/12/2019 1000 0       
01944060 15/12/2019 1000 0       
01944060 16/12/2019 1000 0       
01944060 17/12/2019 1000 0       
01944060 18/12/2019 1000 0       
01944060 19/12/2019 1000 0       
01944060 20/12/2019 1000 0       
01944060 21/12/2019 1000 7       
01944060 22/12/2019 1000 0       
01944060 23/12/2019 1000 8       
01944060 24/12/2019 1000 3       
01944060 25/12/2019 1000 3       
01944060 26/12/2019 1000 0       
01944060 27/12/2019 1000 0       
01944060 28/12/2019 1000 0       
01944060 29/12/2019 1000 0       
01944060 30/12/2019 1000 0       
01944060 31/12/2019 1000 0       
01944060 01/01/2020 1000 0       
01944060 02/01/2020 1000 6       
01944060 03/01/2020 1000 8       
01944060 04/01/2020 1000 23      
01944060 05/01/2020 1000 1       
01944060 06/01/2020 1000 0       
01944060 07/01/2020 1000 0       
01944060 08/01/2020 1000 0       
01944060 09/01/2020 1000 0       
01944060 10/01/2020 1000 2       
01944060 11/01/2020 1000 0       
01944060 12/01/2020 1000 0       
01944060 13/01/2020 1000 0       
01944060 14/01/2020 1000 0       
01944060 15/01/2020 1000 0       
01944060 16/01/2020 1000 11      
01944060 17/01/2020 1000 41      
01944060 18/01/2020 1000 0       
01944060 19/01/2020 1000 0       
01944060 20/01/2020 1000 31      
01944060 21/01/2020 1000 8       
01944060 22/01/2020 1000 15      
01944060 23/01/2020 1000 17      
01944060 24/01/2020 1000 32      
01944060 25/01/2020 1000 127     
01944060 26/01/2020 1000 5       
01944060 27/01/2020 1000 0       
