01944079 13/12/2019 1000 1       
01944079 14/12/2019 1000 10      
01944079 15/12/2019 1000 0       
01944079 16/12/2019 1000 0       
01944079 17/12/2019 1000 0       
01944079 18/12/2019 1000 0       
01944079 19/12/2019 1000 0       
01944079 20/12/2019 1000 10      
01944079 21/12/2019 1000 25      
01944079 22/12/2019 1000 0       
01944079 23/12/2019 1000 12      
01944079 24/12/2019 1000 1       
01944079 25/12/2019 1000 17      
01944079 26/12/2019 1000 0       
01944079 27/12/2019 1000 0       
01944079 28/12/2019 1000 0       
01944079 29/12/2019 1000 0       
01944079 30/12/2019 1000 0       
01944079 31/12/2019 1000 0       
01944079 01/01/2020 1000 0       
01944079 02/01/2020 1000 2       
01944079 03/01/2020 1000 9       
01944079 04/01/2020 1000 9       
01944079 05/01/2020 1000 18      
01944079 06/01/2020 1000 2       
01944079 07/01/2020 1000 1       
01944079 08/01/2020 1000 10      
01944079 09/01/2020 1000 0       
01944079 10/01/2020 1000 0       
01944079 11/01/2020 1000 4       
01944079 12/01/2020 1000 0       
01944079 13/01/2020 1000 0       
01944079 14/01/2020 1000 9       
01944079 15/01/2020 1000 0       
01944079 16/01/2020 1000 0       
01944079 17/01/2020 1000 22      
01944079 18/01/2020 1000 3       
01944079 19/01/2020 1000 0       
01944079 20/01/2020 1000 10      
01944079 21/01/2020 1000 10      
01944079 22/01/2020 1000 40      
01944079 23/01/2020 1000 2       
01944079 24/01/2020 1000 102     
01944079 25/01/2020 1000 119     
01944079 26/01/2020 1000 59      
01944079 27/01/2020 1000 0       
