02043076 13/12/2019 1000 10      
02043076 14/12/2019 1000 23      
02043076 15/12/2019 1000 3       
02043076 16/12/2019 1000 0       
02043076 17/12/2019 1000 0       
02043076 18/12/2019 1000 0       
02043076 19/12/2019 1000 0       
02043076 20/12/2019 1000 0       
02043076 21/12/2019 1000 0       
02043076 22/12/2019 1000 0       
02043076 23/12/2019 1000 50      
02043076 24/12/2019 1000 2       
02043076 25/12/2019 1000 10      
02043076 26/12/2019 1000 0       
02043076 27/12/2019 1000 0       
02043076 28/12/2019 1000 0       
02043076 29/12/2019 1000 0       
02043076 30/12/2019 1000 0       
02043076 31/12/2019 1000 0       
02043076 01/01/2020 1000 0       
02043076 02/01/2020 1000 9       
02043076 03/01/2020 1000 13      
02043076 04/01/2020 1000 3       
02043076 05/01/2020 1000 46      
02043076 06/01/2020 1000 19      
02043076 07/01/2020 1000 0       
02043076 08/01/2020 1000 1       
02043076 09/01/2020 1000 0       
02043076 10/01/2020 1000 5       
02043076 11/01/2020 1000 18      
02043076 12/01/2020 1000 0       
02043076 13/01/2020 1000 8       
02043076 14/01/2020 1000 1       
02043076 15/01/2020 1000 1       
02043076 16/01/2020 1000 1       
02043076 17/01/2020 1000 61      
02043076 18/01/2020 1000 4       
02043076 19/01/2020 1000 0       
02043076 20/01/2020 1000 20      
02043076 21/01/2020 1000 21      
02043076 22/01/2020 1000 0       
02043076 23/01/2020 1000 29      
02043076 24/01/2020 1000 74      
02043076 25/01/2020 1000 106     
02043076 26/01/2020 1000 18      
02043076 27/01/2020 1000 0       
