02044059 13/12/2019 1000 4       
02044059 14/12/2019 1000 3       
02044059 15/12/2019 1000 0       
02044059 16/12/2019 1000 0       
02044059 17/12/2019 1000 0       
02044059 18/12/2019 1000 0       
02044059 19/12/2019 1000 0       
02044059 20/12/2019 1000 23      
02044059 21/12/2019 1000 6       
02044059 22/12/2019 1000 1       
02044059 23/12/2019 1000 0       
02044059 24/12/2019 1000 15      
02044059 25/12/2019 1000 15      
02044059 26/12/2019 1000 0       
02044059 27/12/2019 1000 0       
02044059 28/12/2019 1000 0       
02044059 29/12/2019 1000 0       
02044059 30/12/2019 1000 2       
02044059 31/12/2019 1000 0       
02044059 01/01/2020 1000 0       
02044059 02/01/2020 1000 1       
02044059 03/01/2020 1000 0       
02044059 04/01/2020 1000 19      
02044059 05/01/2020 1000 9       
02044059 06/01/2020 1000 2       
02044059 07/01/2020 1000 1       
02044059 08/01/2020 1000 0       
02044059 09/01/2020 1000 8       
02044059 10/01/2020 1000 0       
02044059 11/01/2020 1000 3       
02044059 12/01/2020 1000 0       
02044059 13/01/2020 1000 0       
02044059 14/01/2020 1000 0       
02044059 15/01/2020 1000 0       
02044059 16/01/2020 1000 0       
02044059 17/01/2020 1000 34      
02044059 18/01/2020 1000 1       
02044059 19/01/2020 1000 33      
02044059 20/01/2020 1000 0       
02044059 21/01/2020 1000 10      
02044059 22/01/2020 1000 12      
02044059 23/01/2020 1000 1       
02044059 24/01/2020 1000 108     
02044059 25/01/2020 1000 23      
02044059 26/01/2020 1000 2       
02044059 27/01/2020 1000 0       
