02043077 13/12/2019 1000 13      
02043077 14/12/2019 1000 3       
02043077 15/12/2019 1000 0       
02043077 16/12/2019 1000 0       
02043077 17/12/2019 1000 0       
02043077 18/12/2019 1000 0       
02043077 19/12/2019 1000 0       
02043077 20/12/2019 1000 1       
02043077 21/12/2019 1000 0       
02043077 22/12/2019 1000 0       
02043077 23/12/2019 1000 79      
02043077 24/12/2019 1000 5       
02043077 25/12/2019 1000 0       
02043077 26/12/2019 1000 0       
02043077 27/12/2019 1000 0       
02043077 28/12/2019 1000 0       
02043077 29/12/2019 1000 0       
02043077 30/12/2019 1000 0       
02043077 31/12/2019 1000 0       
02043077 01/01/2020 1000 0       
02043077 02/01/2020 1000 16      
02043077 03/01/2020 1000 23      
02043077 04/01/2020 1000 7       
02043077 05/01/2020 1000 30      
02043077 06/01/2020 1000 3       
02043077 07/01/2020 1000 0       
02043077 08/01/2020 1000 3       
02043077 09/01/2020 1000 0       
02043077 10/01/2020 1000 4       
02043077 11/01/2020 1000 3       
02043077 12/01/2020 1000 0       
02043077 13/01/2020 1000 0       
02043077 14/01/2020 1000 0       
02043077 15/01/2020 1000 2       
02043077 16/01/2020 1000 2       
02043077 17/01/2020 1000 40      
02043077 18/01/2020 1000 5       
02043077 19/01/2020 1000 0       
02043077 20/01/2020 1000 24      
02043077 21/01/2020 1000 35      
02043077 22/01/2020 1000 0       
02043077 23/01/2020 1000 17      
02043077 24/01/2020 1000 70      
02043077 25/01/2020 1000 83      
02043077 26/01/2020 1000 0       
02043077 27/01/2020 1000 0       
