02045034 13/12/2019 1000 2       
02045034 14/12/2019 1000 3       
02045034 15/12/2019 1000 0       
02045034 16/12/2019 1000 0       
02045034 17/12/2019 1000 0       
02045034 18/12/2019 1000 0       
02045034 19/12/2019 1000 0       
02045034 20/12/2019 1000 2       
02045034 21/12/2019 1000 0       
02045034 22/12/2019 1000 0       
02045034 23/12/2019 1000 1       
02045034 24/12/2019 1000 27      
02045034 25/12/2019 1000 11      
02045034 26/12/2019 1000 0       
02045034 27/12/2019 1000 0       
02045034 28/12/2019 1000 5       
02045034 29/12/2019 1000 0       
02045034 30/12/2019 1000 0       
02045034 31/12/2019 1000 0       
02045034 01/01/2020 1000 0       
02045034 02/01/2020 1000 4       
02045034 03/01/2020 1000 25      
02045034 04/01/2020 1000 40      
02045034 05/01/2020 1000 15      
02045034 06/01/2020 1000 22      
02045034 07/01/2020 1000 2       
02045034 08/01/2020 1000 8       
02045034 09/01/2020 1000 12      
02045034 10/01/2020 1000 0       
02045034 11/01/2020 1000 0       
02045034 12/01/2020 1000 2       
02045034 13/01/2020 1000 0       
02045034 14/01/2020 1000 0       
02045034 15/01/2020 1000 0       
02045034 16/01/2020 1000 0       
02045034 17/01/2020 1000 40      
02045034 18/01/2020 1000 0       
02045034 19/01/2020 1000 0       
02045034 20/01/2020 1000 0       
02045034 21/01/2020 1000 8       
02045034 22/01/2020 1000 0       
02045034 23/01/2020 1000 2       
02045034 24/01/2020 1000 73      
02045034 25/01/2020 1000 22      
02045034 26/01/2020 1000 0       
02045034 27/01/2020 1000 0       
