99990555 13/12/2019 1200 3.6     
99990555 14/12/2019 1200 17      
99990555 15/12/2019 1200 0       
99990555 16/12/2019 1200 0       
99990555 17/12/2019 1200 0       
99990555 18/12/2019 1200 0       
99990555 19/12/2019 1200 0       
99990555 20/12/2019 1200 5       
99990555 21/12/2019 1200 3.6     
99990555 22/12/2019 1200 1.6     
99990555 23/12/2019 1200 69      
99990555 24/12/2019 1200 5.4     
99990555 25/12/2019 1200 21.4    
99990555 26/12/2019 1200 0       
99990555 27/12/2019 1200 0       
99990555 28/12/2019 1200 0       
99990555 29/12/2019 1200 3       
99990555 30/12/2019 1200 0.6     
99990555 31/12/2019 1200 0       
99990555 01/01/2020 1200 0       
99990555 02/01/2020 1200 94.2    
99990555 03/01/2020 1200 14.8    
99990555 04/01/2020 1200 31.6    
99990555 05/01/2020 1200 25.8    
99990555 06/01/2020 1200 3       
99990555 07/01/2020 1200 0.2     
99990555 08/01/2020 1200 12      
99990555 09/01/2020 1200 0       
99990555 10/01/2020 1200 4.4     
99990555 11/01/2020 1200 0       
99990555 12/01/2020 1200 0       
99990555 13/01/2020 1200 5.2     
99990555 14/01/2020 1200 3.6     
99990555 15/01/2020 1200 0.2     
99990555 16/01/2020 1200 47.2    
99990555 17/01/2020 1200 71.8    
99990555 18/01/2020 1200 3.4     
99990555 19/01/2020 1200 0       
99990555 20/01/2020 1200 18.2    
99990555 21/01/2020 1200 36.8    
99990555 22/01/2020 1200 0       
99990555 23/01/2020 1200 18      
99990555 24/01/2020 0000 -       
99990555 25/01/2020 0000 -       
99990555 26/01/2020 1200 4.2     
99990555 27/01/2020 1200 0.2     
