99990513 13/12/2019 1200 7       
99990513 14/12/2019 1200 5.8     
99990513 15/12/2019 1200 0       
99990513 16/12/2019 1200 0       
99990513 17/12/2019 1200 0       
99990513 18/12/2019 1200 0       
99990513 19/12/2019 1200 0.2     
99990513 20/12/2019 1200 9.4     
99990513 21/12/2019 1200 2.6     
99990513 22/12/2019 1200 0       
99990513 23/12/2019 1200 32.6    
99990513 24/12/2019 1200 6.6     
99990513 25/12/2019 1200 2.4     
99990513 26/12/2019 1200 0       
99990513 27/12/2019 1200 0       
99990513 28/12/2019 1200 0       
99990513 29/12/2019 1200 0       
99990513 30/12/2019 1200 0       
99990513 31/12/2019 1200 0       
99990513 01/01/2020 1200 25.6    
99990513 02/01/2020 1200 20.8    
99990513 03/01/2020 1200 13.8    
99990513 04/01/2020 1200 36.2    
99990513 05/01/2020 1200 15.8    
99990513 06/01/2020 1200 2.2     
99990513 07/01/2020 1200 0       
99990513 08/01/2020 1200 2.8     
99990513 09/01/2020 1200 1.8     
99990513 10/01/2020 1200 0       
99990513 11/01/2020 1200 0       
99990513 12/01/2020 1200 0       
99990513 13/01/2020 1200 48.2    
99990513 14/01/2020 1200 15      
99990513 15/01/2020 1200 2.6     
99990513 16/01/2020 1200 0.2     
99990513 17/01/2020 1200 19      
99990513 18/01/2020 1200 36.6    
99990513 19/01/2020 1200 0       
99990513 20/01/2020 1200 40.2    
99990513 21/01/2020 1200 15.4    
99990513 22/01/2020 1200 0.2     
99990513 23/01/2020 1200 35.8    
99990513 24/01/2020 1200 98.8    
99990513 25/01/2020 1200 30.4    
99990513 26/01/2020 1200 0.6     
99990513 27/01/2020 1200 0.2     
