99990565 13/12/2019 1200 0.2     
99990565 14/12/2019 1200 10.2    
99990565 15/12/2019 1200 0       
99990565 16/12/2019 1200 0       
99990565 17/12/2019 1200 0       
99990565 18/12/2019 1200 0       
99990565 19/12/2019 1200 8.4     
99990565 20/12/2019 1200 0.2     
99990565 21/12/2019 1200 2.4     
99990565 22/12/2019 1200 0       
99990565 23/12/2019 1200 3.4     
99990565 24/12/2019 1200 44.2    
99990565 25/12/2019 1200 0.4     
99990565 26/12/2019 1200 0.2     
99990565 27/12/2019 1200 0       
99990565 28/12/2019 1200 0       
99990565 29/12/2019 1200 0       
99990565 30/12/2019 1200 0       
99990565 31/12/2019 1200 0       
99990565 01/01/2020 1200 0       
99990565 02/01/2020 1200 38      
99990565 03/01/2020 1200 4.8     
99990565 04/01/2020 1200 27.6    
99990565 05/01/2020 1200 14.4    
99990565 06/01/2020 1200 0.2     
99990565 07/01/2020 1200 1.6     
99990565 08/01/2020 1200 10.2    
99990565 09/01/2020 1200 12.6    
99990565 10/01/2020 1200 0.2     
99990565 11/01/2020 1200 0       
99990565 12/01/2020 1200 1.2     
99990565 13/01/2020 1200 1.6     
99990565 14/01/2020 1200 0.2     
99990565 15/01/2020 1200 0       
99990565 16/01/2020 1200 0.2     
99990565 17/01/2020 1200 32.8    
99990565 18/01/2020 1200 1       
99990565 19/01/2020 1200 6.8     
99990565 20/01/2020 1200 1.2     
99990565 21/01/2020 1200 24.2    
99990565 22/01/2020 1200 1.2     
99990565 23/01/2020 1200 22      
99990565 24/01/2020 1200 81.4    
99990565 25/01/2020 1200 23.4    
99990565 26/01/2020 1200 0.6     
99990565 27/01/2020 1200 0       
