02249110 08/02/2020 1000 14.5    
02249110 09/02/2020 1000 0       
02249110 10/02/2020 1000 35.3    
02249110 11/02/2020 1000 41      
02249110 12/02/2020 1000 0       
02249110 13/02/2020 1000 0       
02249110 14/02/2020 1000 0       
02249110 15/02/2020 1000 0       
02249110 16/02/2020 1000 0       
02249110 17/02/2020 1000 0       
02249110 18/02/2020 1000 0       
02249110 19/02/2020 1000 0       
02249110 20/02/2020 1000 10.8    
02249110 21/02/2020 1000 1       
02249110 22/02/2020 1000 0.3     
02249110 23/02/2020 1000 0       
02249110 24/02/2020 1000 0.3     
02249110 25/02/2020 1000 3       
02249110 26/02/2020 1000 28.5    
02249110 27/02/2020 1000 21.3    
02249110 28/02/2020 1000 0       
02249110 29/02/2020 1000 0       
02249110 01/03/2020 1000 0       
02249110 02/03/2020 1000 0       
02249110 03/03/2020 1000 0       
02249110 04/03/2020 1000 0       
02249110 05/03/2020 1000 0       
02249110 06/03/2020 1000 0       
02249110 07/03/2020 1000 0       
02249110 08/03/2020 1000 0       
02249110 09/03/2020 1000 0       
02249110 10/03/2020 1000 0       
02249110 11/03/2020 1000 0       
02249110 12/03/2020 1000 0       
02249110 13/03/2020 1000 0       
02249110 14/03/2020 1000 0       
02249110 15/03/2020 1000 0       
02249110 16/03/2020 1000 8.3     
02249110 17/03/2020 1000 6.8     
02249110 18/03/2020 1000 0       
02249110 19/03/2020 1000 9.3     
02249110 20/03/2020 1000 10.5    
02249110 21/03/2020 1000 0.3     
02249110 22/03/2020 1000 0       
02249110 23/03/2020 1000 0       
02249110 24/03/2020 1000 0       
02249110 25/03/2020 1000 0.0