02448071 08/02/2020 1000 38.3    
02448071 09/02/2020 1000 0       
02448071 10/02/2020 1000 12      
02448071 11/02/2020 1000 37.8    
02448071 12/02/2020 1000 3.8     
02448071 13/02/2020 1000 5.3     
02448071 14/02/2020 1000 2.3     
02448071 15/02/2020 1000 0       
02448071 16/02/2020 1000 0       
02448071 17/02/2020 1000 0       
02448071 18/02/2020 1000 0       
02448071 19/02/2020 1000 0       
02448071 20/02/2020 1000 16.3    
02448071 21/02/2020 1000 15.8    
02448071 22/02/2020 1000 17.8    
02448071 23/02/2020 1000 3.3     
02448071 24/02/2020 1000 0       
02448071 25/02/2020 1000 0       
02448071 26/02/2020 1000 27.8    
02448071 27/02/2020 1000 12.3    
02448071 28/02/2020 1000 0       
02448071 29/02/2020 1000 0.3     
02448071 01/03/2020 1000 6.3     
02448071 02/03/2020 1000 31.8    
02448071 03/03/2020 1000 10      
02448071 04/03/2020 1000 0.8     
02448071 05/03/2020 1000 0       
02448071 06/03/2020 1000 0       
02448071 07/03/2020 1000 0       
02448071 08/03/2020 1000 0       
02448071 09/03/2020 1000 0       
02448071 10/03/2020 1000 0       
02448071 11/03/2020 1000 0       
02448071 12/03/2020 1000 0       
02448071 13/03/2020 1000 0       
02448071 14/03/2020 1000 0       
02448071 15/03/2020 1000 0       
02448071 16/03/2020 1000 0       
02448071 17/03/2020 1000 48.3    
02448071 18/03/2020 1000 0.3     
02448071 19/03/2020 1000 2       
02448071 20/03/2020 1000 22.8    
02448071 21/03/2020 1000 4.8     
02448071 22/03/2020 1000 0.3     
02448071 23/03/2020 1000 0.3     
02448071 24/03/2020 1000 5       
02448071 25/03/2020 1000 2.8359719999962945