99990819 08/02/2020 1200 12.2    
99990819 09/02/2020 1200 3.8     
99990819 10/02/2020 1200 0.2     
99990819 11/02/2020 1200 0.4     
99990819 12/02/2020 1200 0.2     
99990819 13/02/2020 1200 0       
99990819 14/02/2020 1200 0       
99990819 15/02/2020 1200 0       
99990819 16/02/2020 1200 0       
99990819 17/02/2020 1200 0       
99990819 18/02/2020 1200 6.4     
99990819 19/02/2020 1200 0       
99990819 20/02/2020 1200 3.4     
99990819 21/02/2020 1200 0       
99990819 22/02/2020 1200 11.6    
99990819 23/02/2020 1200 0       
99990819 24/02/2020 1200 0       
99990819 25/02/2020 1200 0       
99990819 26/02/2020 1200 21      
99990819 27/02/2020 1200 9.8     
99990819 28/02/2020 1200 0       
99990819 29/02/2020 1200 0       
99990819 01/03/2020 1200 0       
99990819 02/03/2020 1200 0       
99990819 03/03/2020 1200 0.2     
99990819 04/03/2020 1200 0       
99990819 05/03/2020 1200 0       
99990819 06/03/2020 1200 0       
99990819 07/03/2020 1200 0       
99990819 08/03/2020 1200 0       
99990819 09/03/2020 1200 0       
99990819 10/03/2020 1200 0       
99990819 11/03/2020 1200 0       
99990819 12/03/2020 1200 0       
99990819 13/03/2020 1200 0       
99990819 14/03/2020 1200 0       
99990819 15/03/2020 1200 0       
99990819 16/03/2020 1200 0       
99990819 17/03/2020 1200 4.4     
99990819 18/03/2020 1200 1.2     
99990819 19/03/2020 1200 1.8     
99990819 20/03/2020 1200 0       
99990819 21/03/2020 1200 0       
99990819 22/03/2020 1200 0       
99990819 23/03/2020 1200 0       
99990819 24/03/2020 1200 0       
99990819 25/03/2020 1200 0.006250000000070833