99990718 08/02/2020 1200 1.2     
99990718 09/02/2020 1200 0.6     
99990718 10/02/2020 1200 44      
99990718 11/02/2020 1200 62.8    
99990718 12/02/2020 1200 0       
99990718 13/02/2020 1200 0       
99990718 14/02/2020 1200 0       
99990718 15/02/2020 1200 0       
99990718 16/02/2020 1200 0       
99990718 17/02/2020 1200 0       
99990718 18/02/2020 1200 53      
99990718 19/02/2020 1200 0       
99990718 20/02/2020 1200 2.4     
99990718 21/02/2020 1200 0       
99990718 22/02/2020 1200 0       
99990718 23/02/2020 1200 29.4    
99990718 24/02/2020 1200 0       
99990718 25/02/2020 1200 0       
99990718 26/02/2020 1200 6.8     
99990718 27/02/2020 1200 32      
99990718 28/02/2020 1200 0       
99990718 29/02/2020 1200 0       
99990718 01/03/2020 1200 0       
99990718 02/03/2020 1200 0       
99990718 03/03/2020 1200 9.6     
99990718 04/03/2020 1200 2.6     
99990718 05/03/2020 1200 0.2     
99990718 06/03/2020 1200 0       
99990718 07/03/2020 1200 0       
99990718 08/03/2020 1200 0       
99990718 09/03/2020 1200 0       
99990718 10/03/2020 1200 0       
99990718 11/03/2020 1200 0       
99990718 12/03/2020 1200 0       
99990718 13/03/2020 1200 0       
99990718 14/03/2020 1200 0       
99990718 15/03/2020 1200 0       
99990718 16/03/2020 1200 0       
99990718 17/03/2020 1200 0       
99990718 18/03/2020 1200 2.2     
99990718 19/03/2020 1200 0.2     
99990718 20/03/2020 1200 56.4    
99990718 21/03/2020 1200 13.6    
99990718 22/03/2020 1200 0       
99990718 23/03/2020 1200 0       
99990718 24/03/2020 1200 0       
99990718 25/03/2020 1200 0.0