00083635 28/12/2019 1200 0       
00083635 29/12/2019 1200 0       
00083635 30/12/2019 1200 0       
00083635 31/12/2019 1200 0       
00083635 01/01/2020 1200 0       
00083635 02/01/2020 1200 0       
00083635 03/01/2020 1200 2       
00083635 04/01/2020 1200 58      
00083635 05/01/2020 0000 -       
00083635 06/01/2020 1200 8       
00083635 07/01/2020 1200 7       
00083635 08/01/2020 1200 0.4     
00083635 09/01/2020 1200 4       
00083635 10/01/2020 1200 0       
00083635 11/01/2020 1200 2       
00083635 12/01/2020 1200 0       
00083635 13/01/2020 1200 0       
00083635 14/01/2020 1200 0       
00083635 15/01/2020 1200 0.2     
00083635 16/01/2020 1200 0       
00083635 17/01/2020 1200 25      
00083635 18/01/2020 1200 0       
00083635 19/01/2020 0000 -       
00083635 20/01/2020 1200 20      
00083635 21/01/2020 1200 11      
00083635 22/01/2020 1200 0       
00083635 23/01/2020 1200 11      
00083635 24/01/2020 1200 108     
00083635 25/01/2020 1200 35      
00083635 26/01/2020 0000 -       
00083635 27/01/2020 1200 0.5     
00083635 28/01/2020 1200 0       
00083635 29/01/2020 1200 20      
00083635 30/01/2020 1200 0       
00083635 31/01/2020 1200 0       
00083635 01/02/2020 1200 0       
00083635 02/02/2020 1200 14      
00083635 03/02/2020 1200 16      
00083635 04/02/2020 1200 0       
00083635 05/02/2020 1200 0.4     
00083635 06/02/2020 1200 15      
00083635 07/02/2020 1200 36      
00083635 08/02/2020 1200 9       
00083635 09/02/2020 1200 0.6     
00083635 10/02/2020 1200 0       
00083635 11/02/2020 1200 33      
