01744046 28/12/2019 1000 0       
01744046 29/12/2019 1000 0       
01744046 30/12/2019 1000 0       
01744046 31/12/2019 1000 0       
01744046 01/01/2020 1000 0       
01744046 02/01/2020 1000 15      
01744046 03/01/2020 1000 7       
01744046 04/01/2020 1000 11      
01744046 05/01/2020 1000 33      
01744046 06/01/2020 1000 2       
01744046 07/01/2020 1000 0       
01744046 08/01/2020 1000 0       
01744046 09/01/2020 1000 0       
01744046 10/01/2020 1000 6       
01744046 11/01/2020 1000 0       
01744046 12/01/2020 1000 0       
01744046 13/01/2020 1000 0       
01744046 14/01/2020 1000 0       
01744046 15/01/2020 1000 0       
01744046 16/01/2020 1000 0       
01744046 17/01/2020 1000 0       
01744046 18/01/2020 1000 5       
01744046 19/01/2020 1000 0       
01744046 20/01/2020 1000 0       
01744046 21/01/2020 1000 20      
01744046 22/01/2020 1000 2       
01744046 23/01/2020 1000 20      
01744046 24/01/2020 1000 50      
01744046 25/01/2020 1000 35      
01744046 26/01/2020 1000 10      
01744046 27/01/2020 1000 4       
01744046 28/01/2020 1000 11      
01744046 29/01/2020 1000 1       
01744046 30/01/2020 1000 6       
01744046 31/01/2020 1000 0       
01744046 01/02/2020 1000 0       
01744046 02/02/2020 1000 0       
01744046 03/02/2020 1000 0       
01744046 04/02/2020 1000 5       
01744046 05/02/2020 1000 0       
01744046 06/02/2020 1000 30      
01744046 07/02/2020 1000 0       
01744046 08/02/2020 1000 48      
01744046 09/02/2020 1000 15      
01744046 10/02/2020 1000 2       
01744046 11/02/2020 1000 7       
