02043089 28/12/2019 1000 0       
02043089 29/12/2019 1000 0       
02043089 30/12/2019 1000 0       
02043089 31/12/2019 1000 0       
02043089 01/01/2020 1000 0       
02043089 02/01/2020 1000 6.5     
02043089 03/01/2020 1000 9.75    
02043089 04/01/2020 1000 13.25   
02043089 05/01/2020 1000 6       
02043089 06/01/2020 1000 7       
02043089 07/01/2020 1000 0       
02043089 08/01/2020 1000 0       
02043089 09/01/2020 1000 0       
02043089 10/01/2020 1000 0       
02043089 11/01/2020 1000 0       
02043089 12/01/2020 1000 0       
02043089 13/01/2020 1000 12      
02043089 14/01/2020 1000 17.25   
02043089 15/01/2020 1000 17      
02043089 16/01/2020 1000 4       
02043089 17/01/2020 1000 26.25   
02043089 18/01/2020 1000 1.75    
02043089 19/01/2020 1000 0       
02043089 20/01/2020 1000 3.5     
02043089 21/01/2020 1000 8       
02043089 22/01/2020 1000 0       
02043089 23/01/2020 1000 2.25    
02043089 24/01/2020 1000 86      
02043089 25/01/2020 1000 31.5    
02043089 26/01/2020 1000 0.5     
02043089 27/01/2020 1000 0       
02043089 28/01/2020 1000 0       
02043089 29/01/2020 1000 40      
02043089 30/01/2020 1000 11.75   
02043089 31/01/2020 1000 3.75    
02043089 01/02/2020 1000 0       
02043089 02/02/2020 1000 0       
02043089 03/02/2020 1000 15      
02043089 04/02/2020 1000 0       
02043089 05/02/2020 1000 0.75    
02043089 06/02/2020 1000 2.5     
02043089 07/02/2020 1000 48      
02043089 08/02/2020 1000 4       
02043089 09/02/2020 1000 2       
02043089 10/02/2020 1000 0.5     
02043089 11/02/2020 1000 11      
