02044063 28/12/2019 1000 0       
02044063 29/12/2019 1000 0       
02044063 30/12/2019 1000 0       
02044063 31/12/2019 1000 0       
02044063 01/01/2020 1000 0       
02044063 02/01/2020 1000 5       
02044063 03/01/2020 1000 1       
02044063 04/01/2020 1000 12      
02044063 05/01/2020 1000 7       
02044063 06/01/2020 1000 33      
02044063 07/01/2020 1000 0       
02044063 08/01/2020 1000 1       
02044063 09/01/2020 1000 15      
02044063 10/01/2020 1000 0       
02044063 11/01/2020 1000 9       
02044063 12/01/2020 1000 0       
02044063 13/01/2020 1000 0       
02044063 14/01/2020 1000 0       
02044063 15/01/2020 1000 2       
02044063 16/01/2020 1000 21      
02044063 17/01/2020 1000 65      
02044063 18/01/2020 1000 7       
02044063 19/01/2020 1000 0       
02044063 20/01/2020 1000 1       
02044063 21/01/2020 1000 10      
02044063 22/01/2020 1000 0       
02044063 23/01/2020 1000 5       
02044063 24/01/2020 1000 137     
02044063 25/01/2020 1000 89      
02044063 26/01/2020 1000 0       
02044063 27/01/2020 1000 0       
02044063 28/01/2020 1000 0       
02044063 29/01/2020 1000 26      
02044063 30/01/2020 1000 5       
02044063 31/01/2020 1000 0       
02044063 01/02/2020 1000 0       
02044063 02/02/2020 1000 17      
02044063 03/02/2020 1000 10      
02044063 04/02/2020 1000 4       
02044063 05/02/2020 1000 1       
02044063 06/02/2020 1000 9       
02044063 07/02/2020 1000 41      
02044063 08/02/2020 1000 1       
02044063 09/02/2020 1000 14      
02044063 10/02/2020 1000 12      
02044063 11/02/2020 1000 28      
