02253018 23/12/2019 1000 0       
02253018 24/12/2019 1000 0       
02253018 25/12/2019 1000 0       
02253018 26/12/2019 1000 0       
02253018 27/12/2019 1000 0       
02253018 28/12/2019 1000 0       
02253018 29/12/2019 1000 0       
02253018 30/12/2019 1000 0       
02253018 31/12/2019 1000 0       
02253018 01/01/2020 1000 0       
02253018 02/01/2020 1000 23      
02253018 03/01/2020 1000 0       
02253018 04/01/2020 1000 0.3     
02253018 05/01/2020 1000 0       
02253018 06/01/2020 1000 0       
02253018 07/01/2020 1000 1.8     
02253018 08/01/2020 1000 49      
02253018 09/01/2020 1000 6.5     
02253018 10/01/2020 1000 2.5     
02253018 11/01/2020 1000 0       
02253018 12/01/2020 1000 8.5     
02253018 13/01/2020 1000 0.5     
02253018 14/01/2020 1000 0.8     
02253018 15/01/2020 1000 0.5     
02253018 16/01/2020 1000 0       
02253018 17/01/2020 1000 0       
02253018 18/01/2020 1000 0.3     
02253018 19/01/2020 1000 0       
02253018 20/01/2020 1000 0       
02253018 21/01/2020 1000 0       
02253018 22/01/2020 1000 0       
02253018 23/01/2020 1000 23.5    
02253018 24/01/2020 1000 0       
02253018 25/01/2020 1000 0       
02253018 26/01/2020 1000 0       
02253018 27/01/2020 1000 0       
02253018 28/01/2020 1000 0       
02253018 29/01/2020 1000 0       
02253018 30/01/2020 1000 38.5    
02253018 31/01/2020 1000 6       
02253018 01/02/2020 1000 0.3     
02253018 02/02/2020 1000 19.8    
02253018 03/02/2020 1000 8.8     
02253018 04/02/2020 1000 0       
02253018 05/02/2020 1000 0       
02253018 06/02/2020 1000 4.5     
02253018 07/02/2020 1000 0       
02253018 08/02/2020 1000 4.8     
02253018 09/02/2020 1000 0       
02253018 10/02/2020 1000 3.3     
02253018 11/02/2020 1000 11.3    
