02254006 23/12/2019 1100 0       
02254006 24/12/2019 1100 0       
02254006 25/12/2019 1100 0       
02254006 26/12/2019 1100 0       
02254006 27/12/2019 1100 0.3     
02254006 28/12/2019 1100 0       
02254006 29/12/2019 1100 0       
02254006 30/12/2019 1100 0.3     
02254006 31/12/2019 1100 0       
02254006 01/01/2020 1100 3       
02254006 02/01/2020 1100 0.3     
02254006 03/01/2020 1100 0       
02254006 04/01/2020 1100 19.8    
02254006 05/01/2020 1100 0       
02254006 06/01/2020 1100 0       
02254006 07/01/2020 1100 16.5    
02254006 08/01/2020 1100 79.5    
02254006 09/01/2020 1100 1       
02254006 10/01/2020 1100 0       
02254006 11/01/2020 1100 0       
02254006 12/01/2020 1100 14.5    
02254006 13/01/2020 1100 2       
02254006 14/01/2020 1100 8       
02254006 15/01/2020 1100 0.3     
02254006 16/01/2020 1100 0       
02254006 17/01/2020 1100 0       
02254006 18/01/2020 1100 0       
02254006 19/01/2020 1100 0       
02254006 20/01/2020 1100 0       
02254006 21/01/2020 1100 0       
02254006 22/01/2020 1100 9.3     
02254006 23/01/2020 1100 34      
02254006 24/01/2020 1100 6.8     
02254006 25/01/2020 1100 0       
02254006 26/01/2020 1100 0       
02254006 27/01/2020 1100 0       
02254006 28/01/2020 1100 0       
02254006 29/01/2020 1100 0       
02254006 30/01/2020 1100 0.5     
02254006 31/01/2020 1100 7.8     
02254006 01/02/2020 1100 12      
02254006 02/02/2020 1100 31.5    
02254006 03/02/2020 1100 4       
02254006 04/02/2020 1100 0       
02254006 05/02/2020 1100 0       
02254006 06/02/2020 1100 22.8    
02254006 07/02/2020 1100 0       
02254006 08/02/2020 1100 0       
02254006 09/02/2020 1100 10.8    
02254006 10/02/2020 1100 0       
02254006 11/02/2020 1100 41.5    
