02353044 23/12/2019 1000 0       
02353044 24/12/2019 1000 0       
02353044 25/12/2019 1000 0       
02353044 26/12/2019 1000 0       
02353044 27/12/2019 1000 0       
02353044 28/12/2019 1000 0       
02353044 29/12/2019 1000 0       
02353044 30/12/2019 1000 0       
02353044 31/12/2019 1000 0       
02353044 01/01/2020 1000 0       
02353044 02/01/2020 1000 4.5     
02353044 03/01/2020 1000 0.3     
02353044 04/01/2020 1000 0.8     
02353044 05/01/2020 1000 0       
02353044 06/01/2020 1000 1       
02353044 07/01/2020 1000 3       
02353044 08/01/2020 1000 87.3    
02353044 09/01/2020 1000 2.3     
02353044 10/01/2020 1000 1.8     
02353044 11/01/2020 1000 1.8     
02353044 12/01/2020 1000 4       
02353044 13/01/2020 1000 1.3     
02353044 14/01/2020 1000 4.8     
02353044 15/01/2020 1000 0.3     
02353044 16/01/2020 1000 0       
02353044 17/01/2020 1000 2       
02353044 18/01/2020 1000 0       
02353044 19/01/2020 1000 0       
02353044 20/01/2020 1000 0       
02353044 21/01/2020 1000 0       
02353044 22/01/2020 1000 0       
02353044 23/01/2020 1000 24.8    
02353044 24/01/2020 1000 12.8    
02353044 25/01/2020 1000 0       
02353044 26/01/2020 1000 0       
02353044 27/01/2020 1000 0       
02353044 28/01/2020 1000 0       
02353044 29/01/2020 1000 0       
02353044 30/01/2020 1000 45      
02353044 31/01/2020 1000 6       
02353044 01/02/2020 1000 0.3     
02353044 02/02/2020 1000 3.3     
02353044 03/02/2020 1000 25.5    
02353044 04/02/2020 1000 0.3     
02353044 05/02/2020 1000 0       
02353044 06/02/2020 1000 3.5     
02353044 07/02/2020 1000 0       
02353044 08/02/2020 1000 0       
02353044 09/02/2020 1000 0.5     
02353044 10/02/2020 1000 0       
02353044 11/02/2020 1000 0       
