02454044 23/12/2019 1100 0       
02454044 24/12/2019 1100 0       
02454044 25/12/2019 1100 0       
02454044 26/12/2019 1100 0       
02454044 27/12/2019 1100 0       
02454044 28/12/2019 1100 0       
02454044 29/12/2019 1100 0       
02454044 30/12/2019 1100 0       
02454044 31/12/2019 1100 0       
02454044 01/01/2020 1100 10      
02454044 02/01/2020 1100 0.3     
02454044 03/01/2020 1100 25      
02454044 04/01/2020 1100 0.3     
02454044 05/01/2020 1100 0       
02454044 06/01/2020 1100 0       
02454044 07/01/2020 1100 36.8    
02454044 08/01/2020 1100 73      
02454044 09/01/2020 1100 36.5    
02454044 10/01/2020 1100 0       
02454044 11/01/2020 1100 0       
02454044 12/01/2020 1100 0       
02454044 13/01/2020 1100 0       
02454044 14/01/2020 1100 0       
02454044 15/01/2020 1100 0.3     
02454044 16/01/2020 1100 0.3     
02454044 17/01/2020 1100 6.3     
02454044 18/01/2020 1100 0       
02454044 19/01/2020 1100 0       
02454044 20/01/2020 1100 0       
02454044 21/01/2020 1100 0       
02454044 22/01/2020 1100 7.8     
02454044 23/01/2020 1100 18.8    
02454044 24/01/2020 1100 7.3     
02454044 25/01/2020 1100 0       
02454044 26/01/2020 1100 0       
02454044 27/01/2020 1100 0       
02454044 28/01/2020 1100 2.5     
02454044 29/01/2020 1100 0       
02454044 30/01/2020 1100 30.3    
02454044 31/01/2020 1100 4.5     
02454044 01/02/2020 1100 0       
02454044 02/02/2020 1100 4.3     
02454044 03/02/2020 1100 25.3    
02454044 04/02/2020 1100 0.8     
02454044 05/02/2020 1100 0       
02454044 06/02/2020 1100 0       
02454044 07/02/2020 1100 0       
02454044 08/02/2020 1100 0.3     
02454044 09/02/2020 1100 0       
02454044 10/02/2020 1100 0.8     
02454044 11/02/2020 1100 0.3     
