02453068 23/12/2019 1000 0       
02453068 24/12/2019 1000 0       
02453068 25/12/2019 1000 0       
02453068 26/12/2019 1000 0       
02453068 27/12/2019 1000 0       
02453068 28/12/2019 1000 0.3     
02453068 29/12/2019 1000 0       
02453068 30/12/2019 1000 0       
02453068 31/12/2019 1000 0       
02453068 01/01/2020 1000 0       
02453068 02/01/2020 1000 12.8    
02453068 03/01/2020 1000 0.5     
02453068 04/01/2020 1000 0       
02453068 05/01/2020 1000 0.3     
02453068 06/01/2020 1000 0.3     
02453068 07/01/2020 1000 43.3    
02453068 08/01/2020 1000 55.3    
02453068 09/01/2020 1000 0       
02453068 10/01/2020 1000 2.8     
02453068 11/01/2020 1000 0       
02453068 12/01/2020 1000 15.5    
02453068 13/01/2020 1000 0       
02453068 14/01/2020 1000 2.3     
02453068 15/01/2020 1000 12.3    
02453068 16/01/2020 1000 0       
02453068 17/01/2020 1000 9       
02453068 18/01/2020 1000 0       
02453068 19/01/2020 1000 0       
02453068 20/01/2020 1000 0       
02453068 21/01/2020 1000 0       
02453068 22/01/2020 1000 0       
02453068 23/01/2020 1000 2       
02453068 24/01/2020 1000 4       
02453068 25/01/2020 1000 0       
02453068 26/01/2020 1000 0       
02453068 27/01/2020 1000 0       
02453068 28/01/2020 1000 0       
02453068 29/01/2020 1000 0       
02453068 30/01/2020 1000 30.8    
02453068 31/01/2020 1000 11.5    
02453068 01/02/2020 1000 0       
02453068 02/02/2020 1000 1.5     
02453068 03/02/2020 1000 55.5    
02453068 04/02/2020 1000 0       
02453068 05/02/2020 1000 0       
02453068 06/02/2020 1000 0       
02453068 07/02/2020 1000 0       
02453068 08/02/2020 1000 0       
02453068 09/02/2020 1000 0       
02453068 10/02/2020 1000 0.3     
02453068 11/02/2020 1000 15.3    
