ONS-Operador Nacional Do Sistema Eletrico
Modelo Computacional SMAP
Versao: 3.0.0 Data: 23/09/2019

Iniciando execucao: 27-01-2020 12:58:55

Parametros
   Amplitude inicial: 0.5
   dm alvo: 0 (nao e necessario multiplicar por 100)
   Limite de iteracoes: 10000
   Particulas: 24
   Pulso inicial: 0.1
   Uso de pesos: on
   Gerar graficos: off
   Semente: 9952

Sub bacia: Balsa
cef: 0.97990943
*dm: 0.042429797
ebin: 152.02558
mape: 0.037371869
somacoef: 1.9425376
supin: 189.62974
Iteracoes: 10000
Iteracao otima: 9540
Tempo: 8.961 s

Qcal
[32](0,341.65532,289.97917,253.80014,228.44599,210.62865,198.04014,214.83154,217.05814,223.82949,208.03403,196.7144,238.66396,281.32439,295.71494,265.00144,262.85669,464.96689,704.08994,617.37398,493.25969,406.22066,345.95593,347.03142,328.39395,291.27697,265.03835,246.36965,232.95307,223.16998,215.89741,210.32514)
Rsolo
[32](116.298,111.74576,107.49038,103.50953,99.807201,96.455306,97.054472,96.481601,96.550841,93.437884,90.622447,93.687333,97.3808,99.677307,97.850617,98.231546,108.24861,119.23244,120.73046,116.60491,112.89291,109.71867,110.92235,110.42822,106.16887,102.10484,98.288832,94.769337,91.613803,88.55151,85.531945,82.645816)
Rsub
[32](37.380297,38.330657,39.091557,39.685725,40.133096,40.451957,40.661113,40.885055,41.08775,41.289153,41.394552,41.418077,41.52858,41.748008,42.035661,42.26111,42.494625,43.058597,44.030455,45.047048,45.880911,46.558109,47.106743,47.690106,48.24558,48.640094,48.890733,49.014896,49.029878,48.953214,48.793326,48.556825)
Rsup
[32](2.6686945,1.887052,1.3343473,0.943526,0.66717364,0.471763,0.69610041,0.71461826,0.79831143,0.56449142,0.39915571,0.98817319,1.5822167,1.7721783,1.3234776,1.2803905,4.1113594,7.4443034,6.1683086,4.3634398,3.0907967,2.2039201,2.1876543,1.8919765,1.3378294,0.94598825,0.6689147,0.47299412,0.33445735,0.23649706,0.16722868,0.11824853)
Peso chuva 
[32](1.8101832,0.89485929,0.5,0.5,0.5,0.5,1.7198685,0.70369528,1.0483782,0.5,0.5,1.0492728,0.62202715,0.5,0.5,0.5,0.65383493,0.80703711,1.0726753,0.5,0.5,0.5,1.0074873,2,0.5,2,0.5,0.5,0.5,0.5,0.5,1)
Previsao ETA40_LIMITES
[13] (0,0,6.2390909,17.295455,24.992727,5.6918182,0.88818182,0.72636364,0.050909091,21.84,7.7724545,7.7724545,7.7724545)
Previsao PMEDIA_ORIG
[13] (0.3,1.6,1.9,4.9,3.4,6.6,10.5,6.2,3.6,3.1,5.5,4.8,4.3666667)
Previsao PRECMEDIA_ETA40.GEFS
[13] (0.52,1.1,3.57,9.94,10.9,9.84,14.03,7.67,3.69,6.53,6.779,6.779,6.779)
Previsao PRECZERADA_ETA40
[13] (0,0,0,0,0,0,0,0,0,0,0,0,0)


Sub bacia: Flor+Estra
cef: 0.89999286
*dm: 0.10155819
ebin: 242.38608
mape: 0.017681584
somacoef: 1.8823113
supin: 186.5171
Iteracoes: 10000
Iteracao otima: 9633
Tempo: 8.735 s

Qcal
[34](0,0,0,376.43038,353.53422,319.55373,302.32913,291.42114,279.85449,286.14321,278.64972,274.37745,311.87689,289.15726,361.94192,442.5498,434.09965,413.19823,392.39146,372.52853,338.81032,345.49194,334.48963,313.0367,301.61861,293.92606,281.19697,273.08088,267.68184,274.74489,370.58499,379.91439,358.72503,319.16383)
Rsolo
[34](0,0,73.1364,71.583893,70.167802,72.926014,74.758609,74.888964,76.918384,76.279537,75.857577,80.75989,77.351142,86.870937,98.168491,91.180547,83.235145,78.548789,75.235051,73.618104,77.973908,78.721813,76.25232,74.954311,73.887501,71.81826,70.179889,68.845474,69.840263,81.560694,85.468519,79.109317,75.252405,72.268965)
Rsub
[34](0,0,249.52077,248.7834,247.56407,246.11411,245.3296,245.14671,245.00844,245.56758,245.9004,246.08585,248.05285,248.74722,253.206,263.10741,269.44061,272.24829,273.23281,273.04638,272.32625,273.1015,274.14443,274.30045,274.01332,273.37509,272.08383,270.49026,268.90602,267.33106,269.48418,273.21811,274.40326,274.21582)
Rsup
[34](0,0,2.56301,1.7609774,1.0865122,0.86917649,0.72975725,0.57325639,0.66151798,0.55108307,0.48793336,1.0007535,0.66229707,2.0662737,4.8244645,4.1711025,3.1928368,2.3418322,1.5889983,1.0109744,1.112402,0.95086611,0.64215093,0.48316746,0.38129365,0.21489729,0.12060703,0.067688404,0.18589195,1.7260265,1.9877496,1.2823383,0.7228914,0.40570908)
Peso chuva 
[34](1.9594675,2,0.5,2,2,2,2,2,2,2,2,1.8834424,1.0617352,0.97934809,0.84140325,0.5,0.5,0.5,0.5,2,1.47751,1.1176948,1.363753,1.9191147,1.0622767,0.5,0.5,0.5,0.73700934,1.5195127,1.7738432,0.5,0.5,1)
Previsao ETA40_LIMITES
[13] (0,0,2.5288889,10.588889,30.001111,3.1422222,0,0.21444444,0,16.244444,6.272,6.272,6.272)
Previsao PMEDIA_ORIG
[13] (0.1,0.1,2.5,8.8,8.9,6.1,7.2,6.6,4.1,6.3,6.6,4.7,5.1666667)
Previsao PRECMEDIA_ETA40.GEFS
[13] (0.06,0.07,2.39,9,13.96,7.69,7.54,7.78,5.76,7.91,6.216,6.216,6.216)
Previsao PRECZERADA_ETA40
[13] (0,0,0,0,0,0,0,0,0,0,0,0,0)


Sub bacia: Itaipu
cef: 0.65370215
*dm: 0.35191367
ebin: 842.51855
mape: 0.062618115
somacoef: 1.591084
supin: 57.150655
Iteracoes: 10000
Iteracao otima: 9906
Tempo: 8.888 s

Qcal
[34](0,0,0,899.66921,880.85642,863.27574,847.91336,834.29809,822.0878,811.62084,802.72525,822.74042,810.00294,795.54896,956.06106,1171.9184,1127.9024,1064.0353,1008.4469,962.97065,922.7299,911.52154,882.60541,855.6176,832.21216,833.41473,809.55473,788.99204,771.47515,791.52779,873.84711,871.17207,842.204,814.06374)
Rsolo
[34](0,0,61.5696,59.855996,58.474726,57.125837,55.80776,54.841238,54.023764,53.338194,55.286554,54.747722,53.840738,63.585704,74.699465,70.593827,66.105663,63.502362,62.032066,60.901594,62.174476,61.193056,60.380874,59.752528,60.961244,59.666785,58.400073,57.104926,59.439379,65.96984,65.753307,63.203148,60.949924,59.364645)
Rsub
[34](0,0,158.11781,156.93919,155.47603,154.02651,152.5905,151.16788,149.75852,148.36231,146.97911,145.6088,144.25127,142.9064,142.51391,146.39921,148.5269,148.94392,148.46771,147.5233,146.23885,145.36006,144.18451,142.84026,141.50854,140.29826,138.99024,137.69442,136.41068,135.13891,135.63269,136.04563,135.59175,134.4332)
Rsup
[34](0,0,0.4559985,0.35600222,0.2779342,0.21698578,0.16940279,0.13246073,0.10886473,0.097247807,0.31575314,0.27238051,0.21476902,1.5526537,3.2916416,2.7752598,2.175213,1.7139497,1.3713462,1.0904213,1.0555993,0.86224238,0.69688819,0.56728943,0.63350245,0.49458118,0.38612407,0.30145061,0.51602642,1.2269121,1.1845751,0.93588607,0.73065484,0.57042895)
Peso chuva 
[34](0.5,2,0.5,2,2,2,2,0.69302596,0.5,0.5,2,2,1.7266315,1.8629684,1.0138161,0.5,0.5,0.5,0.5,0.5139413,0.94616185,0.5,1.022538,0.7437634,2,2,2,2,2,2,2,2,0.5,1)
Previsao ETA40_LIMITES
[13] (0,0,3.9888889,13.588889,18.181481,5.1,0.040740741,0.17037037,0.062962963,18.614815,5.9748148,5.9748148,5.9748148)
Previsao PMEDIA_ORIG
[13] (0,0.2,3.1,10,6.6,8,8,6.7,4.9,5.6,5.4,3.7,5.1833333)
Previsao PRECMEDIA_ETA40.GEFS
[13] (0.08,0.16,2.95,9.89,9.62,8.48,7.77,6.53,3.93,7.08,5.649,5.649,5.649)
Previsao PRECZERADA_ETA40
[13] (0,0,0,0,0,0,0,0,0,0,0,0,0)


Sub bacia: Ivinhema
cef: 0.93328849
*dm: 0.076419553
ebin: 215.475
mape: 0.0372763
somacoef: 1.8960122
supin: 1183.84
Iteracoes: 10000
Iteracao otima: 8926
Tempo: 12.469 s

Qcal
[46](0,0,0,0,0,0,0,0,0,0,0,0,0,0,0,538.21951,552.16004,550.38834,544.26155,534.47628,522.11276,509.90778,461.20598,407.5928,362.60522,332.82476,335.6683,335.65004,340.85911,366.8911,388.8427,409.03913,422.77582,435.91708,450.57528,454.4338,456.43962,436.55973,396.09087,362.43167,334.62592,312.09627,323.61445,335.33079,333.31743,374.83343)
Rsolo
[46](0,0,0,0,0,0,0,0,0,0,0,0,0,0,49.7705,48.514753,46.75345,45.058444,43.140382,41.132483,39.600623,36.866661,33.178944,30.612634,28.564172,27.778675,27.008735,26.459533,26.878272,27.303128,27.79347,28.122126,28.502403,29.00236,29.112619,29.163404,28.412487,26.695603,25.031672,23.396404,21.838231,21.755419,21.849285,21.564885,23.245506,21.330984)
Rsub
[46](0,0,0,0,0,0,0,0,0,0,0,0,0,0,131.14206,133.33829,135.34207,137.09053,138.60492,139.86928,140.8879,141.7288,142.27842,142.48146,142.47376,142.31604,142.10559,141.84593,141.55299,141.28751,141.05041,140.8466,140.6658,140.51186,140.39369,140.2839,140.17825,140.02027,139.75014,139.38222,138.9286,138.40298,137.87602,137.35559,136.82493,136.37516)
Rsup
[46](0,0,0,0,0,0,0,0,0,0,0,0,0,0,15.58343,6.0649344,4.3204462,3.8318504,3.3839065,3.071699,3.198677,2.5386046,2.0148918,1.6077886,1.299642,1.3404841,1.3447952,1.4189807,1.7679877,2.0626886,2.3336714,2.5189019,2.6957969,2.892079,2.9454262,2.9742043,2.7148014,2.1855078,1.7482788,1.3902166,1.1034594,1.2664469,1.4320718,1.416825,1.9747966,1.5673971)
Peso chuva 
[46](0.61124852,1.9236772,0.5,0.55158688,1.911875,1.7928191,0.5,0.72239118,1.9304948,2,1.8044504,1.955736,1.1925329,0.50101865,2,2,2,2,2,2,2,2,0.5,0.5,0.5,1.5813454,0.57878662,0.5,1.2887462,1.3324784,1.5504502,1.2165111,0.70176385,0.76202331,1.1373199,1.2606721,1.0236331,0.5,0.5,0.5,0.5,0.5,0.5,0.86056206,1.5651528,1)
Previsao ETA40_LIMITES
[13] (0,0.13333333,0.53277778,5.0611111,20.082222,10.786111,0.32222222,0.41222222,0.012777778,13.443333,5.0786111,5.0786111,5.0786111)
Previsao PMEDIA_ORIG
[13] (0.1,0.3,1.1,2.5,6.8,8.4,6.2,6.8,7.5,7.6,8.7,6.6,5.2166667)
Previsao PRECMEDIA_ETA40.GEFS
[13] (0.1,0.17,0.72,2.61,7.87,6.42,3.2,3.78,3.66,5.56,3.409,3.409,3.409)
Previsao PRECZERADA_ETA40
[13] (0,0,0,0,0,0,0,0,0,0,0,0,0)


Sub bacia: PTaquara
cef: 0.98697719
*dm: 0.020721758
ebin: 239.37944
mape: 0.016118238
somacoef: 1.9708589
supin: 494.61067
Iteracoes: 10000
Iteracao otima: 9749
Tempo: 8.446 s

Qcal
[33](0,0,733.9901,637.13146,560.42368,499.63082,451.39866,413.0721,383.52289,385.97752,437.18515,459.022,429.88402,416.91379,553.74211,684.62646,723.04132,667.76242,639.94602,605.37989,624.45917,750.38074,698.43257,617.11322,555.80399,523.08039,478.11337,442.30068,413.64125,390.60922,372.53088,360.00507,347.2108)
Rsolo
[33](0,127.5312,122.0302,116.89002,112.07695,107.56135,103.41561,100.42695,99.936093,102.28102,103.50705,101.63823,100.54268,105.97398,111.2975,114.15656,113.23742,113.23218,112.53907,113.99621,118.36245,117.40966,113.33457,110.25135,108.66276,104.76777,100.56655,96.584606,93.030745,90.420716,88.395888,85.535012,82.384884)
Rsub
[33](0,57.525769,58.770413,59.798894,60.636862,61.306565,61.827371,62.219069,62.521447,62.806983,63.155704,63.536184,63.858948,64.147432,64.590461,65.19383,65.883799,66.536365,67.181942,67.798211,68.455681,69.253711,70.010633,70.623261,71.130362,71.582455,71.911879,72.116901,72.211133,72.21234,72.148899,72.037705,71.86184)
Rsup
[33](0,6.0192717,4.7774991,3.7919036,3.0096358,2.3887496,1.8959518,1.5165102,1.5310695,2.139792,2.3878805,2.0140116,1.8398224,3.490375,5.060765,5.4977075,4.790038,4.4184735,3.9651206,4.1661014,5.6652361,4.9926283,3.9646634,3.1875231,2.7636059,2.1934755,1.7409627,1.381803,1.0967377,0.87666835,0.72744541,0.57737381,0.4582619)
Peso chuva 
[33](0.5,2,2,0.5,0.73274567,2,1.1891038,2,2,2,2,2,2,2,0.74599217,0.5,1.0989657,1.2846397,0.5785163,0.75266551,1.9131195,1.2333681,0.5,0.5,0.64941219,0.5,0.5,1.1403977,0.5,0.5,0.5,0.64261031,1)
Previsao ETA40_LIMITES
[13] (0.0042105263,1.7189474,1.37,6.9626316,21.874211,11.092632,1.4563158,0.50473684,0.021052632,12.771053,5.7775789,5.7775789,5.7775789)
Previsao PMEDIA_ORIG
[13] (0.1,1.6,1.5,4.6,14.2,10.8,18.6,10.4,4.5,3.3,6.8,7,6.95)
Previsao PRECMEDIA_ETA40.GEFS
[13] (0.29,1.34,1.25,4.41,9.59,10.93,14.19,8.72,4.25,4.6,5.957,5.957,5.957)
Previsao PRECZERADA_ETA40
[13] (0,0,0,0,0,0,0,0,0,0,0,0,0)


Tempo de execucao em: 49 s

Finalizando execucao: 27-01-2020 12:59:44

