ONS-Operador Nacional Do Sistema Eletrico
Modelo Computacional SMAP
Versao: 3.0.0 Data: 23/09/2019

Iniciando execucao: 27-01-2020 12:50:07

Parametros
   Amplitude inicial: 0.5
   dm alvo: 0 (nao e necessario multiplicar por 100)
   Limite de iteracoes: 10000
   Particulas: 24
   Pulso inicial: 0.1
   Uso de pesos: on
   Gerar graficos: off
   Semente: 9952

Sub bacia: SMesa
cef: 0.99788391
*dm: 0.015673873
ebin: 164.61914
mape: 0.015530373
somacoef: 1.9823535
supin: 89.743117
Iteracoes: 10000
Iteracao otima: 9956
Tempo: 8.621 s

Qcal
[34](0,0,0,254.36226,231.53656,217.05402,204.58802,222.9227,250.32627,243.25857,292.9961,331.99743,386.32032,542.00743,972.71684,1071.3381,800.92539,637.3346,531.00151,577.19126,451.61654,434.46114,361.57475,321.76523,336.67588,367.30678,379.02076,429.93924,397.69114,482.38247,668.66439,798.16276,1445.3044,1689.0097)
Rsolo
[34](0,0,5.608268,5.4733472,5.3568877,5.2311619,5.2216531,5.9354181,5.8828461,8.0240225,10.288993,13.559787,20.143254,32.095347,39.901866,38.687149,38.342584,38.17199,41.870834,39.75636,40.713585,39.696033,39.258554,40.031757,41.514697,42.010301,43.676278,42.276972,44.82786,48.847182,50.633131,58.228927,58.443098,47.305262)
Rsub
[34](0,0,26.177641,25.899971,25.625246,25.353436,25.084508,24.818433,24.55518,24.29472,24.037022,23.782058,23.529798,23.280214,23.033278,22.78896,22.547234,22.308073,22.071448,22.457597,22.219386,22.220533,21.984837,21.75164,21.541587,21.81314,22.249644,23.273687,23.786586,25.228878,28.334146,32.232806,40.158567,48.127977)
Rsup
[34](0,0,0.51682149,0.39542646,0.32197219,0.26002536,0.37535218,0.54280245,0.51163402,0.80749999,1.0414372,1.3635107,2.2692326,4.7586831,5.3355757,3.7871443,2.8537957,2.2500955,2.524667,1.7875105,1.6973411,1.2775543,1.056831,1.1511452,1.3351525,1.3927778,1.6702041,1.4474049,1.9165589,2.9371049,3.5704154,7.156048,8.2724902,5.8495339)
Peso chuva 
[34](1.684487,0.5,2,2,1.999133,1.6882563,2,1.0278946,1.0513827,1.0712503,2,1.1052313,0.76254525,1.5682447,1.4383745,0.67021185,1.0724236,2,1.7598544,0.5,1.6112896,2,2,2,1.0333782,1.4029711,1.1793449,1.5198505,1.5235878,1.1606418,0.7994397,0.83093831,0.6635584,1)
Previsao ETA40_LIMITES
[13] (20.510385,11.823077,8.9780769,3.4176923,1.3838462,0.20576923,3.1961538,8.5873077,11.633462,10.566154,8.0301923,8.0301923,8.0301923)
Previsao PMEDIA_ORIG
[13] (12.4,7.1,1.8,2.1,4.3,2.8,2.5,3.7,11,17.2,19.1,19,8.5833333)
Previsao PRECMEDIA_ETA40.GEFS
[13] (16.71,10,5.37,3,4.14,2.61,3.43,6.02,11.63,15.64,7.855,7.855,7.855)
Previsao PRECZERADA_
[13] (0,0,0,0,0,0,0,0,0,0,0,0,0)


Tempo de execucao em: 8 s

Finalizando execucao: 27-01-2020 12:50:15

