Data       TU     EB        SUP       Qajustada
06/02/2020 000.00 000000.00 000000.00 000000.00
07/02/2020 000.00 000000.00 000000.00 000000.00
08/02/2020 000.00 000000.00 000000.00 000000.00
09/02/2020 000.00 000000.00 000000.00 000000.00
10/02/2020 000.00 000000.00 000000.00 000000.00
11/02/2020 000.00 000000.00 000000.00 000000.00
12/02/2020 000.00 000000.00 000000.00 000000.00
13/02/2020 000.00 000000.00 000000.00 000000.00
14/02/2020 000.00 000000.00 000000.00 000000.00
15/02/2020 000.00 000000.00 000000.00 000000.00
16/02/2020 000.00 000000.00 000000.00 000000.00
17/02/2020 000.00 000000.00 000000.00 000000.00
18/02/2020 000.00 000000.00 000000.00 000000.00
19/02/2020 000.00 000000.00 000000.00 000000.00
20/02/2020 031.67 000025.63 000000.32 000025.95
21/02/2020 030.88 000025.05 000000.19 000025.24
22/02/2020 030.07 000024.48 000000.11 000024.59
23/02/2020 029.23 000023.92 000000.07 000023.98
24/02/2020 029.03 000023.37 000001.30 000024.67
25/02/2020 038.95 000022.84 000091.29 000114.12
26/02/2020 047.59 000022.73 000142.26 000164.99
27/02/2020 047.52 000023.32 000088.95 000112.28
28/02/2020 047.02 000023.90 000056.05 000079.94
29/02/2020 047.28 000024.41 000039.58 000063.99
01/03/2020 046.94 000024.94 000027.58 000052.51
02/03/2020 045.28 000025.42 000016.18 000041.60
03/03/2020 043.85 000025.75 000009.49 000035.24
04/03/2020 042.44 000025.94 000005.57 000031.51
05/03/2020 041.03 000026.02 000003.27 000029.29
06/03/2020 039.70 000025.99 000001.92 000027.91
07/03/2020 039.27 000025.86 000002.39 000028.25
08/03/2020 038.97 000025.71 000003.23 000028.94
09/03/2020 038.39 000025.54 000002.46 000028.00
10/03/2020 037.42 000025.34 000001.44 000026.78
11/03/2020 036.39 000025.08 000000.85 000025.92
12/03/2020 035.42 000024.76 000000.50 000025.25
13/03/2020 034.43 000024.39 000000.29 000024.68
14/03/2020 033.47 000023.97 000000.17 000024.14
15/03/2020 032.56 000023.51 000000.10 000023.61
16/03/2020 031.70 000023.02 000000.06 000023.08
17/03/2020 031.08 000022.49 000000.03 000022.53
18/03/2020 035.87 000021.98 000026.04 000048.02
19/03/2020 040.79 000021.70 000045.69 000067.39
20/03/2020 040.61 000021.75 000029.37 000051.12
21/03/2020 039.95 000021.79 000017.81 000039.59
