ONS-Operador Nacional Do Sistema Eletrico
Modelo Computacional SMAP
Versao: 2.0.4 Data: 14/05/2019

Iniciando execucao: 24-03-2020 18:24:55

Parametros
   Amplitude inicial: 0.5
   somacoef alvo: 2 (nao e necessario multiplicar por 100)
   Limite de iteracoes: 10000
   Particulas: 24
   Pulso inicial: 0.1
   Uso de pesos: on
   Gerar graficos: off
   Semente: 9952

Sub bacia: CanoasI
cef: 0.9856069
dm: 0.020562827
ebin: 79.132431
mape: 0.014685656
*somacoef: 1.9709212
supin: 68.709499
Iteracoes: 10000
Iteracao otima: 8322
Tempo: 4.756 s

Qcal
[34](0,0,0,147.84193,151.04245,152.02504,140.59586,191.20532,212.50233,201.28801,183.44119,165.5421,149.53937,136.72794,126.45896,118.21179,111.57294,106.21399,101.87405,98.345861,95.464716,93.099718,91.146805,89.523228,88.163166,87.014242,88.270522,93.818374,97.661199,107.55997,121.51452,126.92967,127.41263,122.92669)
Rsolo
[34](0,0,337.05,340.53486,343.58015,343.14657,353.16844,354.05462,348.91142,344.49555,342.93177,340.25659,336.75784,333.2825,329.84303,326.43905,323.0702,319.73611,316.43644,313.17081,309.93889,306.76726,303.6312,300.50923,297.4147,297.13307,299.0829,300.79495,304.7825,310.19485,314.08117,316.79728,317.73242,314.45342)
Rsub
[34](0,0,195.23548,194.7293,194.22443,193.72086,193.21861,199.43704,206.32555,209.26031,208.89823,208.35662,207.81641,207.27761,206.7402,206.20419,205.66957,205.13633,204.60447,204.074,203.5449,203.01717,202.49081,201.96581,201.44218,200.9199,200.39898,199.8794,199.36118,198.8443,198.32876,197.81455,197.30168,196.79014)
Rsup
[34](0,0,2.1304606,2.2360598,2.2728721,1.9248183,3.6763501,4.3860977,3.6459853,2.844496,2.3083524,1.8323074,1.4543034,1.1542813,0.91615371,0.72715169,0.57714067,0.45807686,0.36357584,0.28857034,0.22903843,0.18178792,0.14428517,0.11451921,0.090893961,0.14146645,0.32475118,0.45483569,0.7723839,1.215397,1.3933573,1.4181301,1.2885929,1.0227568)
Peso chuva 
[34](0.92505596,0.55067146,0.74048977,1.0532065,1.5595941,2,0.79202477,0.5,0.5,0.5,0.5,0.7164089,2,1.8893057,1.9673495,1.4196359,0.70161681,0.79855152,2,0.57663452,2,2,2,2,2,2,1.0928345,1.2523943,1.7244078,1.0534064,0.90918282,1.5409266,2,1)
Previsao PMEDIA_ORIG
[13] (0.1,0,0.1,0.2,1.1,7.1,5.8,2.1,3.7,4.4,1.6,3.3,2.4583333)


Sub bacia: Capivara
cef: 0.99298628
dm: 0.014988436
ebin: 138.70877
mape: 0.013246165
*somacoef: 1.9797401
supin: 147.69233
Iteracoes: 10000
Iteracao otima: 7511
Tempo: 4.413 s

Qcal
[33](0,0,286.4011,320.05993,292.23264,244.81573,234.89245,285.27544,312.27383,309.43197,256.5966,219.68952,193.79488,175.5268,162.51818,153.12571,146.29121,141.28531,137.55075,134.70061,132.46621,130.66101,129.15547,127.85962,126.71101,125.66625,136.07971,176.77615,195.3424,198.79506,223.83002,239.79536,216.10222)
Rsolo
[33](0,61.9552,66.084976,66.7821,65.135386,65.502419,69.421196,72.556298,74.221031,71.559531,69.161597,67.244112,65.466422,63.824423,62.032442,60.179029,58.573555,57.098056,55.696541,54.078047,52.44432,50.85995,49.323444,47.833357,46.692923,46.639936,49.745019,52.037764,53.4768,56.639889,59.612745,59.573396,57.773652)
Rsub
[33](0,65.57748,65.15006,64.869138,64.625253,64.300925,63.996655,63.898114,63.979219,64.16063,64.18157,64.067639,63.852699,63.549582,63.169763,62.758036,62.348992,61.942615,61.538886,61.137788,60.739305,60.343419,59.950113,59.559371,59.171175,58.78551,58.402358,58.021704,57.64353,57.267822,56.894562,56.523735,56.155326)
Rsup
[33](0,1.488847,1.8372663,1.5627369,1.08994,0.9968215,1.5112069,1.7854715,1.7550942,1.2186068,0.84610986,0.58750219,0.40792967,0.28325651,0.19667224,0.13655456,0.094813324,0.065831316,0.045708366,0.031736487,0.022035455,0.01529978,0.010623028,0.0073758401,0.0051212344,0.11832004,0.53673971,0.73201778,0.77488675,1.0352686,1.2041698,0.97323255,0.67574025)
Peso chuva 
[33](0.5,0.5,1.4115417,1.2748057,0.5,1.0446615,0.93483076,0.7170155,1.0368987,0.56639312,2,1.8665112,1.8392918,1.7413961,2,2,2,2,2,2,2,0.5,1.9435824,0.53398168,2,2,2,1.4861733,0.81384628,0.97472176,0.96978706,2,1)
Previsao PMEDIA_ORIG
[13] (0,0,0.1,0.2,1.9,7.9,4.8,3,2.5,4.4,1.7,5.3,2.65)


Sub bacia: Chavantes
cef: 0.9918384
dm: 0.018591925
ebin: 47.148036
mape: 0.016704729
*somacoef: 1.9751337
supin: 41.90588
Iteracoes: 10000
Iteracao otima: 9129
Tempo: 4.544 s

Qcal
[34](0,0,0,89.053917,111.14984,109.38493,92.180668,88.255086,90.013559,89.594173,101.06164,83.921072,71.523249,63.030157,57.194055,53.165986,50.368322,48.408047,47.017754,46.015501,45.277493,44.7195,44.284213,43.932635,43.638235,43.382959,43.154522,42.944566,42.747402,42.559159,43.040522,50.921262,59.896434,54.37)
Rsolo
[34](0,0,120.7764,126.21056,129.09658,128.51064,129.81184,131.94839,133.7266,137.25866,135.62531,133.41219,130.83962,128.29195,125.79389,123.34447,120.94274,118.58778,116.27868,114.02232,111.81376,109.64276,107.50823,105.41518,103.36256,101.34992,99.711825,98.240281,96.786686,96.014745,97.898427,100.71455,99.72155,97.779802)
Rsub
[34](0,0,103.13325,102.72086,102.31012,101.90102,101.49356,101.08772,100.68351,100.28092,99.969644,99.569903,99.171762,98.775212,98.380248,97.986863,97.595051,97.204806,96.816122,96.428991,96.043409,95.659368,95.276863,94.895888,94.516436,94.138501,93.762077,93.387159,93.013739,92.641813,92.271374,91.902416,91.534934,91.168921)
Rsup
[34](0,0,1.1468487,1.7567128,1.713551,1.2478358,1.1455013,1.1987033,1.192283,1.511153,1.0459571,0.711664,0.48421263,0.32945585,0.22416011,0.15251742,0.10377209,0.070606011,0.048039977,0.03268616,0.0222395,0.015131645,0.010295495,0.0070050035,0.0047661694,0.0032428778,0.0022064379,0.0015012493,0.0010214425,0.018848229,0.23915702,0.48939886,0.34275319,0.23320755)
Peso chuva 
[34](0.5,0.5,0.69262938,1.1354934,1.0823676,2,1.1030421,0.57889051,0.5,1.5045924,2,2,1.9964203,2,0.5,1.947,2,2,0.55615755,1.8880408,0.86742444,0.60476781,0.58527223,0.5,2,1.8882248,1.8288507,0.67471236,0.5451291,1.0029046,1.0106962,0.99598014,0.6574886,1)
Previsao PMEDIA_ORIG
[13] (0.1,0.1,0,0.1,1,7.4,5.1,1.9,2.6,3.7,1.6,4.3,2.325)


Sub bacia: Jurumirim
cef: 0.99874213
dm: 0.012023198
ebin: 80.221397
mape: 0.011957217
*somacoef: 1.9867849
supin: 122.94403
Iteracoes: 10000
Iteracao otima: 9943
Tempo: 4.693 s

Qcal
[34](0,0,0,203.16542,230.30724,232.98992,221.37332,202.85485,182.35328,168.58669,195.46154,200.71575,177.66957,159.88829,146.38557,137.85619,131.52836,124.8944,119.75312,115.71441,112.49287,109.88538,107.73013,105.90907,104.33683,102.93013,101.63896,100.42611,99.904197,109.11009,118.63673,187.38622,250.39117,286.43954)
Rsolo
[34](0,0,56.748,60.511685,62.358155,62.63603,61.634195,59.729579,58.194332,60.935547,61.972258,59.350796,56.35737,53.772746,52.342507,51.057582,48.882414,46.832976,44.969832,43.393728,41.95883,40.685548,39.592708,38.383102,37.24416,36.160992,35.152449,34.744199,36.456764,38.592361,46.388054,53.837174,59.494081,56.302109)
Rsub
[34](0,0,49.937176,50.825292,52.03784,53.414751,54.80777,56.094181,57.194477,58.149984,59.344944,60.62824,61.65927,62.423817,62.974868,63.413006,63.753923,63.941526,63.995091,63.935609,63.787179,63.563184,63.276587,62.939791,62.550602,62.115539,61.639958,61.16176,60.687272,60.234504,59.875592,59.933121,60.508493,61.553311)
Rsup
[34](0,0,2.4519801,2.9648389,2.9794933,2.7036989,2.2897382,1.8396424,1.5298313,2.0352066,2.1017108,1.6009655,1.213305,0.91951324,0.73174944,0.5915106,0.44828121,0.33973363,0.25746994,0.19512573,0.14787765,0.1120703,0.084933407,0.064367486,0.048781433,0.036969413,0.028017576,0.032929459,0.23173266,0.43623678,1.8188671,3.0735866,3.7740966,2.8602304)
Peso chuva 
[34](2,0.53923564,0.5,0.92861945,0.60608404,1.2483908,1.0068767,1.2617046,0.81707369,1.5910094,1.1018582,0.5,0.5,0.5,2,2,0.5,0.5,0.5,0.5,0.5,0.5,0.59810401,1.00715,0.73535856,1.9255902,1.8312058,0.81550981,2,0.97108972,0.91317747,1.03251,0.73082103,1)
Previsao PMEDIA_ORIG
[13] (0.1,0,0.1,0.1,0.8,6.8,4.4,2.3,5.1,5,1.6,3.2,2.4583333)


Sub bacia: Maua
cef: 0.9818994
dm: 0.030949355
ebin: 38.0667
mape: 0.025104399
*somacoef: 1.956795
supin: 39.859297
Iteracoes: 10000
Iteracao otima: 9965
Tempo: 4.7 s

Qcal
[34](0,0,0,77.925997,74.55889,71.197216,68.059497,92.06611,109.26663,103.54925,97.928404,92.722492,87.894973,83.427605,79.315473,75.484517,71.929508,68.619743,65.531551,62.665245,59.980514,57.469988,55.122402,52.945269,50.924431,49.046928,47.300899,49.949688,48.486153,52.530969,59.625144,57.10755,54.529996,52.132501)
Rsolo
[34](0,0,92.2698,91.123031,89.059248,86.985515,96.182097,103.57633,102.26591,99.743076,97.255658,95.436035,93.766173,92.325609,90.764605,88.886601,86.929078,85.330992,84.056737,82.540501,80.802239,79.075987,77.386253,75.731211,74.111565,72.526557,75.076427,74.563876,77.964687,82.853482,82.065683,80.636286,78.927845,77.239833)
Rsub
[34](0,0,18.593888,18.487721,18.370381,18.232787,18.075976,18.020131,18.057639,18.077443,18.064786,18.021812,17.957878,17.875605,17.778299,17.66529,17.534029,17.38469,17.22168,17.04866,16.863936,16.670238,16.478764,16.289489,16.102388,15.917436,15.734609,15.553882,15.37523,15.19863,15.037943,14.872127,14.701306,14.532447)
Rsup
[34](0,0,2.6299392,2.4221165,2.2161617,2.0277194,3.6328715,4.7753148,4.3930128,4.0194708,3.6776914,3.3649739,3.0788506,2.8186432,2.5790187,2.3597224,2.159073,1.975485,1.8083839,1.6546153,1.5139219,1.3851917,1.2674075,1.1596387,1.0610335,0.97081284,1.1702777,1.0981255,1.3891371,1.8810699,1.7366633,1.5889932,1.4538796,1.3302549)
Peso chuva 
[34](0.52438815,1.8571193,1.9382487,2,1.7488955,1.0525206,1.1275526,1.3364352,1.1741967,0.5,0.52553829,2,0.54002561,0.5,1.1007309,2,2,2,0.90933064,2,2,2,2,1.8914376,2,0.65996387,2,2,1.1898464,1.7734251,2,2,0.5,1)
Previsao PMEDIA_ORIG
[13] (0,0,0,0.1,2.9,5.3,2.3,2.1,2.4,3.5,2.3,4.6,2.125)


Sub bacia: Rosana
cef: 0.96308793
dm: 0.041917388
ebin: 164.45293
mape: 0.01986369
*somacoef: 1.9432242
supin: 13.490323
Iteracoes: 10000
Iteracao otima: 7232
Tempo: 4.597 s

Qcal
[34](0,0,0,177.94326,176.91013,170.80972,167.73333,167.43315,233.33433,332.61375,295.86475,232.52907,199.39153,182.96908,199.58667,203.29018,185.55389,176.37,171.42802,168.9776,167.75332,167.12281,166.77066,166.54057,166.35566,166.17862,165.99188,165.7883,166.00178,172.90112,178.67147,189.12353,188.44845,176.56)
Rsolo
[34](0,0,139.7336,138.63924,136.31133,134.06195,132.43616,139.3577,150.1513,154.2816,152.02978,149.44454,147.00012,149.08857,150.43004,148.08314,145.67287,142.58991,139.71311,136.92149,134.18367,131.53048,128.97176,126.50885,124.14212,121.92308,120.01746,118.63575,118.75392,119.46373,121.63838,122.6499,121.04944,118.88908)
Rsub
[34](0,0,319.06397,319.16429,319.23269,319.23487,319.17486,319.07106,319.16044,319.58056,320.13588,320.61465,321.00794,321.32252,321.70243,322.12454,322.47018,322.73934,322.91383,323.00289,323.01178,322.94463,322.80627,322.60154,322.33507,322.01127,321.63553,321.2167,320.76773,320.32267,319.89486,319.51831,319.16661,318.77837)
Rsup
[34](0,0,0.14493458,0.13327958,0.06736044,0.034296907,0.031404188,0.7399947,1.8061177,1.4089749,0.72544678,0.36677933,0.18816524,0.36495597,0.40264124,0.20975233,0.10917034,0.054585169,0.027292585,0.013646292,0.0068231462,0.0034115731,0.0017057865,0.00085289327,0.00042644664,0.00021322332,0.00010661166,0.0047194454,0.081329319,0.14578823,0.2604499,0.25528221,0.12950504,0.064752522)
Peso chuva 
[34](2,0.5,0.58497586,0.5,0.58091917,0.88293431,0.5,0.5,0.55716681,0.71295528,0.5,0.8988148,1.5188067,1.4478263,1.5956305,1.6506369,1.6172693,2,2,2,2,2,2,2,0.5,2,2,2,2,2,2,2,2,1)
Previsao PMEDIA_ORIG
[13] (0,0.1,0,0.5,11.7,19,4.8,2.8,4.2,2.4,2,6.1,4.4666667)


Tempo de execucao em: 28 s

Finalizando execucao: 24-03-2020 18:25:23

