02251070 28/12/2019 1000 0       
02251070 29/12/2019 1000 0       
02251070 30/12/2019 1000 0       
02251070 31/12/2019 1000 0       
02251070 01/01/2020 1000 0       
02251070 02/01/2020 1000 1       
02251070 03/01/2020 1000 22      
02251070 04/01/2020 1000 45.3    
02251070 05/01/2020 1000 8.3     
02251070 06/01/2020 1000 18.3    
02251070 07/01/2020 1000 1.8     
02251070 08/01/2020 1000 47      
02251070 09/01/2020 1000 16.5    
02251070 10/01/2020 1000 3.8     
02251070 11/01/2020 1000 0       
02251070 12/01/2020 1000 13.5    
02251070 13/01/2020 1000 35.3    
02251070 14/01/2020 1000 1.5     
02251070 15/01/2020 1000 0       
02251070 16/01/2020 1000 0       
02251070 17/01/2020 1000 0       
02251070 18/01/2020 1000 0       
02251070 19/01/2020 1000 0       
02251070 20/01/2020 1000 0       
02251070 21/01/2020 1000 0       
02251070 22/01/2020 1000 0       
02251070 23/01/2020 1000 2.3     
02251070 24/01/2020 1000 4.5     
02251070 25/01/2020 1000 9.8     
02251070 26/01/2020 1000 0       
02251070 27/01/2020 1000 0       
02251070 28/01/2020 1000 0       
02251070 29/01/2020 1000 0       
02251070 30/01/2020 1000 5       
02251070 31/01/2020 1000 9.3     
02251070 01/02/2020 1000 0.3     
02251070 02/02/2020 1000 26.3    
02251070 03/02/2020 1000 27.3    
02251070 04/02/2020 1000 11.5    
02251070 05/02/2020 1000 0       
02251070 06/02/2020 1000 11.8    
02251070 07/02/2020 1000 0.5     
02251070 08/02/2020 1000 0       
02251070 09/02/2020 1000 0.5     
02251070 10/02/2020 1000 2       
02251070 11/02/2020 1000 4.5     
