02348086 28/12/2019 1000 0       
02348086 29/12/2019 1000 0       
02348086 30/12/2019 1000 9.3     
02348086 31/12/2019 1000 0       
02348086 01/01/2020 1000 0       
02348086 02/01/2020 1000 0       
02348086 03/01/2020 1000 19.8    
02348086 04/01/2020 1000 1       
02348086 05/01/2020 1000 10      
02348086 06/01/2020 1000 5       
02348086 07/01/2020 1000 0       
02348086 08/01/2020 1000 6.8     
02348086 09/01/2020 1000 10      
02348086 10/01/2020 1000 16.3    
02348086 11/01/2020 1000 0       
02348086 12/01/2020 1000 0       
02348086 13/01/2020 1000 10      
02348086 14/01/2020 1000 0       
02348086 15/01/2020 1000 0       
02348086 16/01/2020 1000 0       
02348086 17/01/2020 1000 5       
02348086 18/01/2020 1000 1.3     
02348086 19/01/2020 1000 0       
02348086 20/01/2020 1000 0       
02348086 21/01/2020 1000 0       
02348086 22/01/2020 1000 0       
02348086 23/01/2020 1000 4.3     
02348086 24/01/2020 1000 5       
02348086 25/01/2020 1000 0       
02348086 26/01/2020 1000 0       
02348086 27/01/2020 1000 0       
02348086 28/01/2020 1000 0       
02348086 29/01/2020 1000 0       
02348086 30/01/2020 1000 0.5     
02348086 31/01/2020 1000 11      
02348086 01/02/2020 1000 0       
02348086 02/02/2020 1000 20      
02348086 03/02/2020 1000 20      
02348086 04/02/2020 1000 15      
02348086 05/02/2020 1000 0       
02348086 06/02/2020 1000 2       
02348086 07/02/2020 1000 0       
02348086 08/02/2020 1000 0       
02348086 09/02/2020 1000 5       
02348086 10/02/2020 1000 15      
02348086 11/02/2020 1000 2       
