02350001 28/12/2019 1000 0       
02350001 29/12/2019 1000 0       
02350001 30/12/2019 1000 0       
02350001 31/12/2019 1000 0       
02350001 01/01/2020 1000 0       
02350001 02/01/2020 1000 0.3     
02350001 03/01/2020 1000 1.8     
02350001 04/01/2020 1000 0.3     
02350001 05/01/2020 1000 0.5     
02350001 06/01/2020 1000 3.5     
02350001 07/01/2020 1000 0       
02350001 08/01/2020 1000 46      
02350001 09/01/2020 1000 0       
02350001 10/01/2020 1000 16.8    
02350001 11/01/2020 1000 0       
02350001 12/01/2020 1000 2       
02350001 13/01/2020 1000 7.8     
02350001 14/01/2020 1000 0.3     
02350001 15/01/2020 1000 0       
02350001 16/01/2020 1000 0       
02350001 17/01/2020 1000 0       
02350001 18/01/2020 1000 0       
02350001 19/01/2020 1000 0       
02350001 20/01/2020 1000 0       
02350001 21/01/2020 1000 0       
02350001 22/01/2020 1000 0       
02350001 23/01/2020 1000 5       
02350001 24/01/2020 1000 4.5     
02350001 25/01/2020 1000 0       
02350001 26/01/2020 1000 0       
02350001 27/01/2020 1000 0.3     
02350001 28/01/2020 1000 0       
02350001 29/01/2020 1000 0       
02350001 30/01/2020 1000 10      
02350001 31/01/2020 1000 2.5     
02350001 01/02/2020 1000 5.5     
02350001 02/02/2020 1000 4.3     
02350001 03/02/2020 1000 17.5    
02350001 04/02/2020 1000 3.5     
02350001 05/02/2020 1000 0.3     
02350001 06/02/2020 1000 0       
02350001 07/02/2020 1000 2.8     
02350001 08/02/2020 1000 0.5     
02350001 09/02/2020 1000 1.8     
02350001 10/02/2020 1000 7.5     
02350001 11/02/2020 1000 0.5     
