02448073 28/12/2019 1000 0       
02448073 29/12/2019 1000 0       
02448073 30/12/2019 1000 0       
02448073 31/12/2019 1000 0       
02448073 01/01/2020 1000 0       
02448073 02/01/2020 1000 1.3     
02448073 03/01/2020 1000 12.5    
02448073 04/01/2020 1000 10.5    
02448073 05/01/2020 1000 3.5     
02448073 06/01/2020 1000 0.8     
02448073 07/01/2020 1000 0       
02448073 08/01/2020 1000 6.3     
02448073 09/01/2020 1000 49.8    
02448073 10/01/2020 1000 0.3     
02448073 11/01/2020 1000 0       
02448073 12/01/2020 1000 7.5     
02448073 13/01/2020 1000 0.3     
02448073 14/01/2020 1000 0       
02448073 15/01/2020 1000 0       
02448073 16/01/2020 1000 0       
02448073 17/01/2020 1000 31.3    
02448073 18/01/2020 1000 0.5     
02448073 19/01/2020 1000 0       
02448073 20/01/2020 1000 0       
02448073 21/01/2020 1000 0       
02448073 22/01/2020 1000 0       
02448073 23/01/2020 1000 1       
02448073 24/01/2020 1000 1.5     
02448073 25/01/2020 1000 0.5     
02448073 26/01/2020 1000 0       
02448073 27/01/2020 1000 0.3     
02448073 28/01/2020 1000 0       
02448073 29/01/2020 1000 0       
02448073 30/01/2020 1000 34      
02448073 31/01/2020 1000 24.5    
02448073 01/02/2020 1000 0.5     
02448073 02/02/2020 1000 29.5    
02448073 03/02/2020 1000 86.5    
02448073 04/02/2020 1000 2.3     
02448073 05/02/2020 1000 1       
02448073 06/02/2020 1000 0.5     
02448073 07/02/2020 1000 7.5     
02448073 08/02/2020 1000 5.5     
02448073 09/02/2020 1000 0.8     
02448073 10/02/2020 1000 16      
02448073 11/02/2020 1000 9       
