99990714 28/12/2019 1200 0       
99990714 29/12/2019 1200 0       
99990714 30/12/2019 1200 0       
99990714 31/12/2019 1200 0       
99990714 01/01/2020 1200 0       
99990714 02/01/2020 1200 0       
99990714 03/01/2020 1200 15      
99990714 04/01/2020 1200 9.2     
99990714 05/01/2020 1200 9       
99990714 06/01/2020 1200 0       
99990714 07/01/2020 1200 0       
99990714 08/01/2020 1200 23.4    
99990714 09/01/2020 1200 5.8     
99990714 10/01/2020 1200 10.8    
99990714 11/01/2020 1200 0       
99990714 12/01/2020 1200 1.2     
99990714 13/01/2020 1200 1.2     
99990714 14/01/2020 1200 0       
99990714 15/01/2020 1200 0       
99990714 16/01/2020 1200 0       
99990714 17/01/2020 1200 2.8     
99990714 18/01/2020 1200 0.4     
99990714 19/01/2020 1200 0       
99990714 20/01/2020 1200 0       
99990714 21/01/2020 1200 0       
99990714 22/01/2020 1200 0       
99990714 23/01/2020 1200 2.4     
99990714 24/01/2020 1200 0       
99990714 25/01/2020 1200 0       
99990714 26/01/2020 1200 0       
99990714 27/01/2020 1200 0       
99990714 28/01/2020 1200 0       
99990714 29/01/2020 1200 0       
99990714 30/01/2020 1200 0       
99990714 31/01/2020 1200 14.2    
99990714 01/02/2020 1200 0       
99990714 02/02/2020 1200 8.2     
99990714 03/02/2020 1200 36.2    
99990714 04/02/2020 1200 3       
99990714 05/02/2020 1200 1       
99990714 06/02/2020 1200 0       
99990714 07/02/2020 1200 0.8     
99990714 08/02/2020 1200 0       
99990714 09/02/2020 1200 0.4     
99990714 10/02/2020 1200 19      
99990714 11/02/2020 1200 1.4     
