00083780 08/02/2020 1200 1       
00083780 09/02/2020 1200 2       
00083780 10/02/2020 1200 8       
00083780 11/02/2020 1200 3       
00083780 12/02/2020 1200 0       
00083780 13/02/2020 1200 0       
00083780 14/02/2020 1200 0       
00083780 15/02/2020 1200 0       
00083780 16/02/2020 1200 0       
00083780 17/02/2020 1200 0       
00083780 18/02/2020 1200 0       
00083780 19/02/2020 1200 1       
00083780 20/02/2020 1200 18      
00083780 21/02/2020 1200 0       
00083780 22/02/2020 1200 1       
00083780 23/02/2020 1200 0       
00083780 24/02/2020 1200 0       
00083780 25/02/2020 1200 10      
00083780 26/02/2020 1200 12      
00083780 27/02/2020 1200 39      
00083780 28/02/2020 1200 0       
00083780 29/02/2020 1200 0       
00083780 01/03/2020 1200 0       
00083780 02/03/2020 1200 3       
00083780 03/03/2020 1200 12      
00083780 04/03/2020 1200 0       
00083780 05/03/2020 1200 0       
00083780 06/03/2020 1200 0       
00083780 07/03/2020 1200 0       
00083780 08/03/2020 1200 0       
00083780 09/03/2020 1200 6       
00083780 10/03/2020 1200 0       
00083780 11/03/2020 1200 0       
00083780 12/03/2020 1200 0       
00083780 13/03/2020 1200 0       
00083780 14/03/2020 1200 0       
00083780 15/03/2020 1200 0       
00083780 16/03/2020 1200 0       
00083780 17/03/2020 1200 0       
00083780 18/03/2020 1200 0       
00083780 19/03/2020 1200 5       
00083780 20/03/2020 1200 0       
00083780 21/03/2020 1200 0       
00083780 22/03/2020 1200 0       
00083780 23/03/2020 1200 0       
00083780 24/03/2020 1200 0       
00083780 25/03/2020 1200 13.51043640905019