ONS-Operador Nacional Do Sistema Eletrico
Modelo Computacional SMAP
Versao: 3.0.0 Data: 23/09/2019

Iniciando execucao: 12-02-2020 13:48:06

Parametros
   Amplitude inicial: 0.5
   somacoef alvo: 2 (nao e necessario multiplicar por 100)
   Limite de iteracoes: 10000
   Particulas: 24
   Pulso inicial: 0.1
   Uso de pesos: on
   Gerar graficos: off
   Semente: 9952

Sub bacia: CanoasI
cef: 0.99973963
dm: 0.0067710771
ebin: 63.577573
mape: 0.0067660691
*somacoef: 1.9929736
supin: 44.520688
Iteracoes: 10000
Iteracao otima: 9953
Tempo: 9.68 s

Qcal
[34](0,0,0,108.09826,112.73383,133.08263,138.62066,127.37779,124.79357,116.23771,105.01932,96.071846,88.937255,83.241639,78.737899,80.518009,85.115604,83.414844,78.695331,74.917072,71.88597,69.695756,81.418014,103.79503,133.34838,159.46977,199.05987,208.04696,203.54256,195.96262,183.19588,168.12349,212.39608,294.15262)
Rsolo
[34](0,0,328.005,330.9257,336.96599,340.91613,340.6849,342.45132,342.16666,339.161,335.8118,332.43193,328.63555,325.92803,326.27903,327.76938,327.30759,324.19871,320.98927,317.48715,315.27615,318.50334,324.41861,332.01072,339.71893,350.49675,353.04285,351.21217,349.64004,346.96412,345.01469,354.86317,361.0815,344.02863)
Rsub
[34](0,0,156.85855,156.45186,156.04623,155.64165,155.23812,154.83564,154.4342,154.0338,153.63443,153.23611,152.83881,152.44255,152.04731,151.6531,151.25991,150.86774,150.47659,150.08645,149.69732,149.3092,148.92209,148.53598,148.15087,147.76677,152.05451,158.28268,163.08873,166.68632,168.26311,168.38969,175.98772,188.49687)
Rsup
[34](0,0,1.3804434,1.5292885,2.165337,2.3421383,1.9986044,1.9235343,1.6632897,1.3204757,1.0480623,0.83184759,0.66023787,0.52557147,0.58573414,0.73324506,0.68545141,0.54404315,0.43180733,0.34272571,0.27970463,0.64805189,1.3467563,2.267963,3.1118446,4.7649046,4.868093,4.3745167,3.8458731,3.1893821,2.666772,4.4420419,7.6113679,5.0888221)
Peso chuva 
[34](2,2,0.5,0.91515861,1.1844154,1.9945628,2,1.0386781,0.885722,0.57542783,0.57004386,0.5,1.4839608,0.53874115,0.84625213,1.2994128,2,0.52630453,0.5,0.5,0.5,0.5,0.64263636,0.95823648,0.79347051,0.85138053,1.0064582,1.4326105,1.2602438,0.82920145,1.1752356,0.87599183,0.82297882,1)
Previsao ETA40_LIMITES
[13] (0.016666667,0,0.084444444,1.99,16.232222,12.778889,5.79,16.004444,17.414444,12.356667,8.2667778,8.2667778,8.2667778)
Previsao PMEDIA_ORIG
[13] (0.1,0,0.4,1.3,2.9,5.3,4.8,4.3,5.5,5.8,4.7,4.3,3.2833333)
Previsao PRECMEDIA_ETA40.GEFS
[13] (0.13,0.17,0.52,1.42,6.98,4.67,5.2,6.06,5.61,5.57,3.633,3.633,3.633)
Previsao PRECZERADA_ETA40
[13] (0,0,0,0,0,0,0,0,0,0,0,0,0)


Sub bacia: Capivara
cef: 0.99388623
dm: 0.012032876
ebin: 150.26506
mape: 0.010363971
*somacoef: 1.9835223
supin: 404.50442
Iteracoes: 10000
Iteracao otima: 9791
Tempo: 8.701 s

Qcal
[33](0,0,554.76949,459.5115,459.71426,393.74347,322.23742,272.46733,237.72175,213.38506,196.17467,183.84185,174.83916,172.62682,178.80825,175.08879,171.32878,164.49552,159.45421,155.65903,152.73099,155.89713,190.51289,229.97689,257.60585,288.49022,387.46838,364.97219,296.92962,249.53482,237.33143,237.04988,236.14927)
Rsolo
[33](0,83.22,81.946783,84.183698,82.786398,79.038202,75.748975,72.924161,70.416079,67.700162,65.118551,62.757043,61.806887,61.409216,60.513026,59.555421,57.701112,55.752897,53.821079,52.12531,51.451649,53.196341,56.273559,59.267594,62.835176,69.533281,71.577492,69.295476,67.315083,67.267094,67.950672,68.527421,66.010294)
Rsub
[33](0,71.040959,71.79086,72.441811,73.255338,73.958509,74.389252,74.59889,74.632187,74.519589,74.260244,73.872299,73.390814,72.912468,72.43724,71.965109,71.496056,71.03006,70.5671,70.107159,69.650215,69.19625,68.745243,68.297176,67.852029,67.409784,67.295151,67.296701,67.169769,66.938282,66.705821,66.510561,66.347208)
Rsup
[33](0,4.0777011,3.1014409,3.0896049,2.4072244,1.6713975,1.160494,0.80576296,0.55972133,0.38862884,0.26983494,0.1873533,0.1753178,0.24783071,0.22046896,0.19263239,0.13374959,0.092865763,0.064479074,0.04476947,0.08642976,0.44506169,0.85250447,1.1405786,1.4614074,2.4686097,2.2442758,1.5583238,1.083256,0.96517283,0.96729121,0.9623759,0.6682022)
Peso chuva 
[33](0.5,2,0.6964046,1.2416195,0.91328599,0.5,0.5,0.5,0.5,0.5,2,2,2,1.3629772,0.74368199,1.1535406,0.81632911,2,2,0.78320504,0.88889459,1.3503301,1.1823718,0.87271972,0.686437,1.0174091,1.2858908,0.5,0.5,2,1.5841577,1.3055537,1)
Previsao ETA40_LIMITES
[13] (0.014666667,0.019333333,0.338,5.7206667,13.951333,4.3773333,2.7426667,12.318,14.952667,7.0173333,6.1452,6.1452,6.1452)
Previsao PMEDIA_ORIG
[13] (0.4,0.5,0.7,4,6.8,3,3.2,4.8,6,5.3,3.2,4.5,3.5333333)
Previsao PRECMEDIA_ETA40.GEFS
[13] (0.48,0.33,0.53,2.35,6.2,2.91,3.31,5.71,4.92,5.3,3.204,3.204,3.204)
Previsao PRECZERADA_ETA40
[13] (0,0,0,0,0,0,0,0,0,0,0,0,0)


Sub bacia: Chavantes
cef: 0.96946598
dm: 0.042726046
ebin: 62.349796
mape: 0.029886265
*somacoef: 1.9395797
supin: 35.530586
Iteracoes: 10000
Iteracao otima: 9621
Tempo: 8.457 s

Qcal
[34](0,0,0,97.880382,143.36434,140.216,135.12322,111.864,95.973894,88.515978,80.771324,74.468562,70.092893,67.038037,64.883135,64.592775,64.350998,62.827836,61.7112,60.875619,60.231569,59.718708,60.077679,70.411583,80.297333,90.718899,96.912991,133.25437,123.6452,103.29856,88.503394,79.819946,91.93792,105.10002)
Rsolo
[34](0,0,134.408,141.09682,143.48876,145.15862,141.56609,138.94499,138.08886,136.49017,133.9281,131.42637,128.70592,126.56829,125.45013,124.36134,122.32682,120.07,117.5942,115.49981,113.57705,112.43805,114.18394,116.56386,119.58753,122.35618,129.1446,131.20353,129.94325,128.1309,127.14428,130.11582,133.69579,130.84025)
Rsub
[34](0,0,136.38611,135.84075,135.69634,135.75353,135.95468,135.84873,135.52897,135.14218,134.63164,134.0933,133.55711,133.02306,132.49116,131.96137,131.43371,130.90816,130.38471,129.86335,129.34408,128.82688,128.31175,127.79868,127.28766,126.77869,126.27175,125.76684,125.26394,124.76306,124.26418,123.7673,123.2724,122.77948)
Rsup
[34](0,0,0.97237443,2.2239683,2.1396137,1.9995227,1.3604652,0.92692225,0.72682024,0.51970947,0.35360772,0.24059293,0.16369822,0.11140595,0.11011437,0.11012576,0.075042648,0.051058642,0.034740045,0.023636953,0.016098052,0.032392797,0.32164816,0.59861304,0.89021605,1.0660991,2.0670051,1.8103455,1.2598056,0.86116934,0.62976878,0.96762099,1.3340231,0.90766266)
Peso chuva 
[34](0.5,0.5,0.77105973,1.6385017,0.58154667,0.89595768,0.5,0.5,0.5892872,0.5,1.9165816,1.9902731,1.4338476,0.58660135,0.5,0.5,0.61460437,1.9840502,1.9941842,2,0.65836016,0.5,0.60976699,0.69239487,0.72017611,0.5,1.3602859,2,2,2,2,2,0.77419705,1)
Previsao ETA40_LIMITES
[13] (0.0525,0.1575,0.105,11.1425,16.8175,4.7725,4.0975,11.2025,9.595,7.6525,6.5595,6.5595,6.5595)
Previsao PMEDIA_ORIG
[13] (0.1,0.1,0.3,3.5,4.9,3.6,3.8,4.6,5.5,4.3,4.2,4.1,3.25)
Previsao PRECMEDIA_ETA40.GEFS
[13] (0.2,0.2,0.32,3.91,7.63,3.7,4.26,6.26,5.29,5.6,3.737,3.737,3.737)
Previsao PRECZERADA_ETA40
[13] (0,0,0,0,0,0,0,0,0,0,0,0,0)


Sub bacia: Jurumirim
cef: 0.99799135
dm: 0.0086932669
ebin: 85.399985
mape: 0.008458027
*somacoef: 1.9895333
supin: 127.51595
Iteracoes: 10000
Iteracao otima: 9641
Tempo: 9.334 s

Qcal
[34](0,0,0,212.91594,230.44086,211.49739,198.08153,188.74336,173.86003,165.76293,163.87768,173.29446,188.06,168.37114,153.25941,141.7161,137.5839,135.85764,131.21663,125.56954,120.56104,116.60195,113.49892,113.95907,117.92957,145.965,194.37979,303.14962,392.42057,449.7358,430.38391,370.80625,320.32293,312.11985)
Rsolo
[34](0,0,56.28,59.507152,59.161272,58.936388,58.801006,57.378802,56.663208,56.643978,57.888538,59.656327,56.976492,53.944322,51.403992,50.407678,49.653597,48.553919,47.138269,45.225979,43.557334,42.297418,41.771628,41.907161,45.584671,51.094826,59.613627,66.807689,72.088193,73.458613,71.112593,68.346747,69.019441,64.369528)
Rsub
[34](0,0,53.160805,53.984859,55.081463,56.138583,57.167501,58.176449,59.054035,59.864313,60.666694,61.568733,62.619941,63.428905,63.985489,64.346907,64.634487,64.867504,65.024604,65.088941,65.036011,64.888075,64.67324,64.432692,64.20101,64.176267,64.513932,65.53844,67.259704,69.556236,71.997586,74.144061,75.963885,77.843462)
Rsup
[34](0,0,2.543162,2.8662751,2.4533352,2.1519022,1.9326976,1.6035409,1.4139366,1.3503771,1.512477,1.7780588,1.3517072,1.0244025,0.7763519,0.68236043,0.6387184,0.53869315,0.42103513,0.31908496,0.24182118,0.18467445,0.20073449,0.28762865,0.85418657,1.8205578,3.979031,5.7266156,6.8145561,6.3550264,5.0885993,4.0129958,3.7910898,2.8731088)
Peso chuva 
[34](0.89942219,1.9294755,2,1.0045503,0.62994173,1.4241642,1.1936716,0.84759931,2,2,2,1.7335738,2,0.59953401,0.5,2,1.8336699,1.0917332,1.1603713,1.668178,2,0.95886194,0.76832123,0.93655266,0.70370405,0.5705118,0.82593285,0.62986996,0.83063535,2,2,1.8504252,1.3475493,1)
Previsao ETA40_LIMITES
[13] (0.215,0.375,0.45,4.477,18.368,10.158,5.746,12.617,10.351,9.598,7.2355,7.2355,7.2355)
Previsao PMEDIA_ORIG
[13] (0.2,0.4,0.3,1.7,4.7,4.9,4.4,5,7.1,6.8,5.9,3.7,3.7583333)
Previsao PRECMEDIA_ETA40.GEFS
[13] (0.36,0.39,0.41,2.26,8.72,5.87,5.76,7.07,7.11,6.88,4.483,4.483,4.483)
Previsao PRECZERADA_ETA40
[13] (0,0,0,0,0,0,0,0,0,0,0,0,0)


Sub bacia: Maua
cef: 0.95397204
dm: 0.053188748
ebin: 35.07968
mape: 0.026654636
*somacoef: 1.9273174
supin: 115.72368
Iteracoes: 10000
Iteracao otima: 9823
Tempo: 9.165 s

Qcal
[34](0,0,0,150.80336,185.93938,182.40417,171.27624,164.08353,163.08242,158.6421,149.24185,140.57084,132.56241,125.16044,118.4167,112.09997,106.26383,100.86188,95.846748,91.185893,86.862512,85.620406,89.874115,91.323644,109.92409,168.56787,159.41846,149.97274,141.92962,134.21176,132.60001,126.14566,119.59216,113.43006)
Rsolo
[34](0,0,114.8553,124.20587,125.792,123.75108,123.35985,125.17259,125.58164,122.09724,118.61214,115.26081,112.03726,109.96149,107.53923,105.02026,102.20839,99.496693,97.416914,95.228191,95.535424,98.620002,100.46299,107.73774,120.64952,119.40537,117.04665,115.61869,113.91321,115.33883,114.0328,112.09221,109.79881,106.93587)
Rsub
[34](0,0,17.134861,17.346246,17.711335,18.100549,18.448951,18.786486,19.152229,19.521107,19.82439,20.065389,20.249501,20.381686,20.48144,20.54513,20.573092,20.563253,20.518968,20.449741,20.355513,20.265927,20.214218,20.186078,20.255975,20.52608,20.772177,20.976713,21.156024,21.306518,21.477607,21.626263,21.743465,21.825194)
Rsup
[34](0,0,7.6355147,9.925255,9.6426842,8.855882,8.3342403,8.2225926,7.8802129,7.210151,6.5970651,6.0361105,5.5228544,5.0600432,4.6297866,4.2361115,3.875911,3.5463387,3.2447948,2.9688869,2.8996603,3.1924237,3.2950494,4.5261188,8.386027,7.7458576,7.089381,6.5310628,5.9976124,5.87094,5.4219669,4.969483,4.5470724,4.1604306)
Peso chuva 
[34](2,0.5,0.5,1.0899095,2,2,2,0.5,1.6232685,0.5,0.5,0.5,0.5,0.5,0.5,1.7509813,0.5,1.8338589,1.9480195,1.0762452,1.732695,0.81712744,1.8048015,1.3832526,0.9572881,0.5,0.5,0.74778329,2,1.2088427,1.1215471,2,2,1)
Previsao ETA40_LIMITES
[13] (0.148,0.111,0.449,6.077,11.041,2.118,4.827,18.968,18.839,1.927,6.4505,6.4505,6.4505)
Previsao PMEDIA_ORIG
[13] (0.8,0.1,0.1,1.2,4.6,2.2,2.5,5.6,7.6,3.5,2.1,2.7,2.75)
Previsao PRECMEDIA_ETA40.GEFS
[13] (0.52,0.1,0.21,2.47,5,2.01,3.01,5,3.28,3.52,2.512,2.512,2.512)
Previsao PRECZERADA_ETA40
[13] (0,0,0,0,0,0,0,0,0,0,0,0,0)


Sub bacia: Rosana
cef: 0.99069898
dm: 0.014975592
ebin: 124.54782
mape: 0.011737097
*somacoef: 1.9789619
supin: 188.37026
Iteracoes: 10000
Iteracao otima: 9997
Tempo: 8.579 s

Qcal
[34](0,0,0,312.91808,256.65553,285.64019,257.60973,222.59277,200.63628,213.07391,191.31731,163.55869,150.13353,143.81819,143.66126,170.90833,175.70176,165.30575,153.11513,147.26778,144.55048,143.3618,143.81869,148.90178,151.07925,199.88491,330.8215,309.32438,259.47595,219.5091,182.97209,164.89521,156.06052,151.81198)
Rsolo
[34](0,0,195.0184,194.75621,198.34059,198.90019,197.55793,195.77339,196.23739,193.84341,188.01429,182.49359,177.14101,173.76257,174.27655,173.66312,171.17501,166.80524,162.38974,158.14175,154.33486,151.59214,149.86216,148.33605,153.08476,164.08594,169.27586,170.78008,170.30305,166.55523,162.51946,158.55849,154.84538,151.18611)
Rsub
[34](0,0,241.64191,244.04636,246.43196,248.97943,251.54652,254.04269,256.44801,258.86841,261.17071,263.20299,264.98983,266.54838,267.96631,269.40081,270.80689,272.11106,273.24421,274.21119,275.02445,275.70494,276.29233,276.82179,277.3009,277.93321,278.94911,280.15724,281.42015,282.66105,283.7556,284.69818,285.49697,286.16569)
Rsup
[34](0,0,2.023774,1.4059973,1.7041865,1.388932,0.9985087,0.74879446,0.86909986,0.62195283,0.31097642,0.15548821,0.077744104,0.067427666,0.35230735,0.39586247,0.27638585,0.13819293,0.069096463,0.034548232,0.017274116,0.018414616,0.069772604,0.090234536,0.61192976,2.0151581,1.7785763,1.2363349,0.79995384,0.40054341,0.20027171,0.10013585,0.050067926,0.025033963)
Peso chuva 
[34](0.5,2,0.5,2,1.1346882,0.81228521,1.4229358,2,1.9885973,2,0.5,0.5,2,2,1.1253364,0.9583902,1.8024785,0.5,0.5,2,0.5,0.5,0.65925043,0.5448118,0.72084908,0.69214886,0.53997511,0.88369819,1.2185405,0.5,0.5,0.5,2,1)
Previsao ETA40_LIMITES
[13] (0.21,0.22875,0.02875,0.41625,4.80375,2.54,2.13375,6.5775,11.38125,4.77875,3.309875,3.309875,3.309875)
Previsao PMEDIA_ORIG
[13] (0.2,0.3,0.6,1.3,2.2,2.6,4.4,3.9,5.6,4.7,3.4,3.7,2.7416667)
Previsao PRECMEDIA_ETA40.GEFS
[13] (0.24,0.26,0.4,0.93,2.99,2.69,3.95,4.38,4.16,4.49,2.449,2.449,2.449)
Previsao PRECZERADA_ETA40
[13] (0,0,0,0,0,0,0,0,0,0,0,0,0)


Tempo de execucao em: 55 s

Finalizando execucao: 12-02-2020 13:49:01

