00083378 29/12/2019 1200 0       
00083378 30/12/2019 1200 0       
00083378 31/12/2019 1200 0       
00083378 01/01/2020 1200 20      
00083378 02/01/2020 1200 0       
00083378 03/01/2020 1200 4       
00083378 04/01/2020 1200 0       
00083378 05/01/2020 1200 49      
00083378 06/01/2020 1200 3       
00083378 07/01/2020 1200 0       
00083378 08/01/2020 1200 5       
00083378 09/01/2020 1200 0       
00083378 10/01/2020 1200 27      
00083378 11/01/2020 1200 0       
00083378 12/01/2020 1200 0       
00083378 13/01/2020 1200 0       
00083378 14/01/2020 1200 0       
00083378 15/01/2020 1200 0       
00083378 16/01/2020 1200 0       
00083378 17/01/2020 1200 0       
00083378 18/01/2020 1200 0       
00083378 19/01/2020 1200 0       
00083378 20/01/2020 1200 8       
00083378 21/01/2020 1200 9       
00083378 22/01/2020 1200 2       
00083378 23/01/2020 1200 3       
00083378 24/01/2020 1200 9       
00083378 25/01/2020 1200 16      
00083378 26/01/2020 1200 36      
00083378 27/01/2020 1200 12      
00083378 28/01/2020 1200 8       
00083378 29/01/2020 1200 2       
00083378 30/01/2020 1200 0       
00083378 31/01/2020 1200 0       
00083378 01/02/2020 1200 0       
00083378 02/02/2020 1200 0       
00083378 03/02/2020 1200 0       
00083378 04/02/2020 1200 6       
00083378 05/02/2020 1200 0       
00083378 06/02/2020 1200 4       
00083378 07/02/2020 1200 15      
00083378 08/02/2020 1200 10      
00083378 09/02/2020 1200 4       
00083378 10/02/2020 1200 1       
00083378 11/02/2020 1200 0       
00083378 12/02/2020 1200 0       
