01647026 29/12/2019 1000 0       
01647026 30/12/2019 1000 1       
01647026 31/12/2019 1000 0       
01647026 01/01/2020 1000 36.6    
01647026 02/01/2020 1000 0       
01647026 03/01/2020 1000 7.8     
01647026 04/01/2020 1000 29.4    
01647026 05/01/2020 1000 28.2    
01647026 06/01/2020 1000 0       
01647026 07/01/2020 1000 0.2     
01647026 08/01/2020 1000 0       
01647026 09/01/2020 1000 0.6     
01647026 10/01/2020 1000 4.8     
01647026 11/01/2020 1000 0       
01647026 12/01/2020 1000 0       
01647026 13/01/2020 1000 0       
01647026 14/01/2020 1000 0       
01647026 15/01/2020 1000 0       
01647026 16/01/2020 1000 0       
01647026 17/01/2020 1000 2.2     
01647026 18/01/2020 1000 0.8     
01647026 19/01/2020 1000 0       
01647026 20/01/2020 1000 0       
01647026 21/01/2020 1000 1.2     
01647026 22/01/2020 1000 31.2    
01647026 23/01/2020 1000 12      
01647026 24/01/2020 1000 27.4    
01647026 25/01/2020 1000 0.6     
01647026 26/01/2020 1000 51.2    
01647026 27/01/2020 1000 10.8    
01647026 28/01/2020 1000 77.2    
01647026 29/01/2020 1000 37.2    
01647026 30/01/2020 1000 0       
01647026 31/01/2020 1000 0       
01647026 01/02/2020 1000 0       
01647026 02/02/2020 1000 0       
01647026 03/02/2020 1000 0       
01647026 04/02/2020 1000 0       
01647026 05/02/2020 1000 6.6     
01647026 06/02/2020 1000 1       
01647026 07/02/2020 1000 53      
01647026 08/02/2020 1000 10.8    
01647026 09/02/2020 1000 1.8     
01647026 10/02/2020 1000 1.8     
01647026 11/02/2020 1000 3.8     
01647026 12/02/2020 1000 1       
