01648025 29/12/2019 1000 0       
01648025 30/12/2019 1000 0       
01648025 31/12/2019 1000 1.3     
01648025 01/01/2020 1000 12.5    
01648025 02/01/2020 1000 13.8    
01648025 03/01/2020 1000 18.8    
01648025 04/01/2020 1000 11.5    
01648025 05/01/2020 1000 78      
01648025 06/01/2020 1000 8.5     
01648025 07/01/2020 1000 2       
01648025 08/01/2020 1000 0.8     
01648025 09/01/2020 1000 5.8     
01648025 10/01/2020 1000 6.5     
01648025 11/01/2020 1000 0       
01648025 12/01/2020 1000 0       
01648025 13/01/2020 1000 0       
01648025 14/01/2020 1000 0       
01648025 15/01/2020 1000 0       
01648025 16/01/2020 1000 0       
01648025 17/01/2020 1000 1.8     
01648025 18/01/2020 1000 0.2     
01648025 19/01/2020 1000 34.8    
01648025 20/01/2020 1000 19.8    
01648025 21/01/2020 1000 2       
01648025 22/01/2020 1000 26.5    
01648025 23/01/2020 1000 11.8    
01648025 24/01/2020 1000 15      
01648025 25/01/2020 1000 1.8     
01648025 26/01/2020 1000 8       
01648025 27/01/2020 1000 12.5    
01648025 28/01/2020 1000 0       
01648025 29/01/2020 1000 3.2     
01648025 30/01/2020 1000 3.25    
01648025 31/01/2020 1000 39.81   
01648025 01/02/2020 1000 0       
01648025 02/02/2020 1000 0       
01648025 03/02/2020 1000 0       
01648025 04/02/2020 1000 16.75   
01648025 05/02/2020 1000 0       
01648025 06/02/2020 1000 39.5    
01648025 07/02/2020 1000 15      
01648025 08/02/2020 1000 2.25    
01648025 09/02/2020 1000 12.5    
01648025 10/02/2020 1000 11      
01648025 11/02/2020 1000 0       
01648025 12/02/2020 1000 0       
