01647011 29/12/2019 1000 0       
01647011 30/12/2019 1000 0       
01647011 31/12/2019 1000 0       
01647011 01/01/2020 1000 11.4    
01647011 02/01/2020 1000 17      
01647011 03/01/2020 1000 10.6    
01647011 04/01/2020 1000 0.6     
01647011 05/01/2020 1000 74.4    
01647011 06/01/2020 1000 15.2    
01647011 07/01/2020 1000 0       
01647011 08/01/2020 1000 12.2    
01647011 09/01/2020 1000 0.2     
01647011 10/01/2020 1000 8.2     
01647011 11/01/2020 1000 1.6     
01647011 12/01/2020 1000 0       
01647011 13/01/2020 1000 0       
01647011 14/01/2020 1000 0       
01647011 15/01/2020 1000 0       
01647011 16/01/2020 1000 0       
01647011 17/01/2020 1000 0       
01647011 18/01/2020 1000 0       
01647011 19/01/2020 1000 0       
01647011 20/01/2020 1000 16.8    
01647011 21/01/2020 1000 9.4     
01647011 22/01/2020 1000 0.6     
01647011 23/01/2020 1000 20.6    
01647011 24/01/2020 1000 15.6    
01647011 25/01/2020 1000 6.8     
01647011 26/01/2020 1000 25      
01647011 27/01/2020 1000 34.6    
01647011 28/01/2020 1000 13      
01647011 29/01/2020 1000 4       
01647011 30/01/2020 1000 0       
01647011 31/01/2020 1000 0       
01647011 01/02/2020 1000 0       
01647011 02/02/2020 1000 0       
01647011 03/02/2020 1000 7       
01647011 04/02/2020 1000 30.2    
01647011 05/02/2020 1000 2.8     
01647011 06/02/2020 1000 54      
01647011 07/02/2020 1000 9.2     
01647011 08/02/2020 1000 5.6     
01647011 09/02/2020 1000 3.4     
01647011 10/02/2020 1000 2.4     
01647011 11/02/2020 1000 8.8     
01647011 12/02/2020 1000 0.2     
