01648027 29/12/2019 1000 0       
01648027 30/12/2019 1000 0       
01648027 31/12/2019 1000 0       
01648027 01/01/2020 1000 30.2    
01648027 02/01/2020 1000 18.5    
01648027 03/01/2020 1000 17.2    
01648027 04/01/2020 1000 0       
01648027 05/01/2020 1000 126.2   
01648027 06/01/2020 1000 38.5    
01648027 07/01/2020 1000 0       
01648027 08/01/2020 1000 12      
01648027 09/01/2020 1000 0.5     
01648027 10/01/2020 1000 5       
01648027 11/01/2020 1000 0       
01648027 12/01/2020 1000 0       
01648027 13/01/2020 1000 0       
01648027 14/01/2020 1000 0       
01648027 15/01/2020 1000 0       
01648027 16/01/2020 1000 0       
01648027 17/01/2020 1000 9.5     
01648027 18/01/2020 1000 24      
01648027 19/01/2020 1000 11      
01648027 20/01/2020 1000 9.5     
01648027 21/01/2020 1000 0       
01648027 22/01/2020 1000 36      
01648027 23/01/2020 1000 13.5    
01648027 24/01/2020 1000 0.5     
01648027 25/01/2020 1000 7.2     
01648027 26/01/2020 1000 28.8    
01648027 27/01/2020 1000 0.8     
01648027 28/01/2020 1000 10.2    
01648027 29/01/2020 1000 0.2     
01648027 30/01/2020 1000 0.25    
01648027 31/01/2020 1000 40      
01648027 01/02/2020 1000 0       
01648027 02/02/2020 1000 0       
01648027 03/02/2020 1000 0       
01648027 04/02/2020 1000 38.5    
01648027 05/02/2020 1000 0       
01648027 06/02/2020 1000 22      
01648027 07/02/2020 1000 68      
01648027 08/02/2020 1000 7       
01648027 09/02/2020 1000 11.25   
01648027 10/02/2020 1000 5.75    
01648027 11/02/2020 1000 0.75    
01648027 12/02/2020 1000 0.5     
