01849035 29/12/2019 1000 0       
01849035 30/12/2019 1000 0       
01849035 31/12/2019 1000 0       
01849035 01/01/2020 1000 0       
01849035 02/01/2020 1000 0       
01849035 03/01/2020 1000 20      
01849035 04/01/2020 1000 7       
01849035 05/01/2020 1000 1       
01849035 06/01/2020 1000 6       
01849035 07/01/2020 1000 6       
01849035 08/01/2020 1000 7       
01849035 09/01/2020 1000 1       
01849035 10/01/2020 1000 20      
01849035 11/01/2020 1000 0       
01849035 12/01/2020 1000 2       
01849035 13/01/2020 1000 0       
01849035 14/01/2020 1000 0       
01849035 15/01/2020 1000 0       
01849035 16/01/2020 1000 0       
01849035 17/01/2020 1000 20      
01849035 18/01/2020 1000 22      
01849035 19/01/2020 1000 0       
01849035 20/01/2020 1000 0       
01849035 21/01/2020 1000 0       
01849035 22/01/2020 1000 10      
01849035 23/01/2020 1000 20      
01849035 24/01/2020 1000 13      
01849035 25/01/2020 1000 15      
01849035 26/01/2020 1000 1       
01849035 27/01/2020 1000 0       
01849035 28/01/2020 1000 0       
01849035 29/01/2020 1000 0       
01849035 30/01/2020 1000 0       
01849035 31/01/2020 1000 2       
01849035 01/02/2020 1000 0       
01849035 02/02/2020 1000 0       
01849035 03/02/2020 1000 2       
01849035 04/02/2020 1000 10      
01849035 05/02/2020 1000 2       
01849035 06/02/2020 1000 15      
01849035 07/02/2020 1000 25      
01849035 08/02/2020 1000 1       
01849035 09/02/2020 1000 1       
01849035 10/02/2020 1000 1       
01849035 11/02/2020 1000 11      
01849035 12/02/2020 1000 19      
