01847041 29/12/2019 1000 0       
01847041 30/12/2019 1000 0       
01847041 31/12/2019 1000 0       
01847041 01/01/2020 1000 0       
01847041 02/01/2020 1000 6       
01847041 03/01/2020 1000 7       
01847041 04/01/2020 1000 50      
01847041 05/01/2020 1000 20      
01847041 06/01/2020 1000 1       
01847041 07/01/2020 1000 0       
01847041 08/01/2020 1000 3       
01847041 09/01/2020 1000 0       
01847041 10/01/2020 1000 15      
01847041 11/01/2020 1000 1       
01847041 12/01/2020 1000 0       
01847041 13/01/2020 1000 0       
01847041 14/01/2020 1000 0       
01847041 15/01/2020 1000 0       
01847041 16/01/2020 1000 7       
01847041 17/01/2020 1000 0       
01847041 18/01/2020 1000 5       
01847041 19/01/2020 1000 3       
01847041 20/01/2020 1000 3       
01847041 21/01/2020 1000 13      
01847041 22/01/2020 1000 56      
01847041 23/01/2020 1000 76      
01847041 24/01/2020 1000 50      
01847041 25/01/2020 1000 37      
01847041 26/01/2020 1000 16      
01847041 27/01/2020 1000 1       
01847041 28/01/2020 1000 23      
01847041 29/01/2020 1000 75      
01847041 30/01/2020 1000 12      
01847041 31/01/2020 1000 0       
01847041 01/02/2020 1000 1       
01847041 02/02/2020 1000 0       
01847041 03/02/2020 1000 0       
01847041 04/02/2020 1000 19      
01847041 05/02/2020 1000 0       
01847041 06/02/2020 1000 56      
01847041 07/02/2020 1000 10      
01847041 08/02/2020 1000 2       
01847041 09/02/2020 1000 2       
01847041 10/02/2020 1000 5       
01847041 11/02/2020 1000 3       
01847041 12/02/2020 1000 26      
