01850005 29/12/2019 1000 0       
01850005 30/12/2019 1000 0       
01850005 31/12/2019 1000 1       
01850005 01/01/2020 1000 0       
01850005 02/01/2020 1000 9       
01850005 03/01/2020 1000 8.8     
01850005 04/01/2020 1000 25.4    
01850005 05/01/2020 1000 30      
01850005 06/01/2020 1000 2.2     
01850005 07/01/2020 1000 28.2    
01850005 08/01/2020 1000 1.8     
01850005 09/01/2020 1000 19.8    
01850005 10/01/2020 1000 0       
01850005 11/01/2020 1000 0       
01850005 12/01/2020 1000 0       
01850005 13/01/2020 1000 0       
01850005 14/01/2020 1000 0       
01850005 15/01/2020 1000 0       
01850005 16/01/2020 1000 0       
01850005 17/01/2020 1000 11.2    
01850005 18/01/2020 1000 0.8     
01850005 19/01/2020 1000 5       
01850005 20/01/2020 1000 5       
01850005 21/01/2020 1000 15      
01850005 22/01/2020 1000 10      
01850005 23/01/2020 1000 6.4     
01850005 24/01/2020 1000 54.8    
01850005 25/01/2020 1000 25      
01850005 26/01/2020 1000 0       
01850005 27/01/2020 1000 0.6     
01850005 28/01/2020 1000 0       
01850005 29/01/2020 1000 0.2     
01850005 30/01/2020 1000 10      
01850005 31/01/2020 1000 0       
01850005 01/02/2020 1000 0       
01850005 02/02/2020 1000 0       
01850005 03/02/2020 1000 3       
01850005 04/02/2020 1000 5       
01850005 05/02/2020 1000 0       
01850005 06/02/2020 1000 16      
01850005 07/02/2020 1000 41.8    
01850005 08/02/2020 1000 38.6    
01850005 09/02/2020 1000 0.8     
01850005 10/02/2020 1000 2.6     
01850005 11/02/2020 1000 0       
01850005 12/02/2020 1000 5       
