01950016 29/12/2019 1000 0       
01950016 30/12/2019 1000 0       
01950016 31/12/2019 1000 1.2     
01950016 01/01/2020 1000 0       
01950016 02/01/2020 1000 15.6    
01950016 03/01/2020 1000 15      
01950016 04/01/2020 1000 2.4     
01950016 05/01/2020 1000 30      
01950016 06/01/2020 1000 0       
01950016 07/01/2020 1000 0.6     
01950016 08/01/2020 1000 0.2     
01950016 09/01/2020 1000 0.6     
01950016 10/01/2020 1000 5       
01950016 11/01/2020 1000 0       
01950016 12/01/2020 1000 0       
01950016 13/01/2020 1000 0       
01950016 14/01/2020 1000 0       
01950016 15/01/2020 1000 0       
01950016 16/01/2020 1000 0       
01950016 17/01/2020 1000 27.8    
01950016 18/01/2020 1000 3       
01950016 19/01/2020 1000 5       
01950016 20/01/2020 1000 5       
01950016 21/01/2020 1000 5       
01950016 22/01/2020 1000 0       
01950016 23/01/2020 1000 3       
01950016 24/01/2020 1000 24.6    
01950016 25/01/2020 1000 16.2    
01950016 26/01/2020 1000 0       
01950016 27/01/2020 1000 0       
01950016 28/01/2020 1000 0       
01950016 29/01/2020 1000 0       
01950016 30/01/2020 1000 5       
01950016 31/01/2020 1000 10      
01950016 01/02/2020 1000 1.6     
01950016 02/02/2020 1000 5       
01950016 03/02/2020 1000 0.2     
01950016 04/02/2020 1000 5       
01950016 05/02/2020 1000 1.6     
01950016 06/02/2020 1000 2       
01950016 07/02/2020 1000 64.8    
01950016 08/02/2020 1000 26      
01950016 09/02/2020 1000 2       
01950016 10/02/2020 1000 0.6     
01950016 11/02/2020 1000 18.6    
01950016 12/02/2020 1000 14      
