99990002 29/12/2019 1200 0       
99990002 30/12/2019 1200 0       
99990002 31/12/2019 1200 0       
99990002 01/01/2020 1200 33.2    
99990002 02/01/2020 1200 33.4    
99990002 03/01/2020 1200 0.6     
99990002 04/01/2020 1200 0.6     
99990002 05/01/2020 1200 71      
99990002 06/01/2020 1200 34      
99990002 07/01/2020 1200 0.2     
99990002 08/01/2020 1200 0.8     
99990002 09/01/2020 1200 1       
99990002 10/01/2020 1200 18      
99990002 11/01/2020 1200 1.2     
99990002 12/01/2020 1200 4.8     
99990002 13/01/2020 1200 0       
99990002 14/01/2020 1200 0       
99990002 15/01/2020 1200 2.6     
99990002 16/01/2020 1200 0       
99990002 17/01/2020 1200 0       
99990002 18/01/2020 1200 0       
99990002 19/01/2020 1200 2       
99990002 20/01/2020 1200 18.2    
99990002 21/01/2020 1200 5.8     
99990002 22/01/2020 1200 9.8     
99990002 23/01/2020 1200 7.8     
99990002 24/01/2020 1200 0.8     
99990002 25/01/2020 1200 9       
99990002 26/01/2020 1200 22.4    
99990002 27/01/2020 1200 39      
99990002 28/01/2020 1200 26.6    
99990002 29/01/2020 1200 8       
99990002 30/01/2020 1200 3.8     
99990002 31/01/2020 1200 0       
99990002 01/02/2020 1200 0       
99990002 02/02/2020 1200 0       
99990002 03/02/2020 1200 9.4     
99990002 04/02/2020 1200 15.4    
99990002 05/02/2020 1200 1.8     
99990002 06/02/2020 1200 35.2    
99990002 07/02/2020 1200 81      
99990002 08/02/2020 1200 32      
99990002 09/02/2020 1200 3.2     
99990002 10/02/2020 1200 1.6     
99990002 11/02/2020 1200 6.6     
99990002 12/02/2020 1200 0       
