99990562 29/12/2019 1200 0       
99990562 30/12/2019 1200 0       
99990562 31/12/2019 1200 0       
99990562 01/01/2020 1200 22.4    
99990562 02/01/2020 1200 0.6     
99990562 03/01/2020 1200 27      
99990562 04/01/2020 1200 9.4     
99990562 05/01/2020 1200 0.4     
99990562 06/01/2020 1200 0.6     
99990562 07/01/2020 1200 0.2     
99990562 08/01/2020 1200 0       
99990562 09/01/2020 1200 0       
99990562 10/01/2020 1200 0       
99990562 11/01/2020 1200 0       
99990562 12/01/2020 1200 0       
99990562 13/01/2020 1200 0       
99990562 14/01/2020 1200 0       
99990562 15/01/2020 1200 0.2     
99990562 16/01/2020 1200 0       
99990562 17/01/2020 1200 0       
99990562 18/01/2020 1200 0.2     
99990562 19/01/2020 1200 0       
99990562 20/01/2020 1200 0       
99990562 21/01/2020 1200 1.6     
99990562 22/01/2020 1200 8.2     
99990562 23/01/2020 1200 36.6    
99990562 24/01/2020 1200 44      
99990562 25/01/2020 1200 33.6    
99990562 26/01/2020 0000 -       
99990562 27/01/2020 1200 0.2     
99990562 28/01/2020 1200 5.8     
99990562 29/01/2020 0000 -       
99990562 30/01/2020 1200 17.8    
99990562 31/01/2020 1200 0.4     
99990562 01/02/2020 1200 24.4    
99990562 02/02/2020 1200 1       
99990562 03/02/2020 1200 4.4     
99990562 04/02/2020 1200 0.8     
99990562 05/02/2020 1200 28.8    
99990562 06/02/2020 1200 0       
99990562 07/02/2020 1200 34.4    
99990562 08/02/2020 1200 14.4    
99990562 09/02/2020 1200 12.2    
99990562 10/02/2020 1200 2.4     
99990562 11/02/2020 1200 1       
99990562 12/02/2020 1200 13      
