99990056 29/12/2019 1200 0       
99990056 30/12/2019 1200 0.4     
99990056 31/12/2019 1200 0       
99990056 01/01/2020 1200 3       
99990056 02/01/2020 1200 6.2     
99990056 03/01/2020 1200 10      
99990056 04/01/2020 1200 2       
99990056 05/01/2020 1200 93.2    
99990056 06/01/2020 1200 5.2     
99990056 07/01/2020 1200 0       
99990056 08/01/2020 1200 55.4    
99990056 09/01/2020 1200 18.6    
99990056 10/01/2020 1200 10.2    
99990056 11/01/2020 1200 0       
99990056 12/01/2020 1200 0       
99990056 13/01/2020 1200 0       
99990056 14/01/2020 1200 0       
99990056 15/01/2020 1200 0       
99990056 16/01/2020 1200 0       
99990056 17/01/2020 1200 0       
99990056 18/01/2020 1200 0       
99990056 19/01/2020 1200 0       
99990056 20/01/2020 1200 1.8     
99990056 21/01/2020 1200 50.4    
99990056 22/01/2020 1200 1.6     
99990056 23/01/2020 1200 9.2     
99990056 24/01/2020 1200 25.8    
99990056 25/01/2020 1200 11.2    
99990056 26/01/2020 1200 57.6    
99990056 27/01/2020 1200 18      
99990056 28/01/2020 1200 68.8    
99990056 29/01/2020 1200 20      
99990056 30/01/2020 1200 2.6     
99990056 31/01/2020 1200 0       
99990056 01/02/2020 1200 0       
99990056 02/02/2020 1200 0       
99990056 03/02/2020 1200 1.4     
99990056 04/02/2020 1200 1       
99990056 05/02/2020 1200 24.8    
99990056 06/02/2020 1200 78.6    
99990056 07/02/2020 1200 44.2    
99990056 08/02/2020 1200 9.8     
99990056 09/02/2020 1200 4.8     
99990056 10/02/2020 1200 1       
99990056 11/02/2020 1200 0.2     
99990056 12/02/2020 1200 8.8     
