99990507 29/12/2019 1200 0       
99990507 30/12/2019 1200 0       
99990507 31/12/2019 1200 0       
99990507 01/01/2020 1200 29      
99990507 02/01/2020 1200 5.8     
99990507 03/01/2020 1200 22.6    
99990507 04/01/2020 1200 1.4     
99990507 05/01/2020 1200 0.2     
99990507 06/01/2020 1200 11.6    
99990507 07/01/2020 1200 0       
99990507 08/01/2020 1200 18.6    
99990507 09/01/2020 1200 0       
99990507 10/01/2020 1200 31.8    
99990507 11/01/2020 1200 0       
99990507 12/01/2020 1200 18.8    
99990507 13/01/2020 1200 0       
99990507 14/01/2020 1200 0       
99990507 15/01/2020 1200 0       
99990507 16/01/2020 1200 0.4     
99990507 17/01/2020 1200 30.4    
99990507 18/01/2020 1200 27.2    
99990507 19/01/2020 1200 0.4     
99990507 20/01/2020 1200 0       
99990507 21/01/2020 0000 -       
99990507 22/01/2020 0000 -       
99990507 23/01/2020 0000 -       
99990507 24/01/2020 0000 -       
99990507 25/01/2020 1200 30.6    
99990507 26/01/2020 1200 0       
99990507 27/01/2020 1200 0       
99990507 28/01/2020 1200 9.6     
99990507 29/01/2020 1200 33      
99990507 30/01/2020 1200 16      
99990507 31/01/2020 1200 0.2     
99990507 01/02/2020 1200 0       
99990507 02/02/2020 1200 0       
99990507 03/02/2020 1200 3.8     
99990507 04/02/2020 1200 0.4     
99990507 05/02/2020 1200 4       
99990507 06/02/2020 1200 18.2    
99990507 07/02/2020 1200 17      
99990507 08/02/2020 1200 1.8     
99990507 09/02/2020 1200 15      
99990507 10/02/2020 1200 6.2     
99990507 11/02/2020 1200 1.4     
99990507 12/02/2020 1200 15.6    
