01744047 09/02/2020 1000 15      
01744047 10/02/2020 1000 5       
01744047 11/02/2020 1000 10      
01744047 12/02/2020 1000 10      
01744047 13/02/2020 1000 5       
01744047 14/02/2020 1000 0       
01744047 15/02/2020 1000 0       
01744047 16/02/2020 1000 0       
01744047 17/02/2020 1000 0       
01744047 18/02/2020 1000 0       
01744047 19/02/2020 1000 0       
01744047 20/02/2020 1000 0       
01744047 21/02/2020 1000 0       
01744047 22/02/2020 1000 0       
01744047 23/02/2020 1000 0       
01744047 24/02/2020 1000 5       
01744047 25/02/2020 1000 10      
01744047 26/02/2020 1000 0       
01744047 27/02/2020 1000 0       
01744047 28/02/2020 1000 0       
01744047 29/02/2020 1000 18      
01744047 01/03/2020 1000 4       
01744047 02/03/2020 1000 30      
01744047 03/03/2020 1000 11      
01744047 04/03/2020 1000 1       
01744047 05/03/2020 1000 40      
01744047 06/03/2020 1000 30      
01744047 07/03/2020 1000 24      
01744047 08/03/2020 1000 5       
01744047 09/03/2020 1000 0       
01744047 10/03/2020 1000 0       
01744047 11/03/2020 1000 0       
01744047 12/03/2020 1000 0       
01744047 13/03/2020 1000 1       
01744047 14/03/2020 1000 5       
01744047 15/03/2020 1000 0       
01744047 16/03/2020 1000 0       
01744047 17/03/2020 1000 0       
01744047 18/03/2020 1000 0       
01744047 19/03/2020 1000 0       
01744047 20/03/2020 1000 2       
01744047 21/03/2020 1000 0       
01744047 22/03/2020 1000 36      
01744047 23/03/2020 1000 19      
01744047 24/03/2020 1000 4       
01744047 25/03/2020 1000 0       
01744047 26/03/2020 1000 0.2870203125009024