01745015 09/02/2020 1000 2       
01745015 10/02/2020 1000 6       
01745015 11/02/2020 1000 13      
01745015 12/02/2020 1000 0       
01745015 13/02/2020 1000 6       
01745015 14/02/2020 1000 0       
01745015 15/02/2020 1000 0       
01745015 16/02/2020 1000 0       
01745015 17/02/2020 1000 0       
01745015 18/02/2020 1000 0       
01745015 19/02/2020 1000 0       
01745015 20/02/2020 1000 0       
01745015 21/02/2020 1000 0       
01745015 22/02/2020 1000 0       
01745015 23/02/2020 1000 0       
01745015 24/02/2020 1000 40      
01745015 25/02/2020 1000 5       
01745015 26/02/2020 1000 0       
01745015 27/02/2020 1000 0       
01745015 28/02/2020 1000 0       
01745015 29/02/2020 1000 25      
01745015 01/03/2020 1000 2       
01745015 02/03/2020 1000 47      
01745015 03/03/2020 1000 24      
01745015 04/03/2020 1000 2       
01745015 05/03/2020 1000 0       
01745015 06/03/2020 1000 22      
01745015 07/03/2020 1000 10      
01745015 08/03/2020 1000 8       
01745015 09/03/2020 1000 0       
01745015 10/03/2020 1000 0       
01745015 11/03/2020 1000 0       
01745015 12/03/2020 1000 0       
01745015 13/03/2020 1000 0       
01745015 14/03/2020 1000 0       
01745015 15/03/2020 1000 0       
01745015 16/03/2020 1000 0       
01745015 17/03/2020 1000 0       
01745015 18/03/2020 1000 0       
01745015 19/03/2020 1000 0       
01745015 20/03/2020 1000 0       
01745015 21/03/2020 1000 2       
01745015 22/03/2020 1000 15      
01745015 23/03/2020 1000 18      
01745015 24/03/2020 1000 12      
01745015 25/03/2020 1000 0       
01745015 26/03/2020 1000 2.146974999982006