01744046 09/02/2020 1000 15      
01744046 10/02/2020 1000 2       
01744046 11/02/2020 1000 7       
01744046 12/02/2020 1000 0       
01744046 13/02/2020 1000 5       
01744046 14/02/2020 1000 0       
01744046 15/02/2020 1000 0       
01744046 16/02/2020 1000 0       
01744046 17/02/2020 1000 0       
01744046 18/02/2020 1000 0       
01744046 19/02/2020 1000 0       
01744046 20/02/2020 1000 0       
01744046 21/02/2020 1000 0       
01744046 22/02/2020 1000 0       
01744046 23/02/2020 1000 0       
01744046 24/02/2020 1000 40      
01744046 25/02/2020 1000 5       
01744046 26/02/2020 1000 0       
01744046 27/02/2020 1000 0       
01744046 28/02/2020 1000 0       
01744046 29/02/2020 1000 25      
01744046 01/03/2020 1000 1       
01744046 02/03/2020 1000 14      
01744046 03/03/2020 1000 0       
01744046 04/03/2020 1000 0       
01744046 05/03/2020 1000 0       
01744046 06/03/2020 1000 40      
01744046 07/03/2020 1000 15      
01744046 08/03/2020 1000 10      
01744046 09/03/2020 1000 0       
01744046 10/03/2020 1000 0       
01744046 11/03/2020 1000 0       
01744046 12/03/2020 1000 0       
01744046 13/03/2020 1000 0       
01744046 14/03/2020 1000 0       
01744046 15/03/2020 1000 0       
01744046 16/03/2020 1000 0       
01744046 17/03/2020 1000 0       
01744046 18/03/2020 1000 0       
01744046 19/03/2020 1000 0       
01744046 20/03/2020 1000 0       
01744046 21/03/2020 1000 2       
01744046 22/03/2020 1000 25      
01744046 23/03/2020 1000 15      
01744046 24/03/2020 1000 10      
01744046 25/03/2020 1000 2       
01744046 26/03/2020 1000 1.881713554744157