01845009 09/02/2020 1000 14      
01845009 10/02/2020 1000 8       
01845009 11/02/2020 1000 0       
01845009 12/02/2020 1000 9       
01845009 13/02/2020 1000 20      
01845009 14/02/2020 1000 8       
01845009 15/02/2020 1000 5       
01845009 16/02/2020 1000 10      
01845009 17/02/2020 1000 0       
01845009 18/02/2020 1000 10      
01845009 19/02/2020 1000 1       
01845009 20/02/2020 1000 0       
01845009 21/02/2020 1000 0       
01845009 22/02/2020 1000 0       
01845009 23/02/2020 1000 0       
01845009 24/02/2020 1000 0       
01845009 25/02/2020 1000 22      
01845009 26/02/2020 1000 0       
01845009 27/02/2020 1000 3       
01845009 28/02/2020 1000 0       
01845009 29/02/2020 1000 10      
01845009 01/03/2020 1000 14      
01845009 02/03/2020 1000 68      
01845009 03/03/2020 1000 12      
01845009 04/03/2020 1000 22      
01845009 05/03/2020 1000 13      
01845009 06/03/2020 1000 0       
01845009 07/03/2020 1000 38      
01845009 08/03/2020 1000 0       
01845009 09/03/2020 1000 1       
01845009 10/03/2020 1000 0       
01845009 11/03/2020 1000 0       
01845009 12/03/2020 1000 0       
01845009 13/03/2020 1000 0       
01845009 14/03/2020 1000 1       
01845009 15/03/2020 1000 1       
01845009 16/03/2020 1000 0       
01845009 17/03/2020 1000 0       
01845009 18/03/2020 1000 0       
01845009 19/03/2020 1000 0       
01845009 20/03/2020 1000 25      
01845009 21/03/2020 1000 10      
01845009 22/03/2020 1000 25      
01845009 23/03/2020 1000 34      
01845009 24/03/2020 1000 3       
01845009 25/03/2020 1000 4       
01845009 26/03/2020 1000 0.0