01845034 09/02/2020 1000 15      
01845034 10/02/2020 1000 10      
01845034 11/02/2020 1000 0       
01845034 12/02/2020 1000 0       
01845034 13/02/2020 1000 20      
01845034 14/02/2020 1000 10      
01845034 15/02/2020 1000 5       
01845034 16/02/2020 1000 10      
01845034 17/02/2020 1000 0       
01845034 18/02/2020 1000 10      
01845034 19/02/2020 1000 0       
01845034 20/02/2020 1000 0       
01845034 21/02/2020 1000 0       
01845034 22/02/2020 1000 0       
01845034 23/02/2020 1000 0       
01845034 24/02/2020 1000 5       
01845034 25/02/2020 1000 20      
01845034 26/02/2020 1000 0       
01845034 27/02/2020 1000 5       
01845034 28/02/2020 1000 0       
01845034 29/02/2020 1000 25      
01845034 01/03/2020 1000 15      
01845034 02/03/2020 1000 15      
01845034 03/03/2020 1000 40      
01845034 04/03/2020 1000 20      
01845034 05/03/2020 1000 30      
01845034 06/03/2020 1000 5       
01845034 07/03/2020 1000 10      
01845034 08/03/2020 1000 6       
01845034 09/03/2020 1000 0       
01845034 10/03/2020 1000 0       
01845034 11/03/2020 1000 2       
01845034 12/03/2020 1000 0       
01845034 13/03/2020 1000 2       
01845034 14/03/2020 1000 4       
01845034 15/03/2020 1000 1       
01845034 16/03/2020 1000 0       
01845034 17/03/2020 1000 0       
01845034 18/03/2020 1000 0       
01845034 19/03/2020 1000 0       
01845034 20/03/2020 1000 25      
01845034 21/03/2020 1000 4       
01845034 22/03/2020 1000 12      
01845034 23/03/2020 1000 14      
01845034 24/03/2020 1000 0       
01845034 25/03/2020 1000 0       
01845034 26/03/2020 1000 0.0