02044056 09/02/2020 1000 1       
02044056 10/02/2020 1000 2       
02044056 11/02/2020 1000 10      
02044056 12/02/2020 1000 44      
02044056 13/02/2020 1000 5       
02044056 14/02/2020 1000 9       
02044056 15/02/2020 1000 0       
02044056 16/02/2020 1000 26      
02044056 17/02/2020 1000 4       
02044056 18/02/2020 1000 1       
02044056 19/02/2020 1000 0       
02044056 20/02/2020 1000 0       
02044056 21/02/2020 1000 0       
02044056 22/02/2020 1000 13      
02044056 23/02/2020 1000 1       
02044056 24/02/2020 1000 1       
02044056 25/02/2020 1000 29      
02044056 26/02/2020 1000 0       
02044056 27/02/2020 1000 11      
02044056 28/02/2020 1000 4       
02044056 29/02/2020 1000 21      
02044056 01/03/2020 1000 1       
02044056 02/03/2020 1000 31      
02044056 03/03/2020 1000 6       
02044056 04/03/2020 1000 20      
02044056 05/03/2020 1000 0       
02044056 06/03/2020 1000 0       
02044056 07/03/2020 1000 3       
02044056 08/03/2020 1000 0       
02044056 09/03/2020 1000 0       
02044056 10/03/2020 1000 0       
02044056 11/03/2020 1000 0       
02044056 12/03/2020 1000 0       
02044056 13/03/2020 1000 0       
02044056 14/03/2020 1000 0       
02044056 15/03/2020 1000 0       
02044056 16/03/2020 1000 0       
02044056 17/03/2020 1000 0       
02044056 18/03/2020 1000 0       
02044056 19/03/2020 1000 0       
02044056 20/03/2020 1000 0       
02044056 21/03/2020 1000 9       
02044056 22/03/2020 1000 4       
02044056 23/03/2020 1000 0       
02044056 24/03/2020 1000 0       
02044056 25/03/2020 1000 0       
02044056 26/03/2020 1000 0.007826801558987876