02043089 09/02/2020 1000 2       
02043089 10/02/2020 1000 0.5     
02043089 11/02/2020 1000 11      
02043089 12/02/2020 1000 11.25   
02043089 13/02/2020 1000 15.25   
02043089 14/02/2020 1000 24      
02043089 15/02/2020 1000 0       
02043089 16/02/2020 1000 9.25    
02043089 17/02/2020 1000 0.5     
02043089 18/02/2020 1000 6.25    
02043089 19/02/2020 1000 0       
02043089 20/02/2020 1000 0.75    
02043089 21/02/2020 1000 0       
02043089 22/02/2020 1000 2.5     
02043089 23/02/2020 1000 5       
02043089 24/02/2020 1000 0       
02043089 25/02/2020 1000 6.25    
02043089 26/02/2020 1000 7.25    
02043089 27/02/2020 1000 9.75    
02043089 28/02/2020 1000 21.25   
02043089 29/02/2020 1000 8       
02043089 01/03/2020 1000 4.25    
02043089 02/03/2020 1000 40      
02043089 03/03/2020 1000 11.5    
02043089 04/03/2020 1000 30      
02043089 05/03/2020 1000 6       
02043089 06/03/2020 1000 0       
02043089 07/03/2020 1000 3.5     
02043089 08/03/2020 1000 0       
02043089 09/03/2020 1000 8       
02043089 10/03/2020 1000 0       
02043089 11/03/2020 1000 0       
02043089 12/03/2020 1000 0       
02043089 13/03/2020 1000 0       
02043089 14/03/2020 1000 0       
02043089 15/03/2020 1000 0.25    
02043089 16/03/2020 1000 0.25    
02043089 17/03/2020 1000 0       
02043089 18/03/2020 1000 0       
02043089 19/03/2020 1000 0       
02043089 20/03/2020 1000 0       
02043089 21/03/2020 1000 15      
02043089 22/03/2020 1000 15      
02043089 23/03/2020 1000 0       
02043089 24/03/2020 1000 0       
02043089 25/03/2020 1000 0       
02043089 26/03/2020 1000 0.0