02044063 09/02/2020 1000 14      
02044063 10/02/2020 1000 12      
02044063 11/02/2020 1000 28      
02044063 12/02/2020 1000 34      
02044063 13/02/2020 1000 32      
02044063 14/02/2020 1000 12      
02044063 15/02/2020 1000 0       
02044063 16/02/2020 1000 13      
02044063 17/02/2020 1000 20      
02044063 18/02/2020 1000 0       
02044063 19/02/2020 1000 0       
02044063 20/02/2020 1000 0       
02044063 21/02/2020 1000 0       
02044063 22/02/2020 1000 2       
02044063 23/02/2020 1000 5       
02044063 24/02/2020 1000 0       
02044063 25/02/2020 1000 13      
02044063 26/02/2020 1000 0       
02044063 27/02/2020 1000 7       
02044063 28/02/2020 1000 16      
02044063 29/02/2020 1000 18      
02044063 01/03/2020 1000 1       
02044063 02/03/2020 1000 58      
02044063 03/03/2020 1000 6       
02044063 04/03/2020 1000 10      
02044063 05/03/2020 1000 0       
02044063 06/03/2020 1000 1       
02044063 07/03/2020 1000 7       
02044063 08/03/2020 1000 0       
02044063 09/03/2020 1000 13      
02044063 10/03/2020 1000 11      
02044063 11/03/2020 1000 0       
02044063 12/03/2020 1000 0       
02044063 13/03/2020 1000 20      
02044063 14/03/2020 1000 0       
02044063 15/03/2020 1000 0       
02044063 16/03/2020 1000 0       
02044063 17/03/2020 1000 0       
02044063 18/03/2020 1000 0       
02044063 19/03/2020 1000 0       
02044063 20/03/2020 1000 0       
02044063 21/03/2020 1000 21      
02044063 22/03/2020 1000 23      
02044063 23/03/2020 1000 0       
02044063 24/03/2020 1000 0       
02044063 25/03/2020 1000 0       
02044063 26/03/2020 1000 0.00163814476575023