02044060 09/02/2020 1000 1       
02044060 10/02/2020 1000 2       
02044060 11/02/2020 1000 20      
02044060 12/02/2020 1000 36      
02044060 13/02/2020 1000 1       
02044060 14/02/2020 1000 21      
02044060 15/02/2020 1000 0       
02044060 16/02/2020 1000 0       
02044060 17/02/2020 1000 20      
02044060 18/02/2020 1000 0       
02044060 19/02/2020 1000 0       
02044060 20/02/2020 1000 0       
02044060 21/02/2020 1000 0       
02044060 22/02/2020 1000 0       
02044060 23/02/2020 1000 16      
02044060 24/02/2020 1000 0       
02044060 25/02/2020 1000 23      
02044060 26/02/2020 1000 0       
02044060 27/02/2020 1000 27      
02044060 28/02/2020 1000 6       
02044060 29/02/2020 1000 18      
02044060 01/03/2020 1000 0       
02044060 02/03/2020 1000 30      
02044060 03/03/2020 1000 5       
02044060 04/03/2020 1000 43      
02044060 05/03/2020 1000 0       
02044060 06/03/2020 1000 2       
02044060 07/03/2020 1000 9       
02044060 08/03/2020 1000 0       
02044060 09/03/2020 1000 0       
02044060 10/03/2020 1000 0       
02044060 11/03/2020 1000 0       
02044060 12/03/2020 1000 0       
02044060 13/03/2020 1000 0       
02044060 14/03/2020 1000 0       
02044060 15/03/2020 1000 0       
02044060 16/03/2020 1000 0       
02044060 17/03/2020 1000 0       
02044060 18/03/2020 1000 0       
02044060 19/03/2020 1000 0       
02044060 20/03/2020 1000 0       
02044060 21/03/2020 1000 3       
02044060 22/03/2020 1000 2       
02044060 23/03/2020 1000 0       
02044060 24/03/2020 1000 0       
02044060 25/03/2020 1000 0       
02044060 26/03/2020 1000 0.0