99990555 09/02/2020 1200 16.6    
99990555 10/02/2020 1200 9.8     
99990555 11/02/2020 1200 17.6    
99990555 12/02/2020 1200 52.8    
99990555 13/02/2020 1200 2.8     
99990555 14/02/2020 1200 7.4     
99990555 15/02/2020 1200 10.4    
99990555 16/02/2020 1200 1       
99990555 17/02/2020 1200 14.4    
99990555 18/02/2020 1200 0       
99990555 19/02/2020 1200 0       
99990555 20/02/2020 1200 0       
99990555 21/02/2020 1200 5.2     
99990555 22/02/2020 1200 0       
99990555 23/02/2020 1200 0.2     
99990555 24/02/2020 1200 0.2     
99990555 25/02/2020 1200 16.4    
99990555 26/02/2020 1200 18.8    
99990555 27/02/2020 1200 16.2    
99990555 28/02/2020 1200 23.2    
99990555 29/02/2020 1200 27.8    
99990555 01/03/2020 1200 1.6     
99990555 02/03/2020 1200 37.4    
99990555 03/03/2020 1200 20.8    
99990555 04/03/2020 1200 9.6     
99990555 05/03/2020 1200 12.4    
99990555 06/03/2020 1200 15.2    
99990555 07/03/2020 1200 16.4    
99990555 08/03/2020 1200 0       
99990555 09/03/2020 1200 0       
99990555 10/03/2020 1200 0.6     
99990555 11/03/2020 1200 2.6     
99990555 12/03/2020 1200 0       
99990555 13/03/2020 1200 11      
99990555 14/03/2020 1200 0       
99990555 15/03/2020 1200 0.2     
99990555 16/03/2020 1200 0       
99990555 17/03/2020 1200 0       
99990555 18/03/2020 1200 0.6     
99990555 19/03/2020 1200 6.2     
99990555 20/03/2020 1200 18      
99990555 21/03/2020 1200 69.6    
99990555 22/03/2020 1200 31.6    
99990555 23/03/2020 1200 0.8     
99990555 24/03/2020 1200 0       
99990555 25/03/2020 1200 0       
99990555 26/03/2020 1200 0.3370059133904318