99990528 09/02/2020 1200 18      
99990528 10/02/2020 1200 1       
99990528 11/02/2020 1200 0.6     
99990528 12/02/2020 1200 17.2    
99990528 13/02/2020 1200 39.2    
99990528 14/02/2020 1200 24.8    
99990528 15/02/2020 1200 28      
99990528 16/02/2020 1200 44.8    
99990528 17/02/2020 1200 1.2     
99990528 18/02/2020 1200 5.8     
99990528 19/02/2020 1200 31.6    
99990528 20/02/2020 1200 0       
99990528 21/02/2020 1200 0       
99990528 22/02/2020 1200 0       
99990528 23/02/2020 1200 1.4     
99990528 24/02/2020 1200 0.2     
99990528 25/02/2020 1200 20.4    
99990528 26/02/2020 1200 4.4     
99990528 27/02/2020 1200 17.8    
99990528 28/02/2020 1200 0.6     
99990528 29/02/2020 1200 47      
99990528 01/03/2020 1200 2.2     
99990528 02/03/2020 1200 7.2     
99990528 03/03/2020 1200 59      
99990528 04/03/2020 1200 0.2     
99990528 05/03/2020 1200 37.8    
99990528 06/03/2020 1200 1.8     
99990528 07/03/2020 1200 5.6     
99990528 08/03/2020 1200 4       
99990528 09/03/2020 1200 0       
99990528 10/03/2020 1200 0       
99990528 11/03/2020 1200 0       
99990528 12/03/2020 1200 0       
99990528 13/03/2020 1200 0       
99990528 14/03/2020 1200 0       
99990528 15/03/2020 1200 0       
99990528 16/03/2020 1200 0       
99990528 17/03/2020 1200 0       
99990528 18/03/2020 1200 0       
99990528 19/03/2020 1200 3       
99990528 20/03/2020 1200 4.2     
99990528 21/03/2020 1200 12.6    
99990528 22/03/2020 0000 -       
99990528 23/03/2020 1200 53.8    
99990528 24/03/2020 1200 5.8     
99990528 25/03/2020 1200 0.6     
99990528 26/03/2020 1200 0.0