ONS-Operador Nacional Do Sistema Eletrico
Modelo Computacional SMAP
Versao: 2.0.4 Data: 14/05/2019

Iniciando execucao: 24-03-2020 17:56:56

Parametros
   Amplitude inicial: 0.5
   somacoef alvo: 2 (nao e necessario multiplicar por 100)
   Limite de iteracoes: 10000
   Particulas: 24
   Pulso inicial: 0.1
   Uso de pesos: on
   Gerar graficos: off
   Semente: 9952

Sub bacia: AVERMELHA
cef: 0.99747853
dm: 0.0061011856
ebin: 210.13413
mape: 0.0055557787
*somacoef: 1.9919228
supin: 211.35086
Iteracoes: 10000
Iteracao otima: 9995
Tempo: 4.581 s

Qcal
[33](0,0,421.48499,410.24163,419.21689,427.40516,430.35864,434.82092,491.49909,511.6615,510.0458,492.54128,470.03559,441.27926,415.68949,392.95412,372.77099,354.85026,338.93516,324.7906,312.20442,301.01293,291.13479,283.77255,275.8656,268.80332,262.3708,256.69319,251.54674,250.65791,265.58175,311.78635,374.87168)
Rsolo
[33](0,54.7178,55.571723,59.063193,61.917782,63.659419,65.245567,71.12359,73.284695,73.023728,71.139021,68.257449,63.245539,59.008034,55.396475,52.241899,49.531605,47.177497,45.113619,43.322742,42.095019,41.079378,40.629461,39.773903,38.912782,37.919221,37.034633,35.921236,35.856092,39.83828,48.171738,57.421085,53.964529)
Rsub
[33](0,179.4609,179.78969,180.21177,181.0441,182.23859,183.66356,185.30529,187.83834,190.71766,193.53897,196.03471,198.06354,199.35496,200.08791,200.39217,200.3579,200.05973,199.55278,198.87862,198.07159,197.18108,196.22762,195.27877,194.33451,193.39481,192.45966,191.52903,190.6029,189.68125,188.76405,188.39834,188.9923)
Rsup
[33](0,6.7423984,6.3714371,6.6419946,6.8721213,6.9217229,7.0108476,8.7576383,9.3062285,9.1471312,8.4833245,7.6721346,6.6789811,5.8143907,5.0617211,4.4064842,3.8360673,3.3394905,2.9071954,2.5308606,2.2039818,1.9221187,1.722868,1.5060684,1.3160433,1.145938,0.99974571,0.87032919,0.87656897,1.3870883,2.895343,4.9215171,4.2844295)
Peso chuva 
[33](0.59284684,1.8486674,1.0770038,1.4775868,1.7604077,1.0805055,0.92329141,1.6321755,1.1299579,1.2574613,1.3099461,1.3530612,2,2,1.9541445,0.5,0.5,2,2,2,2,2,1.9677052,0.84120611,0.77893894,0.51490321,1.0833206,0.89150739,1.0575526,0.95187234,1.0937902,1.2191597,1)
Previsao PMEDIA_ORIG
[13] (0.9,1.2,1,1.3,0.6,6.6,7.9,5.1,5.3,2.9,2.3,2.5,3.1333333)


Sub bacia: Camargos
cef: 0.9870048
dm: 0.033608379
ebin: 83.002551
mape: 0.030994322
*somacoef: 1.9560105
supin: 171.07552
Iteracoes: 10000
Iteracao otima: 9940
Tempo: 4.562 s

Qcal
[33](0,0,254.07807,234.08892,215.95526,200.13014,188.56184,201.45882,250.58155,297.88797,309.289,326.66785,307.05415,302.67792,281.59575,260.07511,240.50028,222.96867,216.21371,204.19162,191.13894,179.31543,168.8421,159.55929,155.30642,148.8211,141.76151,139.99059,134.40431,128.90639,138.84003,157.68664,153.91531)
Rsolo
[33](0,45.95,42.790291,40.178247,39.374886,40.16716,48.720946,58.020655,59.666141,56.41261,57.692785,50.775251,53.047536,47.574972,43.725725,41.146706,39.249968,43.777498,44.03794,41.008817,39.023785,37.134839,35.337327,37.739299,37.88351,36.29979,38.976183,38.609225,36.869686,43.633211,51.450883,47.672625,42.660742)
Rsub
[33](0,247.73282,248.40572,247.59865,246.45715,245.3209,244.18989,246.33861,254.49819,263.86558,270.7796,278.58483,281.75612,286.31758,287.64985,287.07828,285.75476,284.43734,283.90413,283.49271,282.18572,280.88475,279.58978,278.30078,277.01773,275.74059,274.46933,273.20394,271.94439,270.69063,270.15529,273.77235,275.21446)
Rsup
[33](0,19.880502,17.531385,15.455515,13.660941,12.360842,13.903622,19.52846,24.708189,25.668366,27.418741,24.835552,24.203519,21.575979,19.023216,16.770701,14.784904,14.051211,12.674898,11.174079,9.8509704,8.6845293,7.6562051,7.2121716,6.5084759,5.7378155,5.581515,4.9816083,4.3917423,5.5949363,7.8059244,7.2268298,6.3711099)
Peso chuva 
[33](2,2,0.5,0.5,0.5,0.5,1.7037533,1.0045437,1.6105141,1.1163989,1.7646838,2,1.6933684,0.80245877,1.4842653,1.9941863,1.3988107,0.5,0.60279164,0.5,2,1.8757776,2,2,2,2,2,2,2,0.89912224,1.1922402,2,1)
Previsao PMEDIA_ORIG
[13] (0.5,1.7,0.1,0.1,0.1,0.8,6.5,3.7,6.7,4.6,3.6,4.7,2.7583333)


Sub bacia: CAPESCURO
cef: 0.92692589
dm: 0.085712876
ebin: 103.86907
mape: 0.044798116
*somacoef: 1.8821278
supin: 97.074066
Iteracoes: 10000
Iteracao otima: 9917
Tempo: 4.577 s

Qcal
[33](0,0,200.94313,215.46205,207.74477,198.02319,190.09131,190.0004,203.30873,224.10842,249.67486,260.89658,250.73475,237.84738,225.01182,212.81501,202.05102,192.53561,184.10842,176.62981,169.97822,164.15522,158.83993,154.07523,149.79104,148.00675,144.89972,141.42112,138.65304,136.60128,161.85477,171.09173,177.19027)
Rsolo
[33](0,117.264,128.15666,120.1394,115.64258,115.8286,120.8578,127.99335,132.50718,135.2027,132.61786,119.81971,113.96044,110.24093,108.14658,105.91178,103.72315,101.75263,99.788451,97.795662,97.122648,95.701083,94.06373,92.880291,95.685681,95.971521,95.013783,94.860968,95.693091,112.60149,122.41195,124.27489,114.52222)
Rsub
[33](0,176.13722,177.97145,185.91792,189.18938,190.08336,191.06348,194.68147,202.3846,212.84432,224.9806,235.31673,237.98945,237.62696,235.57697,233.54467,231.5299,229.53252,227.55236,225.58928,223.64314,221.7138,219.80109,217.90488,216.02504,214.16141,212.31386,210.48224,208.66643,206.86629,206.11455,210.46311,215.83205)
Rsup
[33](0,10.970423,12.488978,11.087265,9.770601,8.8146345,8.7390429,10.001915,11.839144,14.031362,14.490738,12.653509,11.018978,9.5925778,8.350824,7.2698145,6.3287411,5.5094891,4.7962889,4.175412,3.6470474,3.1749391,2.7639451,2.4061539,2.3297888,2.1028591,1.8328659,1.6421073,1.5312472,4.5051329,5.599108,5.998507,5.2220037)
Peso chuva 
[33](1.8931296,2,1.2760305,1.2788068,1.097185,1.4071136,1.3576553,1.9255642,1.4028254,0.94349866,0.99374881,0.5,0.94630634,2,2,2,1.8245891,2,2,2,2,2,2,2,2,2,2,2,2,1.2604031,2,2,1)
Previsao PMEDIA_ORIG
[13] (0,0.4,0.2,0.5,0.6,4,11.1,5.3,5.8,3.7,3.7,5,3.3583333)


Sub bacia: EDACUNHA
cef: 0.99521858
dm: 0.010365373
ebin: 85.996982
mape: 0.009196683
*somacoef: 1.9860219
supin: 111.08469
Iteracoes: 10000
Iteracao otima: 9948
Tempo: 4.581 s

Qcal
[33](0,0,197.08167,168.56603,147.77213,133.07298,161.5063,255.40618,241.87613,213.9527,182.37784,158.79815,149.36965,135.35232,123.77018,115.15331,108.75664,104.02383,100.46915,97.749128,95.62089,93.912675,92.503021,91.30603,90.260949,91.106264,108.43026,118.99429,109.50965,102.53899,97.697766,95.240083,92.119999)
Rsolo
[33](0,46.437,41.669316,39.17572,37.938335,46.76022,57.703432,52.614751,47.920211,42.063552,38.998755,40.657203,38.223829,35.573821,33.926932,32.671691,31.461917,30.394681,29.466382,28.493357,27.474974,26.457564,25.476793,24.564568,24.557562,31.343962,37.353934,35.586392,34.508956,34.022,33.931648,33.438661,32.199104)
Rsub
[33](0,220.50731,223.63572,224.51772,224.38803,223.80082,227.06894,236.96962,243.43943,247.16391,248.03418,247.65686,247.93365,247.26922,245.70433,243.81927,241.94868,240.09244,238.25043,236.42256,234.60872,232.80879,231.02267,229.25025,227.49143,225.7461,224.01416,223.22252,221.84613,220.1468,218.45782,216.7818,215.11864)
Rsup
[33](0,7.460987,5.4637922,4.0440701,3.0602007,4.9853022,11.206469,10.038386,7.9934426,5.7751627,4.16864,3.54526,2.5965376,1.8360293,1.2982688,0.91801466,0.64913439,0.45900733,0.3245672,0.22950367,0.1622836,0.11475183,0.081141799,0.057375917,0.16022193,1.3695028,2.1244009,1.5081025,1.0759724,0.79532463,0.67449583,0.50883759,0.35980251)
Peso chuva 
[33](0.5,2,0.68530524,1.9043609,2,2,1.3271589,0.76321487,1.0653508,1.7937893,0.68995984,2,2,1.5208837,1.4700219,0.59648819,0.54229577,0.5,0.5888755,0.5,0.5,0.5,0.63853128,0.63000346,0.51828835,1.0206322,1.3122063,0.5,0.54006623,0.5,0.96626982,1.5159997,1)
Previsao PMEDIA_ORIG
[13] (0,0,0,0,0.2,2.3,10.1,3.3,4.9,3.4,2.3,3.5,2.5)


Sub bacia: FUNIL MG
cef: 0.98324054
dm: 0.028633922
ebin: 172.41633
mape: 0.023216847
*somacoef: 1.9600237
supin: 337.17289
Iteracoes: 10000
Iteracao otima: 8883
Tempo: 4.559 s

Qcal
[33](0,0,509.58922,482.6411,432.69725,389.74023,355.98599,347.41612,411.68765,478.15139,501.48301,509.59166,516.62847,561.10063,582.34192,526.16149,473.61981,428.09038,389.69227,357.38624,330.18113,307.24718,287.88971,271.52717,257.67414,245.9199,236.21547,232.78836,232.81733,228.88505,265.05986,345.01391,364.25999)
Rsolo
[33](0,57.325,63.108006,57.596314,56.254472,55.915481,60.743284,71.157102,74.419723,72.571179,71.943742,71.81716,74.642196,73.843787,63.811674,58.051099,55.419672,53.638479,51.983499,49.902485,47.810058,45.787348,43.850213,42.7251,41.17498,40.473476,41.97263,44.626204,45.65746,55.16452,68.571858,69.702455,59.949211)
Rsub
[33](0,306.48056,304.91099,306.18074,304.65709,303.09686,301.54462,301.57639,307.80633,316.30327,323.43326,330.08997,336.62523,345.13753,353.02509,354.43922,352.87998,351.07279,349.27485,347.48612,345.70655,343.9361,342.17471,340.42234,338.67895,336.94449,335.2189,333.50216,331.79421,330.095,328.4045,332.79639,337.89638)
Rsup
[33](0,18.850188,17.392976,14.56085,12.20719,10.369177,9.9388844,13.531087,17.050909,18.088061,18.31714,18.501182,20.781927,21.701732,18.312802,15.330899,12.834544,10.744675,8.9951019,7.530415,6.3042254,5.2776982,4.4183221,3.6989608,3.0966531,2.6086627,2.4713362,2.5269499,2.3608266,4.4366796,8.9598069,9.8976587,8.286007)
Peso chuva 
[33](0.5,0.5,2,0.5,0.5,0.5,1.5658972,1.4907343,1.3818888,1.8217097,1.3829657,1.7559023,2,2,2,0.51550243,1.0665322,0.72363864,0.62927797,0.5,1.2562257,1.9444872,2,1.8499721,0.602594,2,2,2,2,1.4385769,0.98554272,1.0048612,1)
Previsao PMEDIA_ORIG
[13] (0.1,0.2,0,0.1,0.2,0.8,3.5,3.9,3.8,4.3,4.4,4.2,2.125)


Sub bacia: FURNAS
cef: 0.982648
dm: 0.046565235
ebin: 201.6
mape: 0.043211447
*somacoef: 1.9394366
supin: 824.7188
Iteracoes: 10000
Iteracao otima: 9934
Tempo: 4.555 s

Qcal
[33](0,0,1026.3188,1048.5048,976.46031,910.33295,875.46947,830.642,890.28463,958.53349,928.68147,930.91024,871.39834,811.05183,752.72446,699.38258,651.32359,609.42469,571.85405,538.10212,505.91169,476.86747,450.65175,426.97898,405.59247,401.09618,398.47034,423.50233,407.91104,411.90443,452.10629,498.90417,481.86965)
Rsolo
[33](0,39.627,47.031672,41.601701,40.007045,42.606683,41.965278,48.476591,50.144979,45.598746,47.315749,41.654692,39.04744,36.34318,34.449358,32.467791,31.90588,31.40147,30.934944,29.705079,27.94923,26.290591,24.710279,23.544739,26.207344,29.006502,35.049905,35.225984,38.597366,44.451736,46.904487,41.510023,36.963785)
Rsub
[33](0,172.0309,172.2195,176.69828,177.88204,178.23058,179.9602,181.32533,186.74692,193.3434,196.78678,201.33454,202.42522,202.18229,201.18375,200.19014,199.20144,198.21762,197.23866,196.26453,195.29522,194.33069,193.37093,192.4159,191.4656,190.51998,189.57904,188.64274,187.71107,187.32771,190.09032,194.39624,195.4433)
Rsup
[33](0,34.362352,35.277535,32.057077,29.244045,27.774421,25.822208,28.240595,30.8195,29.253612,29.178345,26.476696,23.909071,21.490692,19.316929,17.363041,15.665576,14.148212,12.78972,11.496052,10.333237,9.2880406,8.3485643,7.5041152,7.3631755,7.29994,8.3888548,7.7849518,7.9968294,9.6905802,11.505549,10.585551,9.5148325)
Peso chuva 
[33](1.6186216,0.5,2,0.85159791,0.5,1.3064699,0.54115706,1.545446,1.4149998,0.6719674,0.75362398,0.5,0.66418422,2,2,2,1.6682907,1.4085105,1.9995287,2,2,2,2,2,2,2,2,2,2,2,2,1.2219141,1)
Previsao PMEDIA_ORIG
[13] (0,0,0,0,0.2,1.3,7.5,3.5,3.2,3.5,3.2,3.9,2.1916667)


Sub bacia: MARIMBONDO
cef: 0.95608648
dm: 0.06039729
ebin: 166.504
mape: 0.041466071
*somacoef: 1.9146204
supin: 216.18895
Iteracoes: 10000
Iteracao otima: 7367
Tempo: 4.562 s

Qcal
[33](0,0,382.69295,388.62966,390.55909,393.17891,373.82863,376.01369,354.60727,372.13782,377.55147,451.72951,481.38722,473.47348,434.41913,399.45915,369.36209,343.78471,322.15005,304.12709,289.18903,276.78221,266.45246,257.82717,250.6007,244.60319,239.60619,235.27788,231.5056,228.30908,255.29,257.6451,283.57479)
Rsolo
[33](0,75.7512,85.163608,90.209772,92.899955,90.130461,92.093887,87.951564,92.522078,93.377189,101.81602,102.41971,98.41834,87.752325,81.955161,78.426321,76.147656,74.673457,73.394956,72.131499,70.853469,69.594119,68.356504,67.195081,66.422423,65.718506,64.956209,64.066974,63.294499,71.061312,74.087658,82.288636,78.636544)
Rsub
[33](0,186.72121,186.04902,188.56598,193.07118,198.70677,203.14003,208.387,211.89696,217.29551,223.04759,232.78243,242.78802,250.76656,254.03449,255.12495,255.02399,254.20932,253.23229,252.25901,251.28948,250.32367,249.36157,248.40317,247.44845,246.49741,245.55002,244.60627,243.66614,242.72963,241.79672,240.8674,242.12577)
Rsup
[33](0,5.186291,5.3430902,5.3355333,5.3020059,4.7172425,4.6748245,4.0490485,4.3945142,4.408899,6.0653527,6.5685807,6.1646921,5.0571149,4.1485302,3.403186,2.7917538,2.2901743,1.878711,1.541173,1.2642787,1.0371325,0.85079649,0.69793844,0.57448374,0.47495251,0.39138486,0.321078,0.26450594,0.93180217,1.008257,1.6501808,1.3537016)
Peso chuva 
[33](2,0.5,1.1494585,2,2,1.4917616,1.0491466,0.5,1.0997848,1.5635988,2,2,2,0.5,2,1.8111272,1.738868,2,2,2,2,2,2,2,0.5,0.5,0.5,1.3628638,0.5,1.3694194,0.78446495,2,1)
Previsao PMEDIA_ORIG
[13] (1,0.6,0.6,0.8,0.5,4.1,7.8,4.4,4.7,3,2.6,2.8,2.7416667)


Sub bacia: PARAGUACU
cef: 0.99578049
dm: 0.012491759
ebin: 77.585415
mape: 0.011757541
*somacoef: 1.9840229
supin: 327.03713
Iteracoes: 10000
Iteracao otima: 9978
Tempo: 4.558 s

Qcal
[33](0,0,404.62254,397.24102,399.61611,365.43094,335.24074,324.23949,330.84747,342.01292,332.77098,329.66308,336.68058,340.0774,314.93386,290.13017,267.78198,247.91686,230.34547,214.79648,201.03071,188.83731,178.03037,168.44601,159.93974,156.11623,195.28947,209.96647,198.1113,188.2167,189.97203,216.98498,227.00016)
Rsolo
[33](0,65.435,67.542525,69.07433,59.941584,59.046662,63.615968,67.632093,69.092934,66.417867,67.184541,68.735498,68.554032,59.545139,57.340077,56.438594,54.238078,52.293148,50.617433,49.119888,47.286734,45.501751,43.732406,42.057721,44.005244,55.735629,63.268959,59.013258,58.456847,62.371978,68.103785,67.245716,58.925073)
Rsub
[33](0,142.85707,146.66654,151.84042,158.04259,158.53468,158.54584,161.14605,166.30892,172.45268,176.75145,181.53635,187.35523,193.01947,193.12512,192.17131,191.22221,190.2778,189.33806,188.40295,187.47246,186.54657,185.62525,184.70848,183.79624,182.88851,181.98525,184.26034,184.12686,183.70387,185.43898,190.80277,195.55919)
Rsup
[33](0,25.116418,24.390625,24.35723,21.473121,19.133992,18.288631,18.687669,19.329832,18.363796,17.945809,18.285175,18.303345,16.136069,14.226741,12.550185,11.064134,9.7540435,8.5990794,7.5808732,6.6832315,5.8918785,5.1942285,4.5791865,4.3235909,7.3699532,8.5348197,7.5294504,6.7751134,6.9275652,8.9297862,9.4752279,8.3532781)
Peso chuva 
[33](1.7691006,2,0.92470952,1.2547399,0.5,1.1120206,1.6452716,1.7714738,1.3723771,1.160203,1.4171671,1.4141818,1.7504977,0.5,1.2490516,1.8036436,1.9616749,0.5,0.5,0.7998969,2,1.8462036,0.5,0.5,1.1440639,1.5904519,1.1492584,0.5,1.0096941,2,1.3987128,0.99851092,1)
Previsao PMEDIA_ORIG
[13] (0,0,0.1,0,0.2,2.9,10.6,4.8,5.2,5.4,2.7,3.1,2.9166667)


Sub bacia: PASSAGEM
cef: 0.96795466
dm: 0.042171536
ebin: 56.168
mape: 0.027414128
*somacoef: 1.9405405
supin: 228.11296
Iteracoes: 10000
Iteracao otima: 8617
Tempo: 4.614 s

Qcal
[33](0,0,284.28096,285.01936,295.37309,295.63846,282.27137,284.36692,299.1279,358.88909,413.74376,433.01903,447.56292,447.01092,446.40754,402.91573,365.71723,333.85048,306.49868,282.97349,262.70027,245.175,229.96667,216.7049,205.09019,194.9698,187.91927,182.63514,198.10908,201.15801,245.00154,236.98162,245.01188)
Rsolo
[33](0,100.59,102.80882,105.43711,106.89005,106.75895,107.90522,109.80957,119.32646,125.96084,120.67282,120.56506,119.74619,119.09885,112.52114,106.76598,101.71481,97.327482,93.642995,90.332316,87.258553,84.265087,81.542477,79.055841,77.555749,77.011573,76.748829,80.818343,82.861225,89.603479,90.033852,92.764408,89.241562)
Rsub
[33](0,59.015447,60.440046,62.047539,63.880565,65.837557,67.772765,69.805144,72.008672,75.179247,79.087332,82.371046,85.626601,88.775831,91.838798,94.199838,95.995619,97.333042,98.301051,98.979417,99.413912,99.636034,99.664433,99.527868,99.250077,98.892041,98.506908,98.109881,97.93882,97.889379,98.27827,98.695262,99.306428)
Rsup
[33](0,7.4399413,7.4198023,7.707592,7.6593473,7.1626294,7.1709044,7.5892481,15.552855,18.036484,8.3028334,8.8239511,8.8051766,8.7998634,7.3997736,6.2224431,5.2324301,4.3999317,3.6998868,3.1112215,2.616215,2.1999659,1.8499434,1.5556108,1.311368,1.1668234,1.0779245,1.6637223,1.8346637,3.3298516,3.1174925,3.4254249,2.8804275)
Peso chuva 
[33](2,1.904961,0.69150206,0.88920425,1.7384638,1.3251058,1.4678177,0.58652991,1.9179912,1.4558756,0.5,0.93077566,1.5051617,1.5996472,0.5,2,0.5,0.5,0.5,0.5,0.5,2,2,1.9022228,0.5,0.5,0.5,2,2,1.8087465,0.52031098,1.0028204,1)
Previsao PMEDIA_ORIG
[13] (0,0,0.1,0.2,0.3,4.8,10.9,3.6,4.6,2.9,2.1,3.1,2.7166667)


Sub bacia: PBUENOS
cef: 0.99132951
dm: 0.018526791
ebin: 71.431674
mape: 0.016372677
*somacoef: 1.9749568
supin: 208.52979
Iteracoes: 10000
Iteracao otima: 9861
Tempo: 4.555 s

Qcal
[33](0,0,279.96146,264.92789,253.70978,245.9183,230.09062,229.65354,282.5403,306.10741,294.92124,291.97866,262.28018,235.54951,212.03455,191.90293,174.91161,160.56124,148.49181,138.37777,134.42975,126.37412,119.43838,113.54543,108.52962,109.05938,114.97998,150.05484,159.53203,175.41948,182.97005,184.04835,186.99089)
Rsolo
[33](0,51.7,54.361832,55.543186,56.199328,54.090693,56.39196,63.444216,62.541685,58.379534,59.058854,51.75162,48.529767,45.742496,44.110071,42.548094,40.65246,39.777259,39.054694,41.269885,40.44583,38.734163,37.066762,35.434612,37.802498,42.393828,53.085577,55.717112,57.975221,57.460404,56.156688,56.224533,48.565048)
Rsub
[33](0,210.28427,211.89979,214.95643,218.68314,222.78363,225.63664,229.82134,238.70766,246.89838,252.22406,257.96512,259.38769,259.21967,258.02459,256.83501,255.65092,254.47229,253.29909,252.1313,250.96889,249.81184,248.66013,247.51373,246.37261,245.23675,244.10613,246.30368,249.98874,255.04231,259.74855,263.63407,267.54249)
Rsup
[33](0,17.788333,16.459103,15.413586,14.640957,13.17198,13.052024,17.442194,19.195055,18.003493,17.59816,14.898415,12.576973,10.575931,8.8932628,7.4783128,6.2884864,5.2930738,4.4643059,4.161365,3.5078735,2.9497583,2.4804412,2.0857941,2.1640502,2.702012,5.7267845,6.4715448,7.7200191,8.2176734,8.1732839,8.3117029,6.9892812)
Peso chuva 
[33](2,0.5,0.55586552,0.95545045,2,1.4576167,1.4836282,2,1.16813,1.050505,1.3192468,0.59569844,0.5,2,2,2,2,0.83960342,0.5,1.1676732,0.90148735,2,2,2,2,2,1.8779703,2,1.5732275,1.5524143,0.94809565,1.338258,1)
Previsao PMEDIA_ORIG
[13] (0,0.5,0.1,0.1,0.1,0.8,5.4,3.2,5.7,3.4,2.6,3.8,2.1416667)


Sub bacia: PCOLOMBIA
cef: 0.96476051
dm: 0.062701655
ebin: 254.928
mape: 0.051862086
*somacoef: 1.9128984
supin: 558.26249
Iteracoes: 10000
Iteracao otima: 7212
Tempo: 4.537 s

Qcal
[33](0,0,813.19049,846.3078,813.84224,787.91103,876.52987,941.54286,1067.8566,1190.7753,1170.7962,1120.094,1058.3038,997.73372,940.63995,888.10712,839.7579,795.2463,754.25501,716.49307,681.69365,649.61206,620.0239,592.7234,570.22721,562.81502,544.28665,527.48261,508.54085,493.44139,624.10478,612.63222,594.99663)
Rsolo
[33](0,54.9585,60.923168,54.196372,53.807422,64.054643,64.935737,68.151261,68.411391,60.46152,55.432779,50.453261,47.799839,45.287438,42.881888,40.597998,39.042248,37.109656,35.220065,33.396431,32.017333,30.365099,28.761796,28.589075,32.650128,32.843605,33.192284,32.721726,32.69495,50.484436,52.392128,51.19702,47.16558)
Rsub
[33](0,164.50879,166.55454,172.0914,173.68148,175.05864,182.62471,190.75674,201.20334,211.77742,216.70851,218.64977,218.08413,216.57772,215.08171,213.59603,212.12061,210.65539,209.20028,207.75523,206.32016,204.895,203.47969,202.07415,200.67833,199.29214,197.91553,196.54843,195.19077,193.84249,193.46248,193.99044,193.94018)
Rsup
[33](0,29.982943,31.591333,29.386869,27.861829,32.506717,35.368708,41.475914,47.20814,45.255063,42.121568,38.641402,35.435403,32.494408,29.797504,27.324431,25.056614,22.977016,21.070017,19.321291,17.717702,16.247204,14.898752,13.807514,13.525593,12.645847,11.857914,10.954377,10.256414,17.386246,16.801709,15.810603,14.498387)
Peso chuva 
[33](0.5,2,1.4080561,2,2,2,1.467989,1.6406033,0.7186704,0.55231447,0.5,1.1377567,2,2,2,2,2,2,2,2,2,2,2,2,2,2,2,2,2,1.1464818,2,2,1)
Previsao PMEDIA_ORIG
[13] (1,1.1,0.6,0.7,0.5,2.3,6.4,5.8,5,3,3.2,3.3,2.7416667)


Tempo de execucao em: 50 s

Finalizando execucao: 24-03-2020 17:57:46

