02049068 09/02/2020 1200 2       
02049068 10/02/2020 1200 3       
02049068 11/02/2020 1200 15      
02049068 12/02/2020 1200 20      
02049068 13/02/2020 1200 0       
02049068 14/02/2020 1200 0       
02049068 15/02/2020 1200 0       
02049068 16/02/2020 1200 0       
02049068 17/02/2020 1200 0       
02049068 18/02/2020 1200 0       
02049068 19/02/2020 1200 7       
02049068 20/02/2020 1200 0       
02049068 21/02/2020 1200 40      
02049068 22/02/2020 1200 6       
02049068 23/02/2020 0000 -       
02049068 24/02/2020 1200 42      
02049068 25/02/2020 1200 8       
02049068 26/02/2020 1200 0.4     
02049068 27/02/2020 1200 12      
02049068 28/02/2020 1200 0       
02049068 29/02/2020 1200 0       
02049068 01/03/2020 1200 0       
02049068 02/03/2020 1200 0       
02049068 03/03/2020 1200 0       
02049068 04/03/2020 1200 0       
02049068 05/03/2020 1200 0       
02049068 06/03/2020 1200 0       
02049068 07/03/2020 1200 0       
02049068 08/03/2020 1200 0       
02049068 09/03/2020 1200 0       
02049068 10/03/2020 1200 0       
02049068 11/03/2020 1200 0       
02049068 12/03/2020 1200 0       
02049068 13/03/2020 1200 0       
02049068 14/03/2020 1200 0       
02049068 15/03/2020 1200 0       
02049068 16/03/2020 1200 0       
02049068 17/03/2020 1200 0       
02049068 18/03/2020 1200 0       
02049068 19/03/2020 1200 0       
02049068 20/03/2020 1200 0       
02049068 21/03/2020 1200 7       
02049068 22/03/2020 1200 0       
02049068 23/03/2020 1200 0       
02049068 24/03/2020 1200 0       
02049068 25/03/2020 1200 0       
02049068 26/03/2020 1200 0.0