02048101 09/02/2020 1000 0       
02048101 10/02/2020 1000 2.8     
02048101 11/02/2020 1000 4       
02048101 12/02/2020 1000 4.8     
02048101 13/02/2020 1000 0.2     
02048101 14/02/2020 1000 0       
02048101 15/02/2020 1000 0       
02048101 16/02/2020 1000 0       
02048101 17/02/2020 1000 48.2    
02048101 18/02/2020 1000 0       
02048101 19/02/2020 1000 0.2     
02048101 20/02/2020 1000 0.2     
02048101 21/02/2020 1000 0.6     
02048101 22/02/2020 1000 2       
02048101 23/02/2020 1000 2       
02048101 24/02/2020 1000 16.2    
02048101 25/02/2020 1000 0.6     
02048101 26/02/2020 1000 2.6     
02048101 27/02/2020 1000 10.4    
02048101 28/02/2020 1000 16.2    
02048101 29/02/2020 1000 1       
02048101 01/03/2020 1000 0       
02048101 02/03/2020 1000 1       
02048101 03/03/2020 1000 0       
02048101 04/03/2020 1000 0       
02048101 05/03/2020 1000 0       
02048101 06/03/2020 1000 0       
02048101 07/03/2020 1000 0       
02048101 08/03/2020 1000 0       
02048101 09/03/2020 1000 0       
02048101 10/03/2020 1000 0       
02048101 11/03/2020 1000 0       
02048101 12/03/2020 1000 0       
02048101 13/03/2020 1000 0       
02048101 14/03/2020 1000 0       
02048101 15/03/2020 1000 0       
02048101 16/03/2020 1000 4.6     
02048101 17/03/2020 1000 0.2     
02048101 18/03/2020 1000 0       
02048101 19/03/2020 1000 0       
02048101 20/03/2020 1000 25.2    
02048101 21/03/2020 1000 12.8    
02048101 22/03/2020 1000 0.2     
02048101 23/03/2020 1000 0       
02048101 24/03/2020 1000 0       
02048101 25/03/2020 1000 0       
02048101 26/03/2020 1000 0.0