02045021 09/02/2020 1000 4       
02045021 10/02/2020 1000 1.2     
02045021 11/02/2020 1000 24      
02045021 12/02/2020 1000 48.4    
02045021 13/02/2020 1000 21.8    
02045021 14/02/2020 1000 30.2    
02045021 15/02/2020 1000 0       
02045021 16/02/2020 1000 0.4     
02045021 17/02/2020 1000 18.8    
02045021 18/02/2020 1000 17.2    
02045021 19/02/2020 1000 0       
02045021 20/02/2020 1000 1.4     
02045021 21/02/2020 1000 0       
02045021 22/02/2020 1000 6       
02045021 23/02/2020 1000 0       
02045021 24/02/2020 1000 0       
02045021 25/02/2020 1000 30.8    
02045021 26/02/2020 1000 1.8     
02045021 27/02/2020 1000 32      
02045021 28/02/2020 1000 6.4     
02045021 29/02/2020 1000 17.8    
02045021 01/03/2020 1000 2.2     
02045021 02/03/2020 1000 11.8    
02045021 03/03/2020 1000 1       
02045021 04/03/2020 1000 4.6     
02045021 05/03/2020 1000 0.2     
02045021 06/03/2020 1000 0.2     
02045021 07/03/2020 1000 0       
02045021 08/03/2020 1000 28.2    
02045021 09/03/2020 1000 0.2     
02045021 10/03/2020 1000 0.4     
02045021 11/03/2020 1000 0       
02045021 12/03/2020 1000 0.4     
02045021 13/03/2020 1000 0.8     
02045021 14/03/2020 1000 0.2     
02045021 15/03/2020 1000 0.2     
02045021 16/03/2020 1000 0       
02045021 17/03/2020 1000 0       
02045021 18/03/2020 1000 0       
02045021 19/03/2020 1000 0.2     
02045021 20/03/2020 1000 7       
02045021 21/03/2020 1000 6.2     
02045021 22/03/2020 1000 11.6    
02045021 23/03/2020 1000 0       
02045021 24/03/2020 1000 0       
02045021 25/03/2020 1000 0       
02045021 26/03/2020 1000 0.0003045796874140194