02045028 09/02/2020 1000 10.2    
02045028 10/02/2020 1000 4       
02045028 11/02/2020 1000 23.6    
02045028 12/02/2020 1000 63.4    
02045028 13/02/2020 1000 17.2    
02045028 14/02/2020 1000 3.2     
02045028 15/02/2020 1000 0       
02045028 16/02/2020 1000 0       
02045028 17/02/2020 1000 22.6    
02045028 18/02/2020 1000 34.4    
02045028 19/02/2020 1000 0       
02045028 20/02/2020 1000 0       
02045028 21/02/2020 1000 0       
02045028 22/02/2020 1000 13.6    
02045028 23/02/2020 1000 2.2     
02045028 24/02/2020 1000 0       
02045028 25/02/2020 1000 32.4    
02045028 26/02/2020 1000 4       
02045028 27/02/2020 1000 5.4     
02045028 28/02/2020 1000 3.8     
02045028 29/02/2020 1000 2.8     
02045028 01/03/2020 1000 2.8     
02045028 02/03/2020 1000 2.2     
02045028 03/03/2020 1000 1.8     
02045028 04/03/2020 1000 1.8     
02045028 05/03/2020 1000 1.4     
02045028 06/03/2020 1000 1.2     
02045028 07/03/2020 1000 0.8     
02045028 08/03/2020 1000 1       
02045028 09/03/2020 1000 0.4     
02045028 10/03/2020 1000 0.6     
02045028 11/03/2020 1000 0       
02045028 12/03/2020 1000 0       
02045028 13/03/2020 1000 0       
02045028 14/03/2020 1000 0       
02045028 15/03/2020 1000 0       
02045028 16/03/2020 1000 0       
02045028 17/03/2020 1000 0       
02045028 18/03/2020 1000 0.6     
02045028 19/03/2020 1000 0       
02045028 20/03/2020 1000 9.4     
02045028 21/03/2020 1000 8.6     
02045028 22/03/2020 1000 3.4     
02045028 23/03/2020 1000 1.4     
02045028 24/03/2020 1000 0       
02045028 25/03/2020 1000 0       
02045028 26/03/2020 1000 0.0