02147167 09/02/2020 1000 0       
02147167 10/02/2020 1000 0       
02147167 11/02/2020 1000 50      
02147167 12/02/2020 1000 15      
02147167 13/02/2020 1000 0       
02147167 14/02/2020 1000 0       
02147167 15/02/2020 1000 0       
02147167 16/02/2020 1000 0       
02147167 17/02/2020 1000 11      
02147167 18/02/2020 1000 0       
02147167 19/02/2020 1000 0.4     
02147167 20/02/2020 1000 0       
02147167 21/02/2020 1000 23.4    
02147167 22/02/2020 1000 15      
02147167 23/02/2020 1000 0       
02147167 24/02/2020 1000 7       
02147167 25/02/2020 1000 9.8     
02147167 26/02/2020 1000 11.4    
02147167 27/02/2020 1000 37.6    
02147167 28/02/2020 1000 2       
02147167 29/02/2020 1000 4.4     
02147167 01/03/2020 1000 0       
02147167 02/03/2020 1000 5       
02147167 03/03/2020 1000 0       
02147167 04/03/2020 1000 0       
02147167 05/03/2020 1000 0       
02147167 06/03/2020 1000 0       
02147167 07/03/2020 1000 0       
02147167 08/03/2020 1000 0       
02147167 09/03/2020 1000 0       
02147167 10/03/2020 1000 0       
02147167 11/03/2020 1000 0       
02147167 12/03/2020 1000 0       
02147167 13/03/2020 1000 0       
02147167 14/03/2020 1000 0       
02147167 15/03/2020 1000 0       
02147167 16/03/2020 1000 59      
02147167 17/03/2020 1000 9.2     
02147167 18/03/2020 1000 0       
02147167 19/03/2020 1000 0       
02147167 20/03/2020 1000 2       
02147167 21/03/2020 1000 5       
02147167 22/03/2020 1000 0       
02147167 23/03/2020 1000 0       
02147167 24/03/2020 1000 0       
02147167 25/03/2020 1000 0       
02147167 26/03/2020 1000 0.0