02145048 09/02/2020 1000 0       
02145048 10/02/2020 1000 0       
02145048 11/02/2020 1000 10      
02145048 12/02/2020 1000 70      
02145048 13/02/2020 1000 50      
02145048 14/02/2020 1000 5       
02145048 15/02/2020 1000 0       
02145048 16/02/2020 1000 0       
02145048 17/02/2020 1000 10      
02145048 18/02/2020 1000 10      
02145048 19/02/2020 1000 2       
02145048 20/02/2020 1000 0       
02145048 21/02/2020 1000 0       
02145048 22/02/2020 1000 20      
02145048 23/02/2020 1000 10      
02145048 24/02/2020 1000 0       
02145048 25/02/2020 1000 20      
02145048 26/02/2020 1000 2       
02145048 27/02/2020 1000 15      
02145048 28/02/2020 1000 20      
02145048 29/02/2020 1000 5       
02145048 01/03/2020 1000 30      
02145048 02/03/2020 1000 25      
02145048 03/03/2020 1000 0       
02145048 04/03/2020 1000 0       
02145048 05/03/2020 1000 0       
02145048 06/03/2020 1000 0       
02145048 07/03/2020 1000 0       
02145048 08/03/2020 1000 0       
02145048 09/03/2020 1000 0       
02145048 10/03/2020 1000 0       
02145048 11/03/2020 1000 0       
02145048 12/03/2020 1000 0       
02145048 13/03/2020 1000 0       
02145048 14/03/2020 1000 0       
02145048 15/03/2020 1000 0       
02145048 16/03/2020 1000 0       
02145048 17/03/2020 1000 0       
02145048 18/03/2020 1000 0       
02145048 19/03/2020 1000 0       
02145048 20/03/2020 1000 0       
02145048 21/03/2020 1000 5       
02145048 22/03/2020 1000 5       
02145048 23/03/2020 1000 0       
02145048 24/03/2020 1000 0       
02145048 25/03/2020 1000 0       
02145048 26/03/2020 1000 0.03125