02146075 09/02/2020 1000 0       
02146075 10/02/2020 1000 38.4    
02146075 11/02/2020 1000 110.8   
02146075 12/02/2020 1000 1.4     
02146075 13/02/2020 1000 0       
02146075 14/02/2020 1000 0       
02146075 15/02/2020 1000 0       
02146075 16/02/2020 1000 3.2     
02146075 17/02/2020 1000 0.2     
02146075 18/02/2020 1000 2.2     
02146075 19/02/2020 1000 2.4     
02146075 20/02/2020 1000 13.4    
02146075 21/02/2020 1000 7.8     
02146075 22/02/2020 1000 0       
02146075 23/02/2020 1000 0       
02146075 24/02/2020 1000 3.4     
02146075 25/02/2020 1000 3.6     
02146075 26/02/2020 1000 32.2    
02146075 27/02/2020 1000 33.2    
02146075 28/02/2020 1000 2       
02146075 29/02/2020 1000 3.6     
02146075 01/03/2020 1000 10.8    
02146075 02/03/2020 1000 0       
02146075 03/03/2020 1000 0       
02146075 04/03/2020 1000 0       
02146075 05/03/2020 1000 0       
02146075 06/03/2020 1000 0       
02146075 07/03/2020 1000 0       
02146075 08/03/2020 1000 0       
02146075 09/03/2020 1000 0       
02146075 10/03/2020 1000 4       
02146075 11/03/2020 1000 0       
02146075 12/03/2020 1000 0       
02146075 13/03/2020 1000 0       
02146075 14/03/2020 1000 0       
02146075 15/03/2020 1000 0       
02146075 16/03/2020 1000 24.6    
02146075 17/03/2020 1000 41.6    
02146075 18/03/2020 1000 1.4     
02146075 19/03/2020 1000 0.4     
02146075 20/03/2020 1000 0.8     
02146075 21/03/2020 1000 14      
02146075 22/03/2020 1000 0       
02146075 23/03/2020 1000 0       
02146075 24/03/2020 1000 0       
02146075 25/03/2020 1000 0       
02146075 26/03/2020 1000 0.0