02144045 09/02/2020 1000 8.6     
02144045 10/02/2020 1000 0       
02144045 11/02/2020 1000 8.4     
02144045 12/02/2020 1000 16.4    
02144045 13/02/2020 1000 179.8   
02144045 14/02/2020 1000 11.6    
02144045 15/02/2020 1000 0       
02144045 16/02/2020 1000 0       
02144045 17/02/2020 1000 12.2    
02144045 18/02/2020 1000 3       
02144045 19/02/2020 1000 0       
02144045 20/02/2020 1000 0       
02144045 21/02/2020 1000 49.8    
02144045 22/02/2020 1000 3       
02144045 23/02/2020 1000 0       
02144045 24/02/2020 1000 0       
02144045 25/02/2020 1000 14.8    
02144045 26/02/2020 1000 7.6     
02144045 27/02/2020 1000 0.6     
02144045 28/02/2020 1000 31.6    
02144045 29/02/2020 1000 9       
02144045 01/03/2020 1000 10.4    
02144045 02/03/2020 1000 14.6    
02144045 03/03/2020 1000 5.2     
02144045 04/03/2020 1000 22.8    
02144045 05/03/2020 1000 0       
02144045 06/03/2020 1000 0       
02144045 07/03/2020 1000 0       
02144045 08/03/2020 1000 0       
02144045 09/03/2020 1000 0       
02144045 10/03/2020 1000 0       
02144045 11/03/2020 1000 0       
02144045 12/03/2020 1000 0       
02144045 13/03/2020 1000 0       
02144045 14/03/2020 1000 0       
02144045 15/03/2020 1000 0       
02144045 16/03/2020 1000 0       
02144045 17/03/2020 1000 0       
02144045 18/03/2020 1000 3       
02144045 19/03/2020 1000 13      
02144045 20/03/2020 1000 7.4     
02144045 21/03/2020 1000 15.4    
02144045 22/03/2020 1000 40      
02144045 23/03/2020 1000 0       
02144045 24/03/2020 1000 0       
02144045 25/03/2020 1000 0       
02144045 26/03/2020 1000 0.08149218749145783