ONS-Operador Nacional Do Sistema Eletrico
Modelo Computacional SMAP
Versao: 2.0.4 Data: 14/05/2019

Iniciando execucao: 26-03-2020 14:10:20

Parametros
   Amplitude inicial: 0.5
   somacoef alvo: 2 (nao e necessario multiplicar por 100)
   Limite de iteracoes: 10000
   Particulas: 24
   Pulso inicial: 0.1
   Uso de pesos: on
   Gerar graficos: off
   Semente: 9952

Sub bacia: CanoasI
cef: 0.98269144
dm: 0.02737994
ebin: 77.892206
mape: 0.021214967
*somacoef: 1.9614765
supin: 75.821765
Iteracoes: 10000
Iteracao otima: 9842
Tempo: 9.28 s

Qcal
[34](0,0,0,153.71397,141.78141,190.78993,212.14648,200.85478,182.98978,165.05344,149.01444,136.1791,125.89072,117.62776,110.97604,105.60659,101.25808,97.722874,94.835998,92.466318,90.50959,88.882916,87.520355,86.369433,87.621152,93.289829,96.975529,106.73393,120.35585,125.81439,125.93,120.73345,112.17762,105.33174)
Rsolo
[34](0,0,343.98,343.54558,353.44025,354.11234,348.92407,344.49861,342.93256,340.02871,336.52432,333.05139,329.6143,326.21268,322.84617,319.5144,316.21701,312.95365,309.72397,306.55379,303.41919,300.29869,297.20634,296.92496,298.92713,300.5872,304.53877,309.87529,313.75415,316.33333,316.88034,314.24009,311.15258,307.94148)
Rsub
[34](0,0,192.1756,191.67735,191.18039,197.61422,204.55227,207.50117,207.1459,206.60884,206.07316,205.53888,205.00598,204.47446,203.94432,203.41556,202.88817,202.36214,201.83748,201.31418,200.79223,200.27164,199.7524,199.2345,198.71795,198.20273,197.68885,197.17631,196.66509,196.1552,195.64663,195.13938,194.63344,194.12882)
Rsup
[34](0,0,2.3509891,1.9872604,3.6935646,4.4001835,3.6545097,2.8495116,2.3123348,1.8353013,1.4566796,1.1561674,0.91765066,0.72833981,0.57808369,0.45882533,0.3641699,0.28904184,0.22941266,0.18208495,0.14452092,0.11470633,0.091042476,0.14149178,0.32853637,0.45375798,0.76695863,1.1996591,1.3789621,1.3923387,1.2407589,0.98479103,0.78162915,0.62037947)
Peso chuva 
[34](0.64281232,2,0.5,2,0.78470547,0.5,0.5,0.5,0.5,0.52669923,0.74151799,0.53416963,0.5,0.5,0.6113049,0.54316856,0.77824261,2,0.6097213,1.9440628,1.9518885,1.877653,2,2,1.1018412,1.2416805,1.7166759,1.0447821,0.90823269,1.5105397,1.855283,0.5,0.5,1)
Previsao PMEDIA_ORIG
[13] (0,1.4,1.2,4,3,0.7,0.7,1.5,7.8,4.3,4.9,2.8,2.6916667)


Sub bacia: Capivara
cef: 0.96697908
dm: 0.041653643
ebin: 135.97733
mape: 0.025389862
*somacoef: 1.9415892
supin: 156.23219
Iteracoes: 10000
Iteracao otima: 9604
Tempo: 10.285 s

Qcal
[33](0,0,292.20952,244.7878,233.99409,285.63749,311.43202,307.22545,255.35428,219.15699,193.78713,175.91902,163.21627,154.05171,147.29457,142.33633,138.63255,135.80149,133.57806,131.77821,130.27412,128.97706,127.82538,126.77628,137.27182,173.9986,187.57155,184.06904,197.48624,219.30578,201.8802,176.25643,158.22999)
Rsolo
[33](0,69.7984,67.924869,67.994306,71.705149,74.541643,75.897943,73.138987,70.604526,68.579382,66.726716,65.016913,63.135342,61.246448,59.612496,58.110826,56.684452,55.037046,53.374348,51.761881,50.198127,48.681615,47.520958,47.466756,50.256207,52.015901,52.454019,54.442943,57.323421,57.286787,55.587549,53.90822,52.279624)
Rsub
[33](0,64.286135,64.206491,64.026161,63.850668,63.882078,64.084001,64.370356,64.48322,64.447401,64.300279,64.05728,63.730903,63.318047,62.905353,62.495349,62.088018,61.683341,61.281302,60.881883,60.485068,60.090839,59.699179,59.310073,58.923502,58.539451,58.157903,57.778842,57.402252,57.028116,56.656418,56.287144,55.920276)
Rsup
[33](0,1.574935,1.0985875,0.99362414,1.5179694,1.7773275,1.7306166,1.2016114,0.83430951,0.57932653,0.40233987,0.2794683,0.19404199,0.13472831,0.093545314,0.064950904,0.045097073,0.031312051,0.021740758,0.015095164,0.010480958,0.0072771975,0.0050527443,0.11915227,0.49762786,0.64264208,0.61546987,0.75880771,0.9867945,0.81910946,0.56872864,0.39488284,0.27417725)
Peso chuva 
[33](2,2,0.5,1.0142603,0.92799145,0.70275571,1.0089463,0.6482715,2,1.8898513,1.9445212,1.8354365,2,2,2,2,2,1.9937618,1.9529418,2,0.5,0.64034319,2,2,1.9128225,1.3640496,0.67191575,0.81645538,0.95559606,2,0.5,2,1)
Previsao PMEDIA_ORIG
[13] (0,0.2,4.6,6.8,2,0.7,0.5,1.4,7.2,4.5,5.2,4.6,3.1416667)


Sub bacia: Chavantes
cef: 0.98011408
dm: 0.036361507
ebin: 43.47541
mape: 0.030441902
*somacoef: 1.9496722
supin: 65.516768
Iteracoes: 10000
Iteracao otima: 9923
Tempo: 10.781 s

Qcal
[34](0,0,0,108.99218,90.8253,87.350051,89.015056,87.734366,100.76524,82.670876,69.649644,60.736478,54.618635,50.402928,47.481637,45.441273,44.000498,42.967889,42.213205,41.647828,41.211461,40.863079,40.574767,40.327532,40.10845,39.908725,39.722375,40.161284,41.229725,49.02,57.082502,51.259684,47.146965,44.299628)
Rsolo
[34](0,0,127.7088,127.12994,128.69622,130.98774,132.77013,136.60561,135.03062,132.82142,130.24145,127.70543,125.21878,122.78056,120.38982,118.04562,115.74707,113.50091,111.29906,109.14189,107.01723,104.93379,102.89055,100.8871,99.181662,97.636928,96.831911,96.365913,98.323596,100.98719,99.7612,98.016187,96.183052,94.310204)
Rsub
[34](0,0,95.09962,94.719354,94.340607,93.963376,93.587652,93.213431,92.879493,92.508104,92.138199,91.769774,91.402822,91.037337,90.673314,90.310746,89.949628,89.589954,89.231719,88.874915,88.519539,88.165583,87.813043,87.461912,87.112186,86.763858,86.416922,86.071374,85.727208,85.384418,85.042999,84.702944,84.36425,84.02691)
Rsup
[34](0,0,1.7930137,1.3005938,1.2102244,1.2605106,1.2301623,1.5914635,1.1004484,0.74873958,0.50943867,0.34661952,0.23583819,0.16046313,0.10917831,0.074284375,0.050542717,0.034389012,0.023398112,0.015919958,0.01083186,0.0073699434,0.0050144727,0.0034118221,0.0023213867,0.0015794599,0.017931734,0.051495221,0.26899953,0.49393672,0.33885376,0.2305544,0.15686806,0.10673225)
Peso chuva 
[34](2,2,0.54634249,2,1.1559642,0.59300691,0.5,1.5660758,2,1.9728333,0.5,0.5,1.0808459,2,1.8587897,2,0.62532418,1.8577105,0.61414101,0.97978922,0.77935712,0.57698472,0.5,2,1.4189409,0.55779436,1.3182566,1.2854597,1.0239222,0.97292605,0.5,0.88778217,0.73631109,1)
Previsao PMEDIA_ORIG
[13] (0,0.4,1.2,4.2,2.9,0.9,0.6,1.2,4.9,4.3,4.1,3.5,2.35)


Sub bacia: Jurumirim
cef: 0.99897515
dm: 0.010428656
ebin: 79.489606
mape: 0.010378176
*somacoef: 1.988597
supin: 159.71997
Iteracoes: 10000
Iteracao otima: 9964
Tempo: 10.507 s

Qcal
[34](0,0,0,239.20957,218.73263,201.61492,174.8845,173.71341,193.15548,200.96966,176.47777,157.6089,144.22148,134.9532,128.08034,121.03907,115.60179,111.35094,107.98045,105.27171,103.05107,101.19153,99.597783,98.1827,96.893948,95.692331,94.628932,103.96825,113.37823,179.3321,237.22836,278.73668,297.23495,257.19769)
Rsolo
[34](0,0,60.048,59.946961,59.594431,56.879565,57.526438,59.992472,61.472113,58.90515,55.962639,54.145326,52.683236,51.37042,49.164514,47.088224,45.201904,43.606303,42.154333,40.86619,39.717498,38.467893,37.309251,36.221116,35.195792,34.563111,36.276093,38.383875,46.011064,53.170477,59.126926,63.337742,61.795395,58.325892)
Rsub
[34](0,0,49.481641,50.662137,51.824281,52.945504,53.821345,54.745338,55.879943,57.142741,58.161099,58.920149,59.527409,60.017771,60.407541,60.640067,60.735261,60.714687,60.602991,60.413888,60.160637,59.853869,59.492373,59.083754,58.634063,58.179185,57.727835,57.290838,56.945507,57.002733,57.549553,58.584464,60.005774,61.267127)
Rsup
[34](0,0,3.1854349,2.7392237,2.3605965,1.7915659,1.7401489,2.0982955,2.2177892,1.6888676,1.2799223,0.98860623,0.78430502,0.63152296,0.47860491,0.36271469,0.27488633,0.20832489,0.15788074,0.11965123,0.090678673,0.068721584,0.052081221,0.039470185,0.029912807,0.023278254,0.22400116,0.42567341,1.7521131,2.9049553,3.7152725,4.0510425,3.2070073,2.4304571)
Peso chuva 
[34](1.9335447,1.8583784,1.9614217,1.1064812,1.0986537,0.5,1.2705545,1.5134905,1.1683428,0.5,0.5,1.9929004,2,2,0.5,0.5,0.5,0.5,0.5,0.5,0.5,0.5,0.5,1.8764239,0.5,0.5,2,0.96443941,0.89627322,0.99842759,0.75093548,0.72585062,1.3831926,1)
Previsao PMEDIA_ORIG
[13] (0,0.4,1.1,3.4,3.5,0.7,0.6,1.1,7.6,5.4,3,3.1,2.4916667)


Sub bacia: Maua
cef: 0.98398876
dm: 0.025725203
ebin: 38.444501
mape: 0.020135203
*somacoef: 1.9638536
supin: 34.905808
Iteracoes: 10000
Iteracao otima: 9912
Tempo: 10.151 s

Qcal
[34](0,0,0,73.350309,70.183172,92.079873,108.45221,102.60077,97.196839,92.188366,87.540424,83.229169,79.258895,75.558102,72.120985,68.918199,65.926864,63.142209,60.537026,58.098431,55.80741,53.670808,51.685918,49.840185,48.122118,50.829404,49.38778,52.916211,60.551808,58.062227,55.508031,53.120002,50.905975,48.853759)
Rsolo
[34](0,0,93.2715,91.02898,99.460401,106.38224,104.23075,101.63777,99.084403,96.89549,95.146429,93.670751,92.092857,90.174427,88.176253,86.543603,85.202607,83.655371,81.883761,80.129085,78.416826,76.739743,75.098528,73.492413,76.040039,75.520816,78.602317,83.663633,82.860905,81.410685,79.684625,77.991068,76.323355,74.691045)
Rsub
[34](0,0,18.778427,18.681193,18.560626,18.538892,18.608653,18.648164,18.653034,18.625572,18.571854,18.498252,18.408701,18.302731,18.177474,18.033129,17.874297,17.70445,17.522213,17.326272,17.127263,16.930539,16.736075,16.543845,16.353823,16.165983,15.980301,15.796752,15.636502,15.470851,15.294365,15.118694,14.945041,14.773383)
Rsup
[34](0,0,2.3031051,2.10727,3.5683129,4.6515053,4.2560004,3.8941087,3.562989,3.2600247,2.9828217,2.730803,2.4987191,2.2862507,2.0918487,1.9139768,1.7516988,1.6027502,1.4664668,1.3417718,1.2276797,1.1232889,1.0277746,0.94038198,1.1446785,1.0749327,1.3328226,1.8614174,1.7188,1.5726488,1.438925,1.3165719,1.2046225,1.1021924)
Peso chuva 
[34](0.54867666,2,2,0.5,1.0644396,1.2866546,0.5,0.5,0.64593486,0.54043373,0.5,0.5,1.1407151,2,2,2,0.85180252,2,2,2,1.9698887,0.5,0.5,1.2932001,2,2,1.1359726,1.8114169,2,2,0.5,1.9472602,1.9790703,1)
Previsao PMEDIA_ORIG
[13] (0,0.2,3.3,4.9,1.4,0.4,0.8,1.6,5,4.5,4.9,6.8,2.8166667)


Sub bacia: Rosana
cef: 0.96215135
dm: 0.045000518
ebin: 159.63021
mape: 0.024341859
*somacoef: 1.9378095
supin: 0
Iteracoes: 10000
Iteracao otima: 8736
Tempo: 8.689 s

Qcal
[34](0,0,0,159.63021,159.79776,161.11476,228.79957,327.56157,291.76182,228.24282,195.09453,178.68622,195.47823,198.99999,181.28952,172.11899,167.19653,164.7743,163.58162,162.98353,162.6634,162.46438,162.30937,162.16101,162.00177,161.82456,161.89654,168.94321,174.81067,185.36104,184.71611,172.79516,166.56256,163.33537)
Rsolo
[34](0,0,139.2581,136.94957,135.22629,142.06146,152.62847,156.67433,154.3283,151.68725,149.18628,151.19041,152.41609,149.99669,147.51113,144.34649,141.39426,138.53155,135.72636,133.00964,130.39111,127.87191,125.45219,123.18381,121.23398,119.73551,119.8284,120.51333,122.66303,123.64979,122.01677,120.2229,118.10709,116.05405)
Rsub
[34](0,0,309.70715,309.81958,309.86576,309.86367,310.05801,310.58447,311.24617,311.82614,312.31665,312.72463,313.19636,313.7071,314.13731,314.48698,314.73747,314.89849,314.97562,314.97325,314.8965,314.75044,314.53995,314.26966,313.94519,313.57569,313.17273,312.77301,312.39009,312.05844,311.75123,311.4061,311.02029,310.58775)
Rsup
[34](0,0,0,0.0011774971,0.015071073,0.74226096,1.8022439,1.4147105,0.72862381,0.36928037,0.19027997,0.36842739,0.40365156,0.2105492,0.10964242,0.054821208,0.027410604,0.013705302,0.006852651,0.0034263255,0.0017131628,0.00085658138,0.00042829069,0.00021414534,0.00010707267,0.0029265714,0.080864397,0.14611553,0.26158488,0.25649251,0.1301198,0.065070458,0.032535229,0.016267614)
Peso chuva 
[34](0.52402643,2,2,0.96496899,0.5,0.5,0.55237957,0.71325378,0.5,0.93905428,1.5760386,1.4455305,1.5848697,1.6606379,1.6193886,2,2,2,2,2,2,0.65743605,1.8852713,2,2,1.7861783,2,2,2,2,2,2,0.5,1)
Previsao PMEDIA_ORIG
[13] (0,0.5,8.2,6.9,3.3,0.5,0.3,1.5,7.2,4.4,5.2,7.6,3.8)


Tempo de execucao em: 60 s

Finalizando execucao: 26-03-2020 14:11:20

