02048103 08/02/2020 1000 4.2     
02048103 09/02/2020 1000 0       
02048103 10/02/2020 1000 6       
02048103 11/02/2020 1000 6       
02048103 12/02/2020 1000 3.8     
02048103 13/02/2020 1000 0       
02048103 14/02/2020 1000 0.2     
02048103 15/02/2020 1000 3.8     
02048103 16/02/2020 1000 0.4     
02048103 17/02/2020 1000 3       
02048103 18/02/2020 1000 12.4    
02048103 19/02/2020 1000 0       
02048103 20/02/2020 1000 1       
02048103 21/02/2020 1000 18.8    
02048103 22/02/2020 1000 0.2     
02048103 23/02/2020 1000 22.2    
02048103 24/02/2020 1000 0       
02048103 25/02/2020 1000 2.8     
02048103 26/02/2020 1000 0.2     
02048103 27/02/2020 1000 7.8     
02048103 28/02/2020 1000 6       
02048103 29/02/2020 1000 5       
02048103 01/03/2020 1000 42.4    
02048103 02/03/2020 1000 13.6    
02048103 03/03/2020 1000 0.2     
02048103 04/03/2020 1000 0       
02048103 05/03/2020 1000 0       
02048103 06/03/2020 1000 0       
02048103 07/03/2020 1000 0       
02048103 08/03/2020 1000 0       
02048103 09/03/2020 1000 0       
02048103 10/03/2020 1000 0       
02048103 11/03/2020 1000 0       
02048103 12/03/2020 1000 8.2     
02048103 13/03/2020 1000 0.2     
02048103 14/03/2020 1000 0       
02048103 15/03/2020 1000 0       
02048103 16/03/2020 1000 0       
02048103 17/03/2020 1000 0       
02048103 18/03/2020 1000 0       
02048103 19/03/2020 1000 9.8     
02048103 20/03/2020 1000 1.4     
02048103 21/03/2020 1000 31.6    
02048103 22/03/2020 1000 1       
02048103 23/03/2020 1000 9       
02048103 24/03/2020 1000 0.2     
02048103 25/03/2020 1000 0.0