02144031 08/02/2020 1000 5       
02144031 09/02/2020 1000 0       
02144031 10/02/2020 1000 6       
02144031 11/02/2020 1000 18      
02144031 12/02/2020 1000 22      
02144031 13/02/2020 1000 35      
02144031 14/02/2020 1000 20      
02144031 15/02/2020 1000 0       
02144031 16/02/2020 1000 0       
02144031 17/02/2020 1000 11      
02144031 18/02/2020 1000 35      
02144031 19/02/2020 1000 0       
02144031 20/02/2020 1000 6       
02144031 21/02/2020 1000 33      
02144031 22/02/2020 1000 24      
02144031 23/02/2020 1000 0       
02144031 24/02/2020 1000 0       
02144031 25/02/2020 1000 12      
02144031 26/02/2020 1000 5       
02144031 27/02/2020 1000 5       
02144031 28/02/2020 1000 10      
02144031 29/02/2020 1000 2       
02144031 01/03/2020 1000 23      
02144031 02/03/2020 1000 7       
02144031 03/03/2020 1000 2       
02144031 04/03/2020 1000 12      
02144031 05/03/2020 1000 0       
02144031 06/03/2020 1000 0       
02144031 07/03/2020 1000 0       
02144031 08/03/2020 1000 0       
02144031 09/03/2020 1000 0       
02144031 10/03/2020 1000 3       
02144031 11/03/2020 1000 0       
02144031 12/03/2020 1000 0       
02144031 13/03/2020 1000 0       
02144031 14/03/2020 1000 0       
02144031 15/03/2020 1000 0       
02144031 16/03/2020 1000 0       
02144031 17/03/2020 1000 13      
02144031 18/03/2020 1000 4       
02144031 19/03/2020 1000 4       
02144031 20/03/2020 1000 1       
02144031 21/03/2020 1000 45      
02144031 22/03/2020 1000 23      
02144031 23/03/2020 1000 0       
02144031 24/03/2020 1000 0       
02144031 25/03/2020 1000 0.0