02146074 08/02/2020 1000 1       
02146074 09/02/2020 1000 0       
02146074 10/02/2020 1000 1.6     
02146074 11/02/2020 1000 104.6   
02146074 12/02/2020 1000 22      
02146074 13/02/2020 1000 0.6     
02146074 14/02/2020 1000 0.2     
02146074 15/02/2020 1000 0       
02146074 16/02/2020 1000 0       
02146074 17/02/2020 1000 63.4    
02146074 18/02/2020 1000 0       
02146074 19/02/2020 1000 12.2    
02146074 20/02/2020 1000 5.2     
02146074 21/02/2020 1000 10.8    
02146074 22/02/2020 1000 20      
02146074 23/02/2020 1000 0       
02146074 24/02/2020 1000 4       
02146074 25/02/2020 1000 4.8     
02146074 26/02/2020 1000 13.6    
02146074 27/02/2020 1000 33      
02146074 28/02/2020 1000 1       
02146074 29/02/2020 1000 2       
02146074 01/03/2020 1000 0       
02146074 02/03/2020 1000 7.6     
02146074 03/03/2020 1000 0       
02146074 04/03/2020 1000 0       
02146074 05/03/2020 1000 0       
02146074 06/03/2020 1000 0       
02146074 07/03/2020 1000 0       
02146074 08/03/2020 1000 0       
02146074 09/03/2020 1000 0       
02146074 10/03/2020 1000 2.4     
02146074 11/03/2020 1000 0       
02146074 12/03/2020 1000 0       
02146074 13/03/2020 1000 0       
02146074 14/03/2020 1000 0       
02146074 15/03/2020 1000 0       
02146074 16/03/2020 1000 47.2    
02146074 17/03/2020 1000 1       
02146074 18/03/2020 1000 2       
02146074 19/03/2020 1000 0       
02146074 20/03/2020 1000 0.2     
02146074 21/03/2020 1000 8.2     
02146074 22/03/2020 1000 0       
02146074 23/03/2020 1000 0       
02146074 24/03/2020 1000 0       
02146074 25/03/2020 1000 0.0