02551069 17/01/2020 1000 19.8    
02551069 18/01/2020 1000 0.2     
02551069 19/01/2020 1000 0       
02551069 20/01/2020 1000 0       
02551069 21/01/2020 1000 0       
02551069 22/01/2020 1000 0       
02551069 23/01/2020 1000 5.6     
02551069 24/01/2020 1000 0.6     
02551069 25/01/2020 1000 0       
02551069 26/01/2020 1000 0       
02551069 27/01/2020 1000 0       
02551069 28/01/2020 1000 1.2     
02551069 29/01/2020 1000 34.6    
02551069 30/01/2020 1000 0.4     
02551069 31/01/2020 1000 10.8    
02551069 01/02/2020 1000 0.2     
02551069 02/02/2020 1000 0       
02551069 03/02/2020 1000 31.4    
02551069 04/02/2020 1000 0.2     
02551069 05/02/2020 1000 0       
02551069 06/02/2020 1000 0       
02551069 07/02/2020 1000 4.6     
02551069 08/02/2020 1000 0.2     
02551069 09/02/2020 1000 0       
02551069 10/02/2020 1000 0       
02551069 11/02/2020 1000 0       
02551069 12/02/2020 1000 0       
02551069 13/02/2020 1000 0       
02551069 14/02/2020 1000 0       
02551069 15/02/2020 1000 0       
02551069 16/02/2020 1000 0       
02551069 17/02/2020 1000 0       
02551069 18/02/2020 1000 0       
02551069 19/02/2020 1000 1.8     
02551069 20/02/2020 1000 0       
02551069 21/02/2020 1000 0       
02551069 22/02/2020 1000 0       
02551069 23/02/2020 1000 0       
02551069 24/02/2020 1000 0       
02551069 25/02/2020 1000 0       
02551069 26/02/2020 1000 18.8    
02551069 27/02/2020 1000 1.4     
02551069 28/02/2020 1000 0       
02551069 29/02/2020 1000 0       
02551069 01/03/2020 1000 0       
02551069 02/03/2020 1000 0       
