02551063 17/01/2020 1000 20      
02551063 18/01/2020 1000 0       
02551063 19/01/2020 1000 0       
02551063 20/01/2020 1000 0       
02551063 21/01/2020 1000 0       
02551063 22/01/2020 1000 0       
02551063 23/01/2020 1000 7       
02551063 24/01/2020 1000 0       
02551063 25/01/2020 1000 0       
02551063 26/01/2020 1000 0       
02551063 27/01/2020 1000 0       
02551063 28/01/2020 1000 0       
02551063 29/01/2020 1000 0       
02551063 30/01/2020 1000 1       
02551063 31/01/2020 1000 6       
02551063 01/02/2020 1000 0       
02551063 02/02/2020 1000 0       
02551063 03/02/2020 1000 65      
02551063 04/02/2020 1000 1       
02551063 05/02/2020 1000 0       
02551063 06/02/2020 1000 0       
02551063 07/02/2020 1000 2       
02551063 08/02/2020 1000 0       
02551063 09/02/2020 1000 0       
02551063 10/02/2020 1000 22      
02551063 11/02/2020 1000 0       
02551063 12/02/2020 1000 0       
02551063 13/02/2020 1000 0       
02551063 14/02/2020 1000 0       
02551063 15/02/2020 1000 0       
02551063 16/02/2020 1000 0       
02551063 17/02/2020 1000 0       
02551063 18/02/2020 1000 0       
02551063 19/02/2020 1000 5       
02551063 20/02/2020 1000 5       
02551063 21/02/2020 1000 0       
02551063 22/02/2020 1000 0       
02551063 23/02/2020 1000 0       
02551063 24/02/2020 1000 0       
02551063 25/02/2020 1000 0       
02551063 26/02/2020 1000 12      
02551063 27/02/2020 1000 3       
02551063 28/02/2020 1000 0       
02551063 29/02/2020 1000 0       
02551063 01/03/2020 1000 0       
02551063 02/03/2020 1000 0       
