02651043 17/01/2020 1200 18.8    
02651043 18/01/2020 1200 0       
02651043 19/01/2020 1200 0       
02651043 20/01/2020 1200 0       
02651043 21/01/2020 1200 0       
02651043 22/01/2020 1200 1.2     
02651043 23/01/2020 1200 0.8     
02651043 24/01/2020 1200 0       
02651043 25/01/2020 1200 0       
02651043 26/01/2020 1200 0       
02651043 27/01/2020 1200 0       
02651043 28/01/2020 1200 0       
02651043 29/01/2020 1200 11      
02651043 30/01/2020 1200 38.8    
02651043 31/01/2020 1200 16.8    
02651043 01/02/2020 1200 0.4     
02651043 02/02/2020 1200 0       
02651043 03/02/2020 1200 12      
02651043 04/02/2020 1200 0       
02651043 05/02/2020 1200 0       
02651043 06/02/2020 1200 0       
02651043 07/02/2020 1200 2.6     
02651043 08/02/2020 1200 0       
02651043 09/02/2020 1200 0.2     
02651043 10/02/2020 1200 0.6     
02651043 11/02/2020 1200 0       
02651043 12/02/2020 1200 0       
02651043 13/02/2020 1200 0       
02651043 14/02/2020 1200 0       
02651043 15/02/2020 1200 0       
02651043 16/02/2020 1200 1.6     
02651043 17/02/2020 1200 0       
02651043 18/02/2020 1200 0       
02651043 19/02/2020 1200 10.8    
02651043 20/02/2020 1200 0       
02651043 21/02/2020 1200 0       
02651043 22/02/2020 1200 0       
02651043 23/02/2020 1200 0       
02651043 24/02/2020 1200 0       
02651043 25/02/2020 1200 8.2     
02651043 26/02/2020 1200 33      
02651043 27/02/2020 1200 1.6     
02651043 28/02/2020 1200 0       
02651043 29/02/2020 1200 0       
02651043 01/03/2020 1200 0       
02651043 02/03/2020 1200 0       
