02650026 17/01/2020 1000 10.2    
02650026 18/01/2020 1000 0       
02650026 19/01/2020 1000 0       
02650026 20/01/2020 1000 0       
02650026 21/01/2020 1000 0       
02650026 22/01/2020 1000 0       
02650026 23/01/2020 1000 0.6     
02650026 24/01/2020 1000 0       
02650026 25/01/2020 1000 0       
02650026 26/01/2020 1000 0       
02650026 27/01/2020 1000 0       
02650026 28/01/2020 1000 0       
02650026 29/01/2020 1000 0       
02650026 30/01/2020 1000 0.4     
02650026 31/01/2020 1000 4.4     
02650026 01/02/2020 1000 0       
02650026 02/02/2020 1000 0       
02650026 03/02/2020 1000 0.2     
02650026 04/02/2020 1000 0       
02650026 05/02/2020 1000 4.6     
02650026 06/02/2020 1000 0.2     
02650026 07/02/2020 1000 0       
02650026 08/02/2020 1000 0       
02650026 09/02/2020 1000 0       
02650026 10/02/2020 1000 1.2     
02650026 11/02/2020 1000 0       
02650026 12/02/2020 1000 0       
02650026 13/02/2020 1000 0       
02650026 14/02/2020 1000 0       
02650026 15/02/2020 1000 0       
02650026 16/02/2020 1000 0       
02650026 17/02/2020 1000 0       
02650026 18/02/2020 1000 0       
02650026 19/02/2020 1000 21.4    
02650026 20/02/2020 1000 27.2    
02650026 21/02/2020 1000 0       
02650026 22/02/2020 1000 0       
02650026 23/02/2020 1000 0       
02650026 24/02/2020 1000 0       
02650026 25/02/2020 1000 0.2     
02650026 26/02/2020 1000 105.8   
02650026 27/02/2020 1000 2.8     
02650026 28/02/2020 1000 0       
02650026 29/02/2020 1000 0       
02650026 01/03/2020 1000 0       
02650026 02/03/2020 1000 0       
