02651056 17/01/2020 1000 1.8     
02651056 18/01/2020 1000 0       
02651056 19/01/2020 1000 0       
02651056 20/01/2020 1000 0       
02651056 21/01/2020 1000 0       
02651056 22/01/2020 1000 0       
02651056 23/01/2020 1000 0       
02651056 24/01/2020 1000 0       
02651056 25/01/2020 1000 0       
02651056 26/01/2020 1000 0       
02651056 27/01/2020 1000 0       
02651056 28/01/2020 1000 0       
02651056 29/01/2020 1000 23.2    
02651056 30/01/2020 1000 2.4     
02651056 31/01/2020 1000 18      
02651056 01/02/2020 1000 0       
02651056 02/02/2020 1000 0       
02651056 03/02/2020 1000 3.2     
02651056 04/02/2020 1000 0       
02651056 05/02/2020 1000 0       
02651056 06/02/2020 1000 0       
02651056 07/02/2020 1000 0       
02651056 08/02/2020 1000 2       
02651056 09/02/2020 1000 0       
02651056 10/02/2020 1000 5       
02651056 11/02/2020 1000 0       
02651056 12/02/2020 1000 0       
02651056 13/02/2020 1000 0       
02651056 14/02/2020 1000 0       
02651056 15/02/2020 1000 0       
02651056 16/02/2020 1000 0       
02651056 17/02/2020 1000 0       
02651056 18/02/2020 1000 0       
02651056 19/02/2020 1000 0       
02651056 20/02/2020 1000 0       
02651056 21/02/2020 1000 0       
02651056 22/02/2020 1000 0       
02651056 23/02/2020 1000 0       
02651056 24/02/2020 1000 0       
02651056 25/02/2020 1000 19.6    
02651056 26/02/2020 1000 71      
02651056 27/02/2020 1000 1       
02651056 28/02/2020 1000 0       
02651056 29/02/2020 1000 0       
02651056 01/03/2020 1000 0       
02651056 02/03/2020 1000 0       
