ONS-Operador Nacional Do Sistema Eletrico
Modelo Computacional SMAP
Versao: 2.0.4 Data: 14/05/2019

Iniciando execucao: 25-03-2020 12:56:10

Parametros
   Amplitude inicial: 0.5
   dm alvo: 0 (nao e necessario multiplicar por 100)
   Limite de iteracoes: 10000
   Particulas: 24
   Pulso inicial: 0.1
   Uso de pesos: on
   Gerar graficos: off
   Semente: 9952

Sub bacia: QM
cef: 0.99804689
*dm: 0.0060194548
ebin: 36.888
mape: 0.0056937866
somacoef: 1.9923531
supin: 16.867891
Iteracoes: 10000
Iteracao otima: 9639
Tempo: 7.476 s

Qcal
[34](0,0,0,53.755891,52.935104,53.368807,53.985885,54.809655,54.260446,54.826621,54.675593,54.961397,55.311207,57.044525,59.74082,102.40063,105.55996,116.70714,109.94202,103.04102,95.568911,89.843385,84.196339,79.309093,75.073175,71.392402,68.182809,65.371851,62.897304,65.679741,63.573094,62.280172,62.343474,93.756765)
Rsolo
[34](0,0,156.44355,154.67461,154.72924,154.99019,155.46706,154.14584,154.38175,153.67523,153.76451,153.89773,155.53687,157.92263,175.07572,177.7367,182.9669,178.68242,173.91405,167.30506,163.02984,156.73976,151.41558,146.8636,142.93885,139.53051,136.55228,133.93594,139.82875,138.74582,138.83278,140.90513,158.96282,153.30389)
Rsub
[34](0,0,130.05007,131.89448,133.49573,135.09361,136.71491,138.38772,139.87844,141.38983,142.80063,144.21366,145.63455,147.25834,149.18738,153.62052,158.45386,164.12935,169.04919,173.16882,176.25207,178.69634,180.26284,181.135,181.44955,181.31057,180.79877,179.97768,178.89806,178.434,177.85732,177.29361,176.95667,178.83247)
Rsup
[34](0,0,2.4361651,2.2420643,2.2391061,2.26277,2.3153265,2.1674785,2.1881804,2.104453,2.0879362,2.0805722,2.2727008,2.5955966,8.6777651,8.9524493,10.364392,9.1548311,7.9566017,6.7086701,5.7554464,4.8397342,4.0697152,3.4222089,2.8777232,2.4198671,2.0348576,1.7111044,2.157189,1.8719444,1.7088369,1.7410717,6.2917765,5.2907323)
Peso chuva 
[34](2,0.62784958,1.0828315,0.84607457,0.66127339,0.84893836,0.8452782,2,1.1819987,1.607945,1.1026934,0.5,1.9591212,1.8370689,0.91985165,0.90983464,0.77008652,0.66173823,0.55259099,0.5,1.3588472,0.75613084,0.5,0.64106446,1.867558,1.7295144,0.60265078,0.5,1.2048343,2,2,0.97694173,0.99640817,1)
Previsao PMEDIA_ORIG
[13] (1.5,0.7,0.4,0.1,0.2,0.3,0.4,0.5,1.6,3.6,4.4,2.1,1.3166667)


Sub bacia: RB-SMAP
cef: 0.99260126
*dm: 0.017725431
ebin: 75.082164
mape: 0.016107438
somacoef: 1.9764938
supin: 149.39691
Iteracoes: 10000
Iteracao otima: 9539
Tempo: 10.782 s

Qcal
[34](0,0,0,224.47908,194.95247,191.02822,204.54595,183.32282,194.90771,234.51143,260.83895,331.00718,451.47919,546.24638,581.79332,524.36415,450.36764,386.45982,333.34113,290.88374,256.99613,229.89598,208.13935,190.67242,176.58164,165.15943,155.84381,148.17872,141.8025,138.88371,195.17417,259.61706,295.75837,327.36025)
Rsolo
[34](0,0,100.8492,96.51887,98.088169,101.53724,98.979253,101.79307,106.89659,110.39068,117.18454,124.57725,129.30915,131.00131,128.01321,122.6336,117.16075,111.55107,106.49643,102.05282,97.857784,94.768203,91.866796,89.30171,87.013405,84.832875,82.729813,81.135401,81.288205,91.34208,101.15139,107.68672,112.87571,106.91834)
Rsub
[34](0,0,79.120488,80.483983,81.341032,82.367408,83.789336,84.899614,86.333773,88.399548,90.919468,94.402471,99.031621,104.43344,110.09479,115.19001,119.34791,122.61846,125.04817,126.77731,127.93525,128.59322,128.90664,128.91591,128.6721,128.21535,127.56695,126.74416,125.813,124.88868,124.87465,125.93802,127.81685,130.39565)
Rsup
[34](0,0,5.6065158,4.4498945,4.272105,4.7428422,3.89575,4.290964,5.7261253,6.6405684,9.1840777,13.581072,16.972608,18.11423,15.757435,12.799068,10.252685,8.1427936,6.4629396,5.1296385,4.0713968,3.2314898,2.5648351,2.035711,1.6157449,1.2824176,1.0178555,0.80787245,0.73149766,2.876864,5.2957538,6.6141832,7.7332185,6.1378596)
Peso chuva 
[34](2,0.5,0.70932925,0.5,2,2,0.53901678,1.0561996,1.1645214,1.1739001,1.033092,1.2136279,1.0956761,0.96636927,0.52788168,0.5,0.5,0.5,0.5,0.5,0.5,1.7768524,1.9719594,1.7323887,1.9953543,1.1139694,0.60664759,1.999441,2,1.9430054,1.3720335,1.0646231,1.0019797,1)
Previsao PMEDIA_ORIG
[13] (0.7,0,0.1,0.1,0.2,0.6,2.2,3.9,5.3,3.5,2.7,1.5,1.7333333)


Sub bacia: SFR2
cef: 0.91563382
*dm: 0.1190196
ebin: 104.536
mape: 0.08395245
somacoef: 1.8316814
supin: 214.0633
Iteracoes: 10000
Iteracao otima: 9695
Tempo: 11.006 s

Qcal
[34](0,0,0,318.5993,291.25195,267.18458,256.69137,236.75254,224.5443,441.89442,451.0146,562.06701,841.32767,1046.7278,966.35711,1025.9607,1164.891,1055.6515,1116.5595,1003.2688,903.91562,817.51076,741.91425,672.23197,610.98103,557.15813,509.90028,468.3752,431.86337,399.75908,371.52154,407.00482,481.85216,629.43363)
Rsolo
[34](0,0,52.249903,49.637991,47.163146,46.547344,44.32279,43.432456,57.084529,59.750342,68.211929,80.578114,88.996696,86.261774,89.880316,94.805323,90.045955,93.042121,87.282518,82.278856,77.996518,74.214206,69.948342,66.025412,62.295265,58.854092,55.705112,53.016271,50.58036,48.384511,53.086375,60.092183,69.707807,65.098265)
Rsub
[34](0,0,38.733667,38.868178,38.888896,38.811457,38.71157,38.533634,38.327477,38.699108,39.210902,40.238857,42.199771,44.908858,47.338018,50.093137,53.325713,56.050604,59.054463,61.469287,63.411698,64.978677,66.236624,67.174082,67.841065,68.272645,68.505804,68.573213,68.51113,68.341456,68.082814,68.02777,68.331099,69.235548)
Rsup
[34](0,0,4.7534635,4.1381303,3.6024517,3.3740816,2.9373087,2.6768777,7.5156828,7.6959325,10.131277,16.2709,20.714473,18.767414,19.945385,22.865338,20.245852,21.435063,18.739323,16.388378,14.353273,12.580677,10.957932,9.5416188,8.3064616,7.2311949,6.2951208,5.4803039,4.7711205,4.1542498,4.9576875,6.6230373,9.8820347,8.6028109)
Peso chuva 
[34](1.9589036,2,1.7175966,0.5,0.5,2,0.5,2,1.4463336,0.57308629,2,1.0282794,1.664425,0.5,1.3140883,1.8172568,0.5,1.9974083,0.5,0.5,0.5,0.5,0.5,0.5,0.5,0.5,2,0.63958992,1.7873199,0.86422912,1.6917256,1.6113048,0.99882134,1)
Previsao PMEDIA_ORIG
[13] (1.8,0.6,0.6,0.3,0.3,0.7,0.7,0.6,1,2.3,3.2,1.8,1.1583333)


Sub bacia: SRM2
cef: 0.95602917
*dm: 0.056564097
ebin: 251.08
mape: 0.035581776
somacoef: 1.9204474
supin: 894.73379
Iteracoes: 10000
Iteracao otima: 9243
Tempo: 10.794 s

Qcal
[34](0,0,0,1145.8138,1004.2832,989.48095,1112.7152,1593.1339,1787.004,1711.1232,1777.3082,2758.5024,3357.3933,4095.0814,4051.8536,4080.5549,4444.593,4878.9262,4926.9696,4450.0582,3881.5587,3386.9754,2998.4598,2638.2776,2334.4654,2078.1565,1861.7992,1679.0429,1524.8432,1405.9691,1318.3459,1627.8931,1928.3208,2383.4601)
Rsolo
[34](0,0,66.579894,63.851675,63.680313,66.489887,74.365424,78.707367,76.110757,77.689661,87.523749,87.943259,89.447799,84.388568,84.137009,86.954511,88.26834,85.968173,78.863549,73.040587,70.445021,69.033874,66.047083,63.026125,59.865994,56.936379,54.113716,51.840327,50.392453,49.366783,56.544419,63.76387,72.809374,69.06585)
Rsub
[34](0,0,30.449219,30.230159,30.012675,29.796755,29.582389,29.639219,32.025774,32.970979,34.764494,42.631199,50.730066,59.825872,65.429753,70.831991,78.051211,86.120654,92.567965,94.590367,93.909858,93.234244,92.563491,91.897563,91.236426,90.580046,89.928388,89.281418,88.639103,88.001408,87.368301,86.739749,86.115719,85.496179)
Rsup
[34](0,0,4.9064257,4.1402237,4.0688873,4.7544266,7.398578,8.4591282,7.9351087,8.2553054,13.554753,16.48316,20.162188,19.51385,19.417845,21.169834,23.225138,23.123712,20.216955,17.008043,14.326682,12.22674,10.281949,8.6460541,7.2704359,6.1136835,5.1409745,4.3246481,3.7018257,3.2501642,4.9762464,6.6521146,9.1761661,7.7162052)
Peso chuva 
[34](1.7678268,2,0.5,0.5,1.1031084,1.3624473,2,1.9036275,0.96147202,0.82900426,1.2257979,1.5224768,0.92155225,0.6920085,0.85035006,1.7968456,1.3102051,2,2,2,2,2,0.55088473,0.50084516,0.5,0.54001843,0.59162053,0.5,0.5,0.5,0.81066587,0.7569156,1.0018712,1)
Previsao PMEDIA_ORIG
[13] (1,0.6,0.1,0.1,0.3,0.8,1.3,1.3,2.3,3.6,2.9,1.6,1.325)


Sub bacia: TM-SMAP
cef: 0.99198204
*dm: 0.012828573
ebin: 768.852
mape: 0.010014221
somacoef: 1.9819678
supin: 686.06907
Iteracoes: 10000
Iteracao otima: 9415
Tempo: 9.018 s

Qcal
[33](0,0,1454.9211,1402.0163,1426.9505,1425.103,1422.4888,1438.2291,1501.6947,1633.4997,1664.1825,1843.5386,1914.5352,1991.7223,2037.1733,2184.2192,2125.2138,2040.4418,1935.4578,1815.8305,1705.3072,1605.6406,1519.9025,1439.2908,1366.7331,1301.0838,1241.911,1188.5137,1145.2803,1103.8925,1102.6046,1112.9349,1091.3381)
Rsolo
[33](0,23.631392,21.989278,24.497663,24.622014,24.627652,25.398835,27.387362,29.939204,28.947783,32.223029,30.955886,31.057183,30.501765,32.566625,28.104154,25.674219,23.273519,20.586112,18.727696,17.523073,16.81041,15.793779,14.831213,13.650577,12.528429,11.508401,11.107083,10.626005,12.237775,14.58327,14.550528,13.322374)
Rsub
[33](0,204.27392,203.88079,202.86003,202.8439,202.8822,202.92266,203.31001,204.6718,207.45074,209.62871,213.81086,217.13817,220.50195,223.49195,227.79095,229.33304,229.63167,228.88577,227.18455,225.3176,223.46598,221.62958,219.80827,218.00193,216.21044,214.43366,212.67149,210.9238,209.19047,207.47138,205.76643,204.07548)
Rsup
[33](0,13.729785,12.700654,13.276529,13.240771,13.185571,13.497523,14.738435,17.273576,17.67829,21.103559,22.20935,23.503414,24.159624,26.877128,25.372484,23.559852,21.436392,19.098563,17.014885,15.160955,13.584612,12.109713,10.794857,9.617124,8.5678835,7.6331164,6.90065,6.2040279,6.3088123,6.6450319,6.3412527,5.6494139)
Peso chuva 
[33](0.5,0.90403534,2,0.87253374,1.1454453,0.8732355,0.8122676,0.7059985,1.3560083,0.54428855,1.2430279,0.95213442,1.2347296,1.811975,1.8620878,2,2,2,2,0.5,2,2,2,2,0.5,0.5,0.5,1.3665706,0.5,1.2807862,0.92132493,1.0015752,1)
Previsao PMEDIA_ORIG
[13] (0.7,0.2,0.1,0,0.2,1.1,2.6,3.1,3.9,3.1,3.3,2,1.6916667)


Tempo de execucao em: 49 s

Finalizando execucao: 25-03-2020 12:56:59

