00086210 04/02/2020 1200 0       
00086210 05/02/2020 1200 0       
00086210 06/02/2020 1200 0       
00086210 07/02/2020 1200 0       
00086210 08/02/2020 1200 0       
00086210 09/02/2020 1200 0       
00086210 10/02/2020 0000 -       
00086210 11/02/2020 1200 25      
00086210 12/02/2020 1200 0       
00086210 13/02/2020 1200 0       
00086210 14/02/2020 0000 -       
00086210 15/02/2020 1200 0       
00086210 16/02/2020 1200 0       
00086210 17/02/2020 0000 -       
00086210 18/02/2020 1200 0       
00086210 19/02/2020 1200 0       
00086210 20/02/2020 1200 16      
00086210 21/02/2020 1200 0       
00086210 22/02/2020 0000 -       
00086210 23/02/2020 1200 0       
00086210 24/02/2020 0000 -       
00086210 25/02/2020 1200 8       
00086210 26/02/2020 1200 5       
00086210 27/02/2020 1200 2       
00086210 28/02/2020 1200 0       
00086210 29/02/2020 1200 0       
00086210 01/03/2020 1200 0       
00086210 02/03/2020 1200 0       
00086210 03/03/2020 1200 0       
00086210 04/03/2020 1200 0       
00086210 05/03/2020 1200 0       
00086210 06/03/2020 1200 0       
00086210 07/03/2020 1200 0       
00086210 08/03/2020 1200 0       
00086210 09/03/2020 1200 0       
00086210 10/03/2020 1200 0       
00086210 11/03/2020 1200 0       
00086210 12/03/2020 1200 0       
00086210 13/03/2020 1200 0       
00086210 14/03/2020 1200 0       
00086210 15/03/2020 1200 0       
00086210 16/03/2020 0000 -       
00086210 17/03/2020 1200 0       
00086210 18/03/2020 1200 0       
00086210 19/03/2020 1200 16      
00086210 20/03/2020 1200 13      
00086210 21/03/2020 1200 0       
00086210 22/03/2020 0000 -       
00086210 23/03/2020 1200 0       
00086210 24/03/2020 1200 0       
00086210 25/03/2020 1200 0       
00086210 26/03/2020 1200 0.0