02253016 04/02/2020 1000 0.3     
02253016 05/02/2020 1000 0       
02253016 06/02/2020 1000 5.3     
02253016 07/02/2020 1000 0       
02253016 08/02/2020 1000 4.5     
02253016 09/02/2020 1000 0.3     
02253016 10/02/2020 1000 3.3     
02253016 11/02/2020 1000 12.3    
02253016 12/02/2020 1000 0       
02253016 13/02/2020 1000 0       
02253016 14/02/2020 1000 0       
02253016 15/02/2020 1000 0       
02253016 16/02/2020 1000 0       
02253016 17/02/2020 1000 0       
02253016 18/02/2020 1000 0.3     
02253016 19/02/2020 1000 3       
02253016 20/02/2020 1000 0       
02253016 21/02/2020 1000 21.8    
02253016 22/02/2020 1000 0       
02253016 23/02/2020 1000 0       
02253016 24/02/2020 1000 0       
02253016 25/02/2020 1000 0       
02253016 26/02/2020 1000 69      
02253016 27/02/2020 1000 69      
02253016 28/02/2020 1000 0       
02253016 29/02/2020 1000 0       
02253016 01/03/2020 1000 0       
02253016 02/03/2020 1000 0       
02253016 03/03/2020 1000 0       
02253016 04/03/2020 1000 0       
02253016 05/03/2020 1000 0       
02253016 06/03/2020 1000 0       
02253016 07/03/2020 1000 0       
02253016 08/03/2020 1000 0       
02253016 09/03/2020 1000 0       
02253016 10/03/2020 1000 0       
02253016 11/03/2020 1000 0       
02253016 12/03/2020 1000 0.5     
02253016 13/03/2020 1000 0       
02253016 14/03/2020 1000 0       
02253016 15/03/2020 1000 0       
02253016 16/03/2020 1000 0       
02253016 17/03/2020 1000 0.3     
02253016 18/03/2020 1000 0.3     
02253016 19/03/2020 1000 0.5     
02253016 20/03/2020 1000 0       
02253016 21/03/2020 1000 0       
02253016 22/03/2020 1000 0       
02253016 23/03/2020 1000 0       
02253016 24/03/2020 1000 0       
02253016 25/03/2020 1000 0       
02253016 26/03/2020 1000 0.0