02451020 04/02/2020 1000 0.3     
02451020 05/02/2020 1000 0       
02451020 06/02/2020 1000 0.5     
02451020 07/02/2020 1000 0       
02451020 08/02/2020 1000 22.5    
02451020 09/02/2020 1000 0.3     
02451020 10/02/2020 1000 0       
02451020 11/02/2020 1000 0       
02451020 12/02/2020 1000 0       
02451020 13/02/2020 1000 0       
02451020 14/02/2020 1000 0       
02451020 15/02/2020 1000 0       
02451020 16/02/2020 1000 0       
02451020 17/02/2020 1000 0       
02451020 18/02/2020 1000 5.8     
02451020 19/02/2020 1000 0       
02451020 20/02/2020 1000 0       
02451020 21/02/2020 1000 0       
02451020 22/02/2020 1000 0       
02451020 23/02/2020 1000 0       
02451020 24/02/2020 1000 0       
02451020 25/02/2020 1000 0.3     
02451020 26/02/2020 1000 33.3    
02451020 27/02/2020 1000 25.8    
02451020 28/02/2020 1000 0.3     
02451020 29/02/2020 1000 0       
02451020 01/03/2020 1000 0       
02451020 02/03/2020 1000 0       
02451020 03/03/2020 1000 0       
02451020 04/03/2020 1000 0       
02451020 05/03/2020 1000 0       
02451020 06/03/2020 1000 0       
02451020 07/03/2020 1000 0       
02451020 08/03/2020 1000 8.8     
02451020 09/03/2020 1000 8.8     
02451020 10/03/2020 1000 0       
02451020 11/03/2020 1000 0       
02451020 12/03/2020 1000 0       
02451020 13/03/2020 1000 0       
02451020 14/03/2020 1000 0       
02451020 15/03/2020 1000 0       
02451020 16/03/2020 1000 0       
02451020 17/03/2020 1000 11.8    
02451020 18/03/2020 1000 0       
02451020 19/03/2020 1000 7       
02451020 20/03/2020 1000 36.3    
02451020 21/03/2020 1000 0       
02451020 22/03/2020 1000 0       
02451020 23/03/2020 1000 0       
02451020 24/03/2020 1000 0       
02451020 25/03/2020 1000 0       
02451020 26/03/2020 1000 0.07293750000093144