02454031 04/02/2020 1000 0       
02454031 05/02/2020 1000 0       
02454031 06/02/2020 1000 0       
02454031 07/02/2020 1000 0       
02454031 08/02/2020 1000 5       
02454031 09/02/2020 1000 17      
02454031 10/02/2020 1000 0       
02454031 11/02/2020 1000 6.3     
02454031 12/02/2020 1000 0.5     
02454031 13/02/2020 1000 0       
02454031 14/02/2020 1000 0       
02454031 15/02/2020 1000 0       
02454031 16/02/2020 1000 0       
02454031 17/02/2020 1000 1.8     
02454031 18/02/2020 1000 0       
02454031 19/02/2020 1000 4       
02454031 20/02/2020 1000 0       
02454031 21/02/2020 1000 0       
02454031 22/02/2020 1000 0       
02454031 23/02/2020 1000 0       
02454031 24/02/2020 1000 0       
02454031 25/02/2020 1000 0       
02454031 26/02/2020 1000 5.3     
02454031 27/02/2020 1000 4.3     
02454031 28/02/2020 1000 0       
02454031 29/02/2020 1000 0       
02454031 01/03/2020 1000 0       
02454031 02/03/2020 1000 0       
02454031 03/03/2020 1000 0.3     
02454031 04/03/2020 1000 0       
02454031 05/03/2020 1000 0       
02454031 06/03/2020 1000 0       
02454031 07/03/2020 1000 0       
02454031 08/03/2020 1000 2.8     
02454031 09/03/2020 1000 0       
02454031 10/03/2020 1000 0       
02454031 11/03/2020 1000 0       
02454031 12/03/2020 1000 0       
02454031 13/03/2020 1000 0       
02454031 14/03/2020 1000 0       
02454031 15/03/2020 1000 0       
02454031 16/03/2020 1000 0       
02454031 17/03/2020 1000 0       
02454031 18/03/2020 1000 1.8     
02454031 19/03/2020 1000 18.5    
02454031 20/03/2020 0000 -       
02454031 21/03/2020 0000 -       
02454031 22/03/2020 1000 0       
02454031 23/03/2020 1000 0       
02454031 24/03/2020 1000 0       
02454031 25/03/2020 1000 0       
02454031 26/03/2020 1000 0.0