02452009 04/02/2020 1000 0       
02452009 05/02/2020 1000 0       
02452009 06/02/2020 1000 21.5    
02452009 07/02/2020 0000 -       
02452009 08/02/2020 1000 0       
02452009 09/02/2020 1000 2.3     
02452009 10/02/2020 1000 2.8     
02452009 11/02/2020 1000 6.5     
02452009 12/02/2020 1000 0       
02452009 13/02/2020 1000 0       
02452009 14/02/2020 1000 0       
02452009 15/02/2020 1000 0       
02452009 16/02/2020 1000 0       
02452009 17/02/2020 1000 0       
02452009 18/02/2020 1000 0       
02452009 19/02/2020 1000 20      
02452009 20/02/2020 1000 8.3     
02452009 21/02/2020 1000 0       
02452009 22/02/2020 1000 0       
02452009 23/02/2020 1000 0       
02452009 24/02/2020 1000 0       
02452009 25/02/2020 1000 0       
02452009 26/02/2020 1000 64.5    
02452009 27/02/2020 1000 1.8     
02452009 28/02/2020 1000 0       
02452009 29/02/2020 1000 0       
02452009 01/03/2020 1000 0       
02452009 02/03/2020 1000 0       
02452009 03/03/2020 1000 0       
02452009 04/03/2020 1000 0       
02452009 05/03/2020 1000 0       
02452009 06/03/2020 1000 0       
02452009 07/03/2020 1000 0       
02452009 08/03/2020 1000 2       
02452009 09/03/2020 1000 0       
02452009 10/03/2020 1000 0       
02452009 11/03/2020 1000 0       
02452009 12/03/2020 1000 0       
02452009 13/03/2020 1000 0       
02452009 14/03/2020 1000 0       
02452009 15/03/2020 1000 0       
02452009 16/03/2020 1000 0       
02452009 17/03/2020 1000 0       
02452009 18/03/2020 1000 0       
02452009 19/03/2020 1000 34.5    
02452009 20/03/2020 1000 0       
02452009 21/03/2020 1000 0       
02452009 22/03/2020 1000 0       
02452009 23/03/2020 1000 0       
02452009 24/03/2020 1000 0       
02452009 25/03/2020 1000 0       
02452009 26/03/2020 1000 0.0