ONS-Operador Nacional Do Sistema Eletrico
Modelo Computacional SMAP
Versao: 3.0.0 Data: 23/09/2019

Iniciando execucao: 02-03-2020 14:32:43

Parametros
   Amplitude inicial: 0.5
   somacoef alvo: 2 (nao e necessario multiplicar por 100)
   Limite de iteracoes: 10000
   Particulas: 24
   Pulso inicial: 0.1
   Uso de pesos: on
   Gerar graficos: off
   Semente: 9952

Sub bacia: CORUMBA1
cef: 0.99815
dm: 0.0075669916
ebin: 232.57985
mape: 0.0073373614
*somacoef: 1.9908126
supin: 248.85733
Iteracoes: 10000
Iteracao otima: 9821
Tempo: 8.357 s

Qcal
[33](0,0,481.43718,424.98222,382.77246,351.17926,328.33155,311.24027,334.53854,479.6966,621.51414,639.71265,573.34624,525.20213,484.3472,496.29153,483.05099,442.13273,475.31354,477.79161,462.64082,436.19903,407.03444,427.33735,427.68299,442.71712,454.12804,535.9414,605.13496,763.92757,846.49646,777.50462,725.58743)
Rsolo
[33](0,87.6451,80.998526,75.190934,70.653071,67.237482,64.356801,66.403823,75.522812,83.796264,86.419312,82.966841,80.274871,77.424278,78.891607,78.234357,74.112997,76.784165,77.218002,75.892772,72.799951,68.879644,70.680166,70.679991,72.061474,73.146278,78.583333,83.109507,90.349215,94.309445,91.348368,88.992484,81.305707)
Rsub
[33](0,112.713,116.67811,119.45181,121.29561,122.48387,123.21993,123.60328,124.22696,126.0787,129.24274,132.84218,135.80574,138.29619,140.31421,142.54399,144.65111,146.12016,147.97267,149.8755,151.56111,152.78342,153.46634,154.3807,155.28716,156.37428,157.60394,159.6359,162.39262,166.43672,171.22764,175.38844,179.06311)
Rsup
[33](0,3.9986113,2.9600338,2.1898484,1.6210802,1.2145685,0.91554323,1.2771871,3.5888915,5.8062043,5.99371,4.8080007,3.936168,3.1971433,3.3221548,3.0354776,2.3081448,2.7925832,2.7709794,2.4644488,1.9836975,1.4745579,1.7781402,1.7533776,1.9648902,2.1121952,3.385993,4.4304164,6.8904773,8.0831004,6.8157013,5.8435481,4.3230874)
Peso chuva 
[33](2,1.7912854,1.3290573,2,1.8089634,0.5,0.5,0.5178267,0.84235135,0.91621622,1.0757869,1.0819841,2,2,2,1.6284836,0.51788366,2,1.6915217,1.5707411,2,0.58930125,1.8830282,1.4332284,1.0437898,0.90558911,1.3608313,1.3032207,1.8981056,1.6759195,0.93381915,0.81196058,1)
Previsao ETA40_LIMITES
[13] (3.2863636,5.1018182,1.9454545,2.5154545,0.43818182,0.77,1.5818182,0.34909091,0,0.70727273,1.6695455,1.6695455,1.6695455)
Previsao PMEDIA_ORIG
[13] (7.3,12,7.1,4.2,5.5,6.1,6.2,3.5,1.5,5.2,6.6,7.3,6.0416667)
Previsao PRECMEDIA_ETA40.GEFS
[13] (6.64,7.92,6.38,3.65,5.03,7.47,4.71,3.05,1.35,4.04,5.024,5.024,5.024)
Previsao PRECZERADA_ETA40
[13] (0,0,0,0,0,0,0,0,0,0,0,0,0)


Sub bacia: CORUMBAIV
cef: 0.9736516
dm: 0.029856427
ebin: 60.470663
mape: 0.014041664
*somacoef: 1.9596099
supin: 200.54274
Iteracoes: 10000
Iteracao otima: 9912
Tempo: 8.395 s

Qcal
[33](0,0,261.01341,238.462,212.74546,189.57145,186.88039,189.90812,202.38232,253.69983,330.98778,350.20864,321.26792,284.86259,252.77534,226.66603,243.98469,278.80126,281.06262,259.35535,237.56453,217.2157,201.96092,210.95787,203.29953,202.24268,227.70902,269.62884,297.40291,278.02595,256.67888,246.51308,255.87618)
Rsolo
[33](0,50.583,50.413849,46.996181,44.230638,48.857377,52.104982,55.191213,61.490682,65.962921,62.529734,54.492213,47.261996,43.16943,41.429065,51.331218,58.645017,57.068944,50.273582,45.893599,42.941936,42.078469,48.822881,47.830037,49.08768,55.03649,59.940951,60.333215,51.599517,46.437908,47.586541,52.427219,45.239117)
Rsub
[33](0,85.118031,88.871926,92.511941,94.584168,95.527019,98.386537,102.76867,108.73341,118.40964,131.04323,141.20163,146.44628,148.15433,148.22815,147.69086,151.25327,158.77728,165.30468,168.20192,169.14745,168.95309,168.45478,170.65352,172.39251,174.67641,179.9202,187.98396,196.22162,199.48661,200.37866,201.74899,205.3791)
Rsup
[33](0,13.5412,11.838391,9.9273263,8.2631476,8.0362107,8.1034789,8.7355586,11.914528,16.669051,17.360858,14.919398,12.209622,9.9610663,8.1945523,9.3897303,11.569751,11.361514,9.5826579,7.972299,6.552933,5.5322114,6.1636147,5.5410276,5.3862461,6.9962439,9.5752396,11.063799,9.3602502,7.7622134,7.032999,7.5994864,6.1979206)
Peso chuva 
[33](1.8994574,2,1.9844762,2,1.7148325,1.74706,1.1682436,0.95401474,1.0981402,1.3001758,1.0629233,0.79627084,0.5,0.5,0.5,1.6352733,1.3163673,0.95208585,0.5,0.5,0.5,0.6967356,1.7975381,1.1273817,1.2300871,1.6756017,1.4538286,1.3053781,0.5,0.5,1.2571869,2,1)
Previsao ETA40_LIMITES
[13] (4.036,3,4.552,2.872,0.372,0.358,1.204,0.74,1.544,1.564,2.0242,2.0242,2.0242)
Previsao PMEDIA_ORIG
[13] (17.8,8.2,9.9,5.9,7.3,11,4.9,3.2,3,9,10.7,6.5,8.1166667)
Previsao PRECMEDIA_ETA40.GEFS
[13] (8.7,4.96,6.48,4.52,6.85,7.73,3.27,3.33,2.4,6,5.424,5.424,5.424)
Previsao PRECZERADA_ETA40
[13] (0,0,0,0,0,0,0,0,0,0,0,0,0)


Sub bacia: EMBORCACAO
cef: 0.99069172
dm: 0.015319995
ebin: 303.61339
mape: 0.012167912
*somacoef: 1.9785238
supin: 532.54475
Iteracoes: 10000
Iteracao otima: 9970
Tempo: 8.795 s

Qcal
[33](0,0,836.15814,758.16215,683.81103,619.262,565.21736,528.25283,505.89226,502.87826,528.85027,598.83446,615.63426,604.04161,604.08702,650.21835,656.60311,686.47174,707.36683,695.50522,710.1849,683.20119,634.3324,587.86527,551.50801,543.15336,630.0895,789.38495,958.38491,1032.5915,1001.9592,957.59727,916.4914)
Rsolo
[33](0,72.8448,62.644582,57.236121,54.431642,53.23326,53.197945,54.679716,58.056757,62.259021,67.0236,66.193795,63.771629,63.720881,66.803797,65.781693,67.000444,67.107375,64.999312,66.025414,63.106605,58.4874,55.158092,54.310314,56.99292,65.365362,72.139515,74.944581,73.342854,68.82262,66.29382,65.083902,57.8381)
Rsub
[33](0,198.04778,205.82744,207.85424,207.42815,205.93586,204.4543,202.9834,201.58031,201.54335,203.41379,207.72781,211.56036,214.10483,216.60546,220.70434,224.22335,228.37497,232.55542,235.57763,239.11957,241.13386,240.99658,239.50254,237.77949,237.03795,240.2194,247.25557,256.03212,263.70955,268.59899,272.0474,274.82958)
Rsup
[33](0,14.269495,11.86003,9.7845417,8.072458,6.6856359,5.7560328,5.217304,5.1941796,5.8916155,7.6900036,7.9629437,7.4948884,7.3915847,8.5249508,8.5276583,9.1834338,9.5727782,9.0832249,9.3524217,8.4839013,7.0917239,5.85228,4.9394615,4.7863778,7.1462854,11.283909,15.523222,17.151062,16.014902,14.625383,13.382303,11.038534)
Peso chuva 
[33](1.9531392,0.66752843,0.5,0.5,0.76178581,0.5,0.5,0.5,0.5,0.79827175,1.6816617,2,2,1.0613286,1.1233137,1.3109676,1.658305,2,2,2,2,2,1.9848808,1.3600005,1.2730283,1.525005,1.1347474,1.6919448,1.5905347,1.6516856,1.0745985,1.141457,1)
Previsao ETA40_LIMITES
[13] (2.325,2.222,2.97,0.832,0.467,2.131,2.026,0.45,0.269,0.09,1.3782,1.3782,1.3782)
Previsao PMEDIA_ORIG
[13] (4.6,3.5,4.8,1.4,2.7,4.6,4.6,2.3,1.3,1.4,2.8,5.1,3.2583333)
Previsao PRECMEDIA_ETA40.GEFS
[13] (4.08,4.19,4.77,1.48,1.9,3.73,3.56,1.93,0.96,0.94,2.754,2.754,2.754)
Previsao PRECZERADA_ETA40
[13] (0,0,0,0,0,0,0,0,0,0,0,0,0)


Sub bacia: ITUMBIARA
cef: 0.99430393
dm: 0.0097541719
ebin: 226.812
mape: 0.0079182508
*somacoef: 1.9863857
supin: 782.75507
Iteracoes: 10000
Iteracao otima: 9629
Tempo: 9.011 s

Qcal
[33](0,0,1009.5671,887.79516,782.72733,698.87499,644.36597,618.13035,659.18264,773.38497,908.22837,918.76404,820.06491,733.35153,658.73211,671.15408,745.36666,738.35371,670.63552,623.5372,588.32903,638.92741,631.89121,607.67122,557.88354,538.51237,557.97357,604.15622,654.19042,667.3104,750.31498,861.19078,948.99252)
Rsolo
[33](0,76.7176,68.546961,61.964737,57.769932,56.10064,56.914002,61.912923,68.998638,74.917682,74.803254,67.245088,61.256754,56.314381,59.846346,65.811843,66.232013,60.942958,57.805889,55.85586,60.940568,61.315531,59.828472,54.867871,54.031327,56.863981,61.008254,64.629331,65.419946,69.701267,74.061952,76.555131,66.619168)
Rsub
[33](0,163.10296,169.00283,172.77514,175.07718,176.5538,177.72301,179.03025,181.28845,185.10275,190.3957,195.6299,198.9569,200.9764,202.05333,203.77822,206.73715,209.7745,211.67376,212.96237,213.89519,215.77205,217.71394,219.35209,220.08127,220.66667,221.73658,223.58523,226.17851,228.93129,232.66116,237.47387,242.93339)
Rsup
[33](0,17.521352,14.611935,12.142652,10.194027,8.927922,8.3042639,9.1824954,11.668532,14.568164,14.63924,12.26701,10.222438,8.4892791,8.7338128,10.341311,10.092227,8.4818635,7.3684859,6.5402674,7.6438357,7.4279137,6.8253217,5.6598724,5.2035666,5.6209681,6.6214262,7.6838581,7.8968157,9.66912,12.034885,13.850449,11.484297)
Peso chuva 
[33](0.89032595,1.9020947,2,2,1.0793583,1.7902499,1.7334822,1.8700172,0.85232271,0.85228139,0.93855203,0.5,0.5,0.5,0.94673425,1.8165384,2,2,2,2,0.92008464,2,1.9027494,0.5,0.71044965,1.872887,0.7167319,1.8573904,2,0.92068377,1.0770066,0.53904914,1)
Previsao ETA40_LIMITES
[13] (1.1591667,0.92583333,1.0025,0.10416667,0.195,0.45583333,0.43916667,0.19416667,0.53,0.0041666667,0.501,0.501,0.501)
Previsao PMEDIA_ORIG
[13] (3.6,3.8,2.8,1,2.2,5.4,4,2.3,0.9,1.6,5.3,7.3,3.35)
Previsao PRECMEDIA_ETA40.GEFS
[13] (2.71,2.9,2.15,0.77,1.61,3.55,2.49,1.33,0.76,1.03,1.93,1.93,1.93)
Previsao PRECZERADA_ETA40
[13] (0,0,0,0,0,0,0,0,0,0,0,0,0)


Sub bacia: NOVAPONTE
cef: 0.99903377
dm: 0.0053331439
ebin: 349.555
mape: 0.0052448852
*somacoef: 1.9937889
supin: 204.48377
Iteracoes: 10000
Iteracao otima: 9122
Tempo: 8.355 s

Qcal
[33](0,0,554.03877,506.25288,489.56023,470.48858,461.31864,531.38245,602.23988,708.85718,784.16591,743.28132,674.57191,614.89476,607.53108,688.78405,918.74939,989.09795,871.60247,763.45504,739.91166,787.37863,825.58105,743.0578,691.44896,663.89427,626.76864,594.62313,671.21445,816.68736,930.36353,1048.3008,1253.4291)
Rsolo
[33](0,56.5174,48.809687,48.705763,47.609377,47.811011,54.599119,58.738633,62.719062,63.655841,58.513982,52.808291,48.988816,51.721974,58.555299,67.282496,66.191452,55.783365,49.303712,52.926783,58.61047,60.867169,52.386392,50.599608,51.026534,48.994902,47.199955,55.202386,62.789674,65.329352,66.974513,70.464816,53.471533)
Rsub
[33](0,262.74425,266.818,267.33331,267.80305,267.83853,267.95166,271.02876,276.21642,283.64952,291.59809,296.51091,298.52939,298.88151,300.39135,305.26128,315.37769,324.69863,327.9395,328.20145,330.0392,334.71893,340.62665,342.12483,342.82407,343.70218,343.72134,343.03665,345.85177,352.81037,361.29626,370.7915,382.62026)
Rsup
[33](0,4.3863478,3.245043,2.8722659,2.4497573,2.2520422,3.7517408,5.183877,7.3228606,8.7261685,7.6223221,6.0082449,4.6705165,4.5025104,6.2023664,10.996336,12.216667,9.4302884,7.0179469,6.5054462,7.4712065,8.1571291,6.2183406,5.0685329,4.4575064,3.636071,2.9459761,4.6084638,7.648641,9.888504,12.176185,16.305382,12.062807)
Peso chuva 
[33](1.9963709,1.9805059,0.5,0.5,0.85887255,0.78509027,1.4038334,2,1.881962,2,2,2,0.96780114,0.67951474,0.6406071,1.3706586,2,0.91351419,0.5,0.74509827,0.86260505,1.3249071,0.5,1.5338336,1.7480758,0.94555946,1.2490282,1.7322912,1.3679112,0.67201889,0.59464671,0.91382969,1)
Previsao ETA40_LIMITES
[13] (3.3714286,1.9371429,0.69285714,0.40714286,0.73,2.4757143,2.3885714,0.81571429,1.7628571,1.5214286,1.6102857,1.6102857,1.6102857)
Previsao PMEDIA_ORIG
[13] (4,3,1.8,1.3,1.3,3.9,3.4,2.2,1.4,1.3,1.9,4.9,2.5333333)
Previsao PRECMEDIA_ETA40.GEFS
[13] (2.91,2.51,1.58,0.87,0.94,3.29,3.01,1.75,1.33,1.28,1.947,1.947,1.947)
Previsao PRECZERADA_ETA40
[13] (0,0,0,0,0,0,0,0,0,0,0,0,0)


Sub bacia: RVerde
cef: 0.99337282
dm: 0.010938687
ebin: 389.304
mape: 0.0087026093
*somacoef: 1.9846702
supin: 78.183391
Iteracoes: 10000
Iteracao otima: 9519
Tempo: 8.235 s

Qcal
[32](0,467.48739,459.03456,449.86196,441.6069,435.70336,440.44551,494.55206,630.28354,821.31071,939.04668,954.45607,931.55958,890.48965,901.04983,873.49692,849.32442,863.27936,826.20985,803.88926,830.13583,844.15414,811.54378,759.64802,715.65481,706.73914,722.19583,719.13622,716.80123,776.86628,922.29238,1005.3186)
Rsolo
[32](91.474918,88.294787,83.862253,79.95935,77.403934,76.288161,80.581264,89.412167,99.687426,106.59281,108.84374,108.72013,107.00223,108.4654,107.38515,106.35483,107.66523,105.22408,103.92138,105.82149,106.92749,104.51933,98.739447,94.246562,93.804298,95.385932,95.412404,95.434507,99.568186,106.87017,111.37503,104.69463)
Rsub
[32](156.5188,157.19679,157.67095,157.88082,157.87533,157.7379,157.54581,157.57576,158.11607,159.3425,161.0819,162.98912,164.87288,166.60569,168.44337,170.18145,171.8257,173.56229,175.09438,176.51544,178.07322,179.70707,181.14142,182.1376,182.81656,183.46126,184.20768,184.95065,185.68988,186.71338,188.28179,190.20574)
Rsup
[32](1.4562118,1.267364,1.0745523,0.91107423,0.80137169,0.89606393,1.9127294,4.4394207,7.9723841,10.108469,10.314898,9.8000813,8.9478608,9.0642752,8.4659523,7.9352054,8.1189515,7.348059,6.8613484,7.2843729,7.473305,6.7902269,5.7571889,4.8916395,4.6941261,4.9521491,4.8605823,4.7826725,5.8671733,8.528405,10.002158,8.4804697)
Peso chuva 
[32](1.8331468,0.5,2,2,1.0131648,1.6264771,1.5218672,1.1899618,0.73193074,0.60741477,0.63913487,1.7505812,2,1.884897,0.9059159,0.91982194,1.8515614,2,2,2,2,2,0.84548557,0.5,0.5,0.5,0.5,1.8483618,1.1924459,0.75238736,0.55960849,1)
Previsao ETA40_LIMITES
[13] (1.45,1.16625,2.335625,0.131875,0.72625,0.32625,2.205625,0.11,0.004375,0.14875,0.8605,0.8605,0.8605)
Previsao PMEDIA_ORIG
[13] (1.8,2.3,2.3,0.7,1.2,4.1,3.2,1.7,2.2,3.3,4.7,3.7,2.6)
Previsao PRECMEDIA_ETA40.GEFS
[13] (1.52,1.73,1.91,0.51,1.16,4.39,2.76,1.18,1.66,2.73,1.955,1.955,1.955)
Previsao PRECZERADA_ETA40
[13] (0,0,0,0,0,0,0,0,0,0,0,0,0)


Sub bacia: SDOFACAO
cef: 0.99394757
dm: 0.0078098952
ebin: 79.471316
mape: 0.0049358418
*somacoef: 1.9890117
supin: 560.72825
Iteracoes: 10000
Iteracao otima: 8351
Tempo: 8.963 s

Qcal
[33](0,0,640.19956,545.59062,464.46709,399.6779,370.83367,332.60043,362.77385,451.74863,454.47917,412.71087,364.72351,323.42462,292.96788,280.3037,296.90165,295.21876,299.55843,322.84676,356.20215,360.26712,330.02694,301.55861,278.44956,278.90883,287.54567,290.74433,294.59583,297.89731,300.5814,302.95337,306.60043)
Rsolo
[33](0,135.6716,128.01289,118.98693,113.45418,114.23409,112.00931,117.85289,126.08082,127.60915,124.07877,118.01973,111.84118,108.12815,108.29217,112.27421,113.38478,114.95352,118.28016,121.97176,122.53878,117.36568,111.77355,107.19144,108.42462,110.63526,111.74947,112.74734,113.48414,113.98733,114.33461,114.78856,108.15107)
Rsub
[33](0,73.880331,80.671018,86.062788,89.970004,93.037526,96.188328,99.000617,102.62502,107.50445,112.59425,117.06182,120.55327,123.12959,125.18624,127.24634,129.82386,132.53349,135.44182,138.81158,142.71644,146.67617,149.81189,152.12333,153.80536,155.63278,157.73836,159.97725,162.33444,164.77402,167.2632,169.77987,172.33923)
Rsup
[33](0,24.036232,19.667597,15.941533,12.984111,11.606228,9.8220346,10.985777,14.632657,14.524714,12.499579,10.236548,8.3052351,6.8808789,6.2431828,6.8596811,6.6686927,6.729776,7.5939525,8.8683884,8.8625847,7.3837228,6.0188085,4.9216331,4.8637615,5.1497266,5.1897525,5.251616,5.2844473,5.287015,5.2739155,5.3142072,4.3074205)
Peso chuva 
[33](0.60252959,2,2,0.51150134,2,2,1.2163332,0.75920879,0.77301711,0.61262152,0.5,0.5,0.5,0.5,0.71174706,1.3842973,1.068794,0.94843895,0.98120723,1.3753405,2,2,1.920335,0.5301238,1.2423001,0.75922849,0.77840017,1.0197574,0.81072553,1.5509115,1.3643508,0.97003525,1)
Previsao ETA40_LIMITES
[13] (3.7325,7.3075,3.455,3.3,0.4625,2.13,1.0175,0.1225,0,0,2.15275,2.15275,2.15275)
Previsao PMEDIA_ORIG
[13] (7.5,12.1,8.3,4.6,3.9,7.3,4.5,4.8,1.3,3.5,5,8.2,5.9166667)
Previsao PRECMEDIA_ETA40.GEFS
[13] (4.89,8.34,6.85,2.46,2.47,5.88,3,2.41,0.77,2.33,3.94,3.94,3.94)
Previsao PRECZERADA_ETA40
[13] (0,0,0,0,0,0,0,0,0,0,0,0,0)


Sub bacia: SSIMAO2
cef: 0.99710661
dm: 0.008034399
ebin: 348.14298
mape: 0.0074953235
*somacoef: 1.9896113
supin: 391.88217
Iteracoes: 10000
Iteracao otima: 9285
Tempo: 9.235 s

Qcal
[34](0,0,0,740.02515,684.37734,637.17705,608.60434,606.56395,590.45578,669.56357,981.77158,1091.349,1132.9679,1166.9775,1102.315,1090.7186,1251.9262,1174.0715,1073.9914,988.37735,915.00326,1074.5389,1097.0767,1053.8674,977.10465,945.85412,931.45165,974.58324,1067.1568,1153.4067,1192.2785,1402.5226,1557.6358,1716.7345)
Rsolo
[34](0,0,49.156875,45.761262,44.076471,43.742437,45.420966,45.035574,50.964696,61.831263,62.006778,60.192716,59.424081,54.07341,54.516503,60.951642,54.221687,49.032008,46.411109,44.864863,55.139513,56.186124,53.040324,48.694602,48.910161,49.899366,53.49021,57.511029,59.458251,58.842931,69.385054,72.421491,60.562356,51.270159)
Rsub
[34](0,0,154.18727,155.38036,155.37422,154.83436,154.19558,154.08348,153.84814,155.74302,162.78536,169.89457,175.99603,181.67109,184.75793,188.02916,194.45769,197.55636,198.51981,198.54802,198.07098,201.56821,205.53667,208.07303,208.86696,209.73732,210.97834,213.68583,218.23996,223.75449,228.93059,240.20333,253.47392,259.41844)
Rsup
[34](0,0,4.9168499,4.1848507,3.5928141,3.2496135,3.2421096,3.0431799,4.0423933,7.9059096,9.0812438,9.4020246,9.6558831,8.6838068,8.4508609,10.38082,9.2218779,7.8784133,6.7769408,5.8555349,7.8707043,8.0544046,7.3998434,6.3648663,5.9502817,5.7449203,6.2509244,7.3357207,8.2888603,8.6203496,14.571032,16.83333,10.36478,8.8217171)
Peso chuva 
[34](0.5,2,1.8135045,0.5,1.6670743,2,0.9431571,1.8270382,0.91445424,0.76909474,0.73859515,1.554324,2,0.83404925,1.3343115,1.7866406,2,0.63791777,0.5,1.1024124,1.2173716,1.4711411,1.8963614,0.5,0.91040544,0.5,0.657638,1.7682695,1.9099003,1.1348524,1.6685046,1.9388199,1.0563572,1)
Previsao ETA40_LIMITES
[13] (3.4748,0.3492,0.6744,0.1952,0.4628,0.284,0.5152,0.24,0.3196,0.2368,0.6752,0.6752,0.6752)
Previsao PMEDIA_ORIG
[13] (4.1,2.4,1.6,0.9,1.6,4.2,3.3,1.7,1.6,1.7,4.3,4.8,2.6833333)
Previsao PRECMEDIA_ETA40.GEFS
[13] (3.43,2.28,1.91,0.7,1.49,3.35,2.42,1.51,1.82,1.51,2.042,2.042,2.042)
Previsao PRECZERADA_ETA40
[13] (0,0,0,0,0,0,0,0,0,0,0,0,0)


Tempo de execucao em: 70 s

Finalizando execucao: 02-03-2020 14:33:53

